256
256000
2 3 4 3
7
0 1 2 220 2 2
93 55
1 1 8 190 7 7
104 176 66 6 191 238 67 137
2 1 6 130 5 5
132 59 207 148 105 0
3 1 3 140 3 3
155 8 100
4 1 5 150 3 5
238 134 47 156 133
5 1 3 300 3 3
224 80 226
6 1 8 270 4 4
15 204 50 248 74 100 34 23
1600 2400 3 2 140 0 130 0 
1900 2280 1 2 0 91 104 50 
1700 2040 3 1 120 0 150 0 
1000 1300 1 2 0 100 0 120 
1200 1560 1 2 0 70 104 60 
2000 3000 3 1 130 130 0 0 
3000 4200 3 1 0 140 0 100 
1200 1800 3 1 60 75 70 65 
3000 3600 2 1 120 0 150 0 
2800 3920 2 2 0 150 0 100 
1000 1100 3 1 100 0 120 0 
2100 2520 2 2 140 140 0 0 
1200 1440 2 2 0 0 130 110 
1700 2550 1 1 100 140 0 0 
2000 2400 2 1 104 105 55 0 
1400 1680 1 1 75 70 50 70 
1400 1540 2 2 120 0 110 0 
1200 1800 1 1 120 105 60 0 
2300 2990 1 1 0 100 0 140 
1100 1650 3 2 0 0 140 100 
1200 1440 3 1 0 130 0 120 
1800 1980 3 1 0 0 140 110 
2900 3190 1 1 0 150 0 120 
1400 1540 3 2 100 120 0 0 
2100 2730 1 1 75 75 75 75 
2000 2200 2 1 120 70 75 0 
1000 1400 3 2 130 120 0 0 
1500 1800 1 1 0 0 140 110 
1700 1870 3 2 100 0 140 0 
1800 1980 2 1 110 150 0 0 
2800 3640 2 2 112 98 75 0 
1600 1760 3 1 120 98 65 0 
1600 1760 1 1 150 140 0 0 
1300 1560 1 2 110 0 120 0 
2500 3250 2 2 0 84 88 75 
2000 2200 3 1 0 0 130 110 
1800 1980 1 2 0 84 88 70 
2600 3900 3 2 110 0 130 0 
1700 2550 2 1 0 100 0 130 
1100 1650 3 1 0 0 140 120 
1300 1950 2 1 140 0 100 0 
1100 1430 2 2 0 120 0 110 
2000 2600 3 2 70 50 60 65 
2900 4350 1 1 55 65 70 55 
2100 3150 1 1 0 140 0 150 
2700 3510 1 2 150 110 0 0 
2600 3900 3 2 130 0 150 0 
1200 1800 1 1 0 0 110 130 
2000 2400 3 1 110 100 0 0 
2200 2860 1 2 88 70 75 0 
2200 2640 1 2 50 70 50 50 
2100 2730 2 1 50 50 65 55 
1200 1320 2 2 0 98 112 65 
2100 2310 1 2 130 100 0 0 
1300 1690 2 2 0 105 80 60 
1000 1300 1 2 0 110 0 130 
3000 4500 2 1 0 77 112 55 
2300 3220 3 2 0 0 130 120 
1300 1560 2 2 0 91 96 75 
1000 1200 1 1 0 140 0 150 
1800 2340 2 1 0 140 0 120 
2100 3150 3 1 0 105 88 60 
2800 3640 2 2 80 77 50 0 
1700 2380 3 2 0 105 96 75 
2800 3920 1 1 110 140 0 0 
2400 3360 3 2 55 50 65 55 
3000 3300 2 2 0 0 120 150 
1200 1800 2 2 0 0 110 120 
1100 1430 2 2 0 0 150 140 
1100 1210 1 2 112 105 60 0 
1400 1680 2 1 130 130 0 0 
2300 2760 2 1 130 0 130 0 
2700 3780 3 2 0 0 150 110 
1000 1100 2 1 0 0 130 120 
2500 3250 1 2 130 150 0 0 
2000 2400 3 1 55 60 65 70 
3000 4200 3 1 0 0 140 110 
1000 1100 2 1 100 120 0 0 
2500 3750 1 1 0 140 0 130 
1300 1560 1 2 120 120 0 0 
1500 1950 2 1 0 0 150 110 
1400 2100 2 2 0 110 0 130 
2100 2940 2 1 0 0 130 150 
2000 2200 2 1 0 0 110 100 
2400 2880 3 1 0 77 104 65 
2800 3640 3 1 112 91 60 0 
1500 2250 2 1 0 105 120 75 
3000 4500 2 2 0 130 0 120 
1200 1560 3 1 0 77 96 55 
1600 1920 1 2 0 110 0 150 
1400 1820 3 1 100 150 0 0 
2000 3000 1 2 130 100 0 0 
2900 4350 2 2 120 91 65 0 
1700 2040 1 2 120 105 70 0 
1900 2280 3 2 0 70 112 55 
3000 3600 2 2 0 70 96 65 
1300 1820 2 2 55 65 75 60 
1500 2100 2 2 120 150 0 0 
1500 2100 3 1 120 0 140 0 
2300 2760 1 1 96 91 70 0 
1000 1300 3 1 120 150 0 0 
1300 1690 1 1 0 130 0 150 
1200 1560 1 2 0 105 88 55 
2600 3120 2 2 104 70 60 0 
1700 2040 2 2 150 120 0 0 
1600 1920 1 2 0 0 130 100 
2600 3640 3 1 120 0 130 0 
1900 2090 2 1 120 0 130 0 
1400 1540 1 2 80 105 65 0 
1800 1980 2 1 130 120 0 0 
2700 3780 3 1 0 0 110 140 
1700 2380 1 2 55 60 60 55 
1100 1430 1 2 0 98 104 70 
2300 3450 1 1 0 98 80 55 
1600 2400 2 2 0 0 150 140 
1200 1680 1 1 120 84 70 0 
1200 1800 1 2 140 0 100 0 
1300 1820 1 2 104 70 60 0 
1000 1300 1 2 65 75 75 75 
2500 3000 3 2 0 130 0 150 
2700 2970 3 1 140 0 110 0 
1000 1200 2 1 120 0 120 0 
2200 2860 3 2 0 130 0 130 
2800 3080 3 1 50 70 75 75 
1100 1540 3 1 0 0 120 110 
1400 1820 3 2 88 98 50 0 
1100 1320 1 1 150 0 150 0 
1000 1100 1 2 0 91 120 65 
2600 3900 1 2 65 60 50 75 
2800 3920 1 1 0 130 0 120 
1500 2100 3 1 80 105 65 0 
2300 2530 3 1 88 91 70 0 
1500 1950 1 2 120 0 150 0 
1000 1100 1 2 140 140 0 0 
2300 2990 1 1 0 120 0 100 
1300 1820 2 2 88 98 50 0 
1300 1560 3 2 104 77 55 0 
1400 1680 1 2 0 98 104 50 
3000 4500 1 1 104 84 50 0 
1900 2470 3 1 130 0 130 0 
1000 1200 2 2 0 0 120 100 
1500 1950 1 2 70 70 75 65 
1900 2850 2 2 0 77 120 70 
2300 2990 3 2 110 0 120 0 
2200 3300 2 1 100 0 130 0 
1600 2240 3 1 150 0 120 0 
2400 3120 3 2 0 140 0 150 
2400 3120 1 1 104 91 65 0 
1000 1300 3 1 75 70 75 70 
1300 1560 1 2 65 75 75 75 
2700 4050 3 1 0 77 120 60 
2800 4200 2 2 50 65 75 70 
1700 2040 2 2 110 0 140 0 
1100 1430 3 1 0 0 150 130 
1200 1800 1 2 120 0 110 0 
1000 1100 2 2 50 75 65 65 
3000 3600 1 2 0 100 0 110 
1200 1560 2 2 150 0 100 0 
1800 2520 1 1 130 0 110 0 
2100 2520 2 1 65 60 70 65 
2500 3750 2 2 96 105 50 0 
1100 1540 2 1 120 110 0 0 
2400 3120 1 1 100 130 0 0 
2300 2990 1 2 0 70 96 75 
1500 1800 3 2 0 0 140 110 
2900 4060 2 1 130 120 0 0 
2800 4200 2 1 50 55 60 55 
2500 2750 1 2 112 91 75 0 
2600 2860 3 2 120 0 150 0 
1000 1500 1 2 120 150 0 0 
1300 1560 2 2 100 0 100 0 
2700 3240 3 2 0 98 80 50 
1500 2100 1 2 150 140 0 0 
2500 3250 3 1 88 84 55 0 
2800 3640 2 2 150 0 130 0 
2800 3920 1 1 0 130 0 100 
1400 2100 1 1 110 150 0 0 
1300 1430 1 2 104 91 50 0 
1000 1300 3 1 140 100 0 0 
2300 2760 2 1 110 0 100 0 
2200 2640 3 2 140 120 0 0 
2300 3220 2 1 0 0 100 110 
2100 2730 3 1 150 120 0 0 
2100 2940 2 2 0 77 112 55 
1300 1820 3 1 0 150 0 150 
1800 2340 2 2 50 55 75 70 
1400 1820 3 2 0 0 100 110 
2900 4350 2 1 0 70 80 60 
1400 1540 3 2 120 70 70 0 
2100 3150 3 2 112 98 55 0 
1100 1540 3 1 104 70 70 0 
2400 3120 3 2 50 60 75 70 
2400 2640 3 2 150 100 0 0 
1100 1320 2 2 140 0 100 0 
2500 3500 3 2 140 0 110 0 
1800 1980 2 2 60 65 55 75 
1600 2080 1 1 0 0 140 100 
2000 2200 3 2 0 0 100 120 
1600 1760 2 1 0 130 0 100 
2300 3220 3 1 110 0 140 0 
1300 1560 3 1 96 91 65 0 
1700 2210 3 2 0 0 130 140 
2400 2640 2 2 0 140 0 130 
2200 2640 2 2 120 140 0 0 
1400 1960 1 1 55 65 75 70 
1800 2160 1 1 110 0 100 0 
2700 2970 1 1 0 0 110 140 
2000 2200 1 2 130 0 150 0 
2300 3220 1 1 80 91 55 0 
2500 3500 1 1 60 75 65 75 
1700 2550 1 2 55 55 70 60 
2100 2940 3 2 0 100 0 130 
2000 2400 1 2 0 0 130 140 
1800 2700 3 1 150 0 130 0 
1900 2090 1 1 88 91 60 0 
2000 2400 2 2 0 140 0 150 
2200 2420 3 1 0 105 120 75 
2500 2750 3 1 0 70 120 65 
2600 3900 3 2 0 77 80 55 
1200 1320 2 1 112 84 55 0 
2000 2800 3 2 0 0 140 130 
1700 2210 3 2 0 110 0 130 
1500 1800 3 2 140 120 0 0 
1800 2700 3 2 0 77 112 60 
2600 3900 3 2 100 0 150 0 
2000 2600 2 1 96 77 50 0 
2600 3900 1 2 96 105 60 0 
3000 4200 2 1 140 130 0 0 
1200 1800 1 1 130 0 150 0 
1100 1540 2 2 100 0 110 0 
1300 1690 2 2 60 65 65 50 
1600 1920 2 2 96 84 65 0 
3000 3600 2 2 0 70 104 60 
1900 2660 1 2 0 0 100 120 
1400 1960 1 1 70 65 75 55 
3000 4500 3 1 0 0 150 130 
1100 1320 3 1 130 100 0 0 
1400 1960 3 1 150 0 120 0 
1600 2080 1 2 88 70 60 0 
1400 1820 2 1 0 0 130 140 
2300 2530 3 1 0 0 140 120 
1100 1540 3 1 0 105 112 50 
2200 2860 1 1 88 70 55 0 
2400 3600 1 1 100 120 0 0 
1800 2160 1 1 0 0 120 110 
2000 2800 2 1 100 150 0 0 
1200 1440 3 2 88 84 55 0 
2500 2750 1 1 0 120 0 120 
2400 3360 1 1 0 130 0 120 
3000 3300 3 1 96 70 55 0 
1800 1980 3 1 0 100 0 140 
2700 3780 1 1 0 0 130 120 
2000 2200 1 1 112 77 50 0 
1400 1820 3 2 110 0 150 0 
1900 2090 2 2 130 0 150 0 
1100 1320 1 1 130 110 0 0 
