64
64000
2 3 4 3
2
0 1 5 220 3 3
18 27 30 13 38
1 1 8 110 2 3
30 19 51 24 14 41 9 45
1400 1960 1 2 104 91 55 0 
1400 1540 2 1 88 84 70 0 
1600 1760 3 2 0 140 0 130 
2700 3780 1 1 130 0 150 0 
2000 2400 3 1 70 75 75 55 
1300 1950 1 2 0 91 96 70 
2900 3190 1 2 65 60 75 65 
1400 1960 2 2 130 110 0 0 
2200 3300 1 1 55 75 55 60 
1100 1320 1 2 0 0 100 140 
1400 1540 1 2 50 75 50 55 
1200 1800 1 2 0 105 96 70 
1400 1820 2 2 150 0 120 0 
1800 2340 3 2 80 84 65 0 
2500 2750 2 1 150 0 140 0 
2300 3220 3 1 112 98 75 0 
1500 1950 1 1 0 130 0 140 
3000 3300 2 2 96 77 75 0 
1800 2160 1 1 0 110 0 110 
2800 4200 1 1 150 150 0 0 
2700 4050 1 1 140 130 0 0 
2500 3500 3 2 88 98 75 0 
1200 1560 1 1 120 130 0 0 
2200 3300 2 2 96 84 65 0 
2600 3640 3 2 130 0 110 0 
3000 4500 1 1 0 150 0 120 
2700 2970 1 1 65 50 75 65 
2700 4050 3 2 150 0 150 0 
1500 2100 1 2 96 70 60 0 
1300 1430 2 1 150 120 0 0 
2200 3080 2 2 0 0 120 130 
1200 1440 3 1 0 105 88 65 
1800 2520 1 2 0 0 110 150 
2000 2800 1 1 120 0 100 0 
3000 3900 1 1 96 98 50 0 
2200 2420 2 1 112 70 55 0 
2700 2970 3 2 0 77 80 75 
2100 2520 3 2 96 77 55 0 
2600 3640 2 2 75 55 75 65 
2000 2600 2 1 120 120 0 0 
1600 1760 3 1 120 105 60 0 
1600 2080 3 1 0 84 104 50 
1100 1320 1 1 100 130 0 0 
1200 1560 2 1 110 0 120 0 
2200 3300 1 1 0 91 112 50 
1300 1820 3 1 0 130 0 150 
1400 1820 3 1 100 0 100 0 
1200 1680 1 2 0 98 104 75 
2400 3360 3 1 0 0 150 130 
1300 1950 2 1 100 0 120 0 
1700 1870 3 2 140 0 150 0 
1800 2700 1 2 112 91 65 0 
2500 3000 1 1 0 0 150 150 
2200 3300 2 2 104 91 70 0 
2000 3000 1 1 100 0 130 0 
2800 3640 3 2 0 0 130 150 
2800 4200 3 1 0 0 110 100 
2800 3360 3 1 0 100 0 150 
1400 1540 2 2 150 120 0 0 
1700 2210 1 2 120 0 110 0 
1700 2210 2 2 80 105 75 0 
2200 2860 1 2 100 150 0 0 
2200 2860 3 2 110 140 0 0 
1700 2210 3 1 0 100 0 130 
