512
512000
2 3 4 3
33
0 1 8 120 8 8
117 363 30 134 52 40 1 339
1 1 3 270 2 2
105 84 327
2 1 4 290 3 3
353 153 458 129
3 1 2 150 2 2
136 12
4 1 3 230 3 3
502 228 430
5 1 3 210 2 2
445 503 336
6 1 2 130 2 2
323 21
7 1 8 210 8 8
226 377 495 310 41 274 340 231
8 1 6 170 2 3
13 296 141 42 1 487
9 1 7 220 7 7
332 448 324 309 363 377 413
10 1 2 300 2 2
246 117
11 1 4 240 3 4
293 425 158 48
12 1 5 120 2 4
90 289 301 425 496
13 1 5 250 4 4
62 120 437 358 473
14 1 8 100 5 5
260 212 456 410 417 416 311 176
15 1 8 110 7 7
479 448 496 216 153 84 150 231
16 1 8 190 4 5
510 292 405 40 342 319 439 4
17 1 3 140 3 3
29 218 406
18 1 8 220 5 7
434 325 482 114 9 267 198 239
19 1 7 280 6 7
169 463 343 47 181 132 147
20 1 5 280 5 5
345 89 247 492 504
21 1 3 210 2 3
242 176 167
22 1 6 190 3 3
266 382 303 50 400 413
23 1 7 250 7 7
419 455 100 257 35 160 114
24 1 8 260 2 8
116 395 125 459 289 477 159 225
25 1 4 150 4 4
192 68 21 421
26 1 5 230 3 3
168 432 363 181 51
27 1 7 240 7 7
195 345 451 155 103 159 215
28 1 6 170 2 5
181 440 126 196 117 422
29 1 3 280 3 3
78 136 478
30 1 5 170 5 5
164 437 269 24 341
31 1 4 100 2 3
327 34 204 196
32 1 8 150 4 5
98 470 387 352 409 505 156 381
2500 3250 3 1 0 110 0 140 
1200 1800 3 2 0 98 80 55 
1400 1960 1 1 88 77 75 0 
2800 3360 1 2 0 77 104 55 
2400 2880 2 1 70 70 75 50 
1400 1960 3 1 110 110 0 0 
1900 2090 1 1 0 105 88 55 
1900 2470 1 2 50 60 55 60 
2600 3640 2 1 0 0 150 130 
2900 3770 1 2 70 55 65 70 
3000 3900 2 2 0 0 140 130 
3000 3900 3 2 100 110 0 0 
1400 1960 3 1 130 0 150 0 
1000 1200 3 2 0 0 130 100 
2700 3510 3 1 96 77 55 0 
2000 2200 3 1 0 91 112 75 
2000 3000 3 1 0 105 120 55 
1300 1950 3 2 0 100 0 100 
3000 4500 1 2 0 0 150 130 
1900 2090 3 2 100 140 0 0 
2400 2640 3 1 96 77 55 0 
1000 1200 2 2 130 0 140 0 
2900 3480 1 1 0 70 96 75 
2300 2760 3 1 112 77 50 0 
1400 1680 1 2 88 84 75 0 
1900 2090 3 1 100 150 0 0 
2100 2520 1 1 0 110 0 120 
2800 4200 2 1 0 120 0 120 
2000 2600 1 1 0 120 0 110 
2100 2940 3 1 96 77 65 0 
1000 1200 2 2 130 0 100 0 
2500 3250 3 1 0 140 0 110 
1000 1300 1 1 130 140 0 0 
2400 2640 2 2 96 98 60 0 
1600 2400 2 1 0 0 100 100 
2000 3000 2 2 110 120 0 0 
2800 3640 2 2 130 0 140 0 
1800 2700 1 2 0 130 0 110 
1000 1500 2 1 150 110 0 0 
1600 1920 2 1 120 70 70 0 
1900 2850 1 2 0 0 140 130 
1600 2240 1 2 120 105 50 0 
1700 2380 3 2 50 70 65 60 
1900 2660 2 1 0 70 88 60 
1200 1440 2 2 110 0 100 0 
1000 1400 2 1 130 0 150 0 
2400 2640 2 1 0 140 0 140 
2400 2640 2 1 0 100 0 120 
2300 2990 3 1 110 120 0 0 
2200 2640 3 1 0 105 112 75 
2400 3360 1 2 120 105 60 0 
1900 2660 3 1 0 77 96 50 
1100 1650 2 1 0 0 130 130 
2100 2520 3 1 140 110 0 0 
1000 1500 2 1 0 140 0 100 
2100 2730 2 1 0 0 130 150 
1600 1760 1 2 140 0 120 0 
1100 1430 1 2 55 70 75 70 
1000 1200 3 2 112 91 55 0 
1000 1400 2 1 112 91 75 0 
2300 3220 2 1 110 140 0 0 
2100 2520 3 1 55 70 65 60 
1000 1500 2 1 0 0 100 130 
2900 3190 2 1 55 55 55 75 
2800 3360 1 1 110 0 140 0 
1200 1560 3 1 112 98 50 0 
2000 2600 3 2 130 0 140 0 
2400 3360 3 1 0 0 130 140 
1800 2700 3 1 80 105 70 0 
2600 2860 2 2 120 110 0 0 
2300 3220 2 2 0 0 110 120 
1300 1820 1 1 80 77 65 0 
1700 2380 2 2 112 77 70 0 
2200 2640 3 2 96 98 70 0 
3000 3600 1 1 120 100 0 0 
2300 3450 3 2 0 0 140 150 
2900 3770 1 2 100 130 0 0 
1300 1560 3 1 0 84 80 60 
1300 1690 3 1 0 110 0 140 
1900 2850 2 2 110 140 0 0 
3000 4500 1 1 110 140 0 0 
1100 1540 3 2 0 140 0 130 
1400 1820 2 2 140 0 120 0 
1000 1100 2 2 150 100 0 0 
1000 1100 1 1 65 65 75 75 
1300 1950 1 1 100 0 120 0 
1700 1870 3 2 0 0 120 130 
2700 3780 1 1 0 70 96 50 
2200 2420 3 1 0 120 0 140 
2600 3900 2 2 0 0 100 140 
1800 2520 2 2 0 0 130 120 
2800 3360 1 1 0 0 100 130 
1700 2210 3 2 0 0 100 130 
1700 2210 2 1 120 0 150 0 
2500 3000 3 1 0 140 0 120 
2600 3900 2 2 0 120 0 100 
2200 2860 3 2 0 0 110 130 
2400 3360 3 2 0 98 104 75 
2300 2760 1 1 120 77 50 0 
1400 1960 1 2 70 70 50 75 
2900 4060 2 2 150 0 140 0 
1600 2080 1 2 80 77 55 0 
2800 4200 3 1 0 0 140 120 
2400 2640 1 2 0 84 104 75 
2100 2730 2 2 104 70 60 0 
2200 2640 3 2 0 140 0 140 
1300 1430 1 2 100 0 140 0 
2700 4050 3 2 130 140 0 0 
1300 1560 2 2 0 0 110 130 
1500 1800 2 2 110 130 0 0 
1700 1870 1 1 0 0 110 120 
1300 1690 1 2 65 55 75 60 
2200 3080 1 2 0 0 140 120 
2100 3150 2 1 112 105 70 0 
2000 2800 2 1 120 84 65 0 
3000 4200 1 1 110 0 110 0 
2200 2860 2 2 140 0 140 0 
1400 1820 2 2 100 150 0 0 
2200 3080 2 2 80 98 70 0 
2600 2860 1 2 150 120 0 0 
2600 3640 1 2 0 0 130 120 
2200 3300 1 1 130 140 0 0 
2300 2760 2 2 112 84 65 0 
2600 3120 2 1 0 0 100 150 
1200 1560 1 1 120 150 0 0 
1300 1950 2 1 0 0 100 130 
3000 4200 3 2 0 0 150 140 
2300 2530 3 2 0 91 80 55 
1300 1690 1 1 120 150 0 0 
1500 1650 1 2 112 70 50 0 
1600 2240 3 1 96 77 50 0 
2800 3640 2 1 60 55 55 55 
3000 3600 3 2 80 77 55 0 
2700 3510 3 2 130 100 0 0 
2800 3640 1 2 100 0 150 0 
2700 2970 1 1 110 150 0 0 
2000 2400 2 1 120 0 140 0 
3000 4500 1 1 88 70 55 0 
2500 2750 3 1 0 140 0 130 
2100 3150 3 1 100 110 0 0 
1600 2400 2 1 0 0 100 130 
1500 2100 3 1 0 150 0 100 
1200 1440 2 1 96 105 75 0 
1700 1870 2 1 0 120 0 150 
2700 2970 2 2 0 130 0 130 
1000 1100 1 2 100 0 100 0 
2600 3120 1 2 112 77 50 0 
2800 3360 3 1 70 55 65 65 
1600 2400 2 1 0 70 96 70 
2600 3900 1 1 50 75 50 65 
1800 2520 3 1 120 150 0 0 
1800 2700 1 1 96 84 70 0 
2700 2970 1 2 120 0 130 0 
1900 2090 2 2 75 75 65 70 
2600 3120 2 1 0 98 96 70 
2600 3900 1 2 0 105 96 60 
2900 3190 3 2 0 0 120 100 
1100 1540 2 2 0 84 104 75 
1000 1500 2 1 120 140 0 0 
2600 3640 1 1 100 0 100 0 
2600 3640 3 2 50 75 60 60 
1000 1400 2 2 75 60 50 75 
1100 1540 2 1 0 110 0 150 
1300 1690 1 1 120 110 0 0 
2900 3480 2 1 50 75 60 50 
2900 3190 1 1 96 77 55 0 
2500 3000 1 2 0 70 96 75 
1100 1320 2 1 140 0 130 0 
1700 1870 3 1 60 65 75 60 
2400 3600 1 1 0 70 120 60 
1600 2080 3 1 0 100 0 100 
2400 3120 2 2 0 0 110 120 
2500 3500 3 2 0 0 150 130 
2900 4060 2 2 0 0 140 140 
2000 3000 3 2 0 84 112 55 
1900 2090 3 1 120 110 0 0 
1000 1200 2 2 0 140 0 120 
1400 2100 2 1 0 0 120 150 
1000 1400 1 2 0 105 120 50 
2800 3640 1 2 0 100 0 140 
2400 2640 3 2 150 0 120 0 
1400 1960 1 2 0 0 130 150 
1000 1300 3 1 0 0 110 130 
1100 1320 3 2 0 150 0 130 
2200 3080 3 1 65 50 65 75 
1300 1950 3 1 0 0 140 100 
2200 2420 2 1 0 98 120 50 
2900 4060 2 2 0 0 110 130 
1000 1100 2 1 0 0 100 120 
1400 1540 1 2 55 55 55 60 
2500 3500 3 1 150 0 120 0 
2200 2640 2 1 0 150 0 130 
1700 2380 1 1 0 150 0 110 
1300 1690 1 1 60 50 75 55 
3000 4200 3 2 0 110 0 130 
1800 2700 3 2 0 0 150 120 
1500 2250 3 1 120 84 65 0 
2500 3500 2 2 0 120 0 140 
1800 2340 1 1 60 65 65 75 
3000 4500 2 2 0 77 80 60 
2300 2760 2 1 0 0 140 110 
2900 3770 3 2 140 130 0 0 
1300 1560 2 2 0 0 150 150 
1100 1320 2 1 80 77 55 0 
1600 2400 3 1 104 91 50 0 
2300 3220 2 1 65 60 65 75 
1400 2100 3 1 0 110 0 100 
1000 1300 2 2 0 91 80 75 
1800 2160 1 1 100 100 0 0 
2400 3600 3 2 112 84 70 0 
2000 2600 2 1 0 0 130 140 
1700 1870 2 1 100 0 140 0 
1100 1210 3 2 0 0 110 150 
2100 2520 3 2 0 0 120 120 
1500 1650 1 2 50 60 70 70 
1400 1540 1 1 88 77 60 0 
2200 3300 2 2 80 77 75 0 
1900 2280 2 1 0 0 110 110 
2500 3500 3 1 75 75 55 60 
1400 1820 3 1 0 110 0 140 
1800 2700 3 1 140 0 120 0 
1000 1100 2 1 0 140 0 150 
1700 1870 2 2 75 55 65 55 
1000 1200 3 1 150 0 130 0 
2500 2750 1 2 0 0 120 100 
2000 2200 2 1 112 84 60 0 
2100 2940 1 2 112 70 65 0 
3000 4500 1 1 75 60 50 70 
1100 1320 3 2 0 0 150 100 
2600 3120 1 2 0 0 130 140 
2600 3900 3 1 0 0 130 120 
1200 1440 3 1 100 0 130 0 
1000 1100 2 2 130 0 120 0 
1100 1650 1 2 150 0 120 0 
1800 2340 2 2 120 0 100 0 
1500 1650 3 1 0 91 120 70 
2100 2520 3 2 150 110 0 0 
2100 2520 3 1 110 0 120 0 
1400 1680 2 2 0 105 96 65 
2000 2200 2 1 0 0 150 110 
1100 1430 1 2 0 91 80 50 
1200 1680 1 2 120 77 65 0 
2900 3770 1 1 0 0 120 120 
2800 3920 3 1 65 55 60 55 
3000 3900 2 1 0 105 112 65 
3000 3600 1 1 0 0 120 150 
1700 2040 1 2 0 0 120 100 
3000 4500 1 1 112 91 55 0 
1300 1430 3 2 0 70 112 75 
1800 1980 2 1 150 110 0 0 
3000 4500 3 2 150 120 0 0 
2000 2200 3 1 0 100 0 130 
1800 2520 2 2 0 98 80 60 
1500 2250 1 2 65 60 70 60 
1500 2100 3 2 55 70 75 50 
1500 2100 3 2 0 110 0 110 
1800 2160 3 1 150 140 0 0 
1500 2100 1 1 112 84 70 0 
1200 1800 3 2 0 70 120 70 
2100 2730 3 1 0 110 0 100 
2500 2750 3 2 75 50 55 75 
1100 1320 2 2 0 0 110 150 
1700 1870 1 2 75 60 60 65 
2100 3150 1 1 0 91 96 70 
2700 3240 2 1 70 65 70 70 
1800 2520 1 2 0 130 0 110 
1100 1430 2 1 50 70 60 50 
2600 3380 2 1 0 0 110 110 
1500 2100 1 2 100 0 100 0 
1500 1800 3 2 0 70 104 75 
2300 3450 1 2 50 50 55 70 
2000 2600 3 1 140 0 150 0 
1200 1680 2 2 0 100 0 120 
2800 3080 2 2 96 70 50 0 
1700 1870 1 1 75 50 50 70 
1700 2040 1 1 0 105 120 60 
2800 3080 2 2 120 0 120 0 
2900 3190 3 1 0 150 0 110 
1100 1650 3 1 55 75 55 70 
2800 3360 1 2 150 0 110 0 
2800 3080 1 2 0 0 130 120 
3000 3900 1 2 110 150 0 0 
2600 3640 2 2 120 130 0 0 
2900 3480 3 1 0 91 96 75 
2300 3450 2 2 0 0 100 150 
3000 3300 3 2 0 98 80 75 
1200 1440 2 1 100 0 110 0 
1500 1800 1 2 140 120 0 0 
1000 1500 1 1 0 0 100 150 
2500 2750 3 1 0 105 104 70 
1000 1200 2 1 0 105 88 55 
2400 2640 2 1 0 0 130 100 
1600 2080 2 1 96 98 60 0 
1800 2340 3 2 120 0 100 0 
2000 2200 3 1 0 0 100 100 
1200 1320 1 2 0 0 110 140 
2900 3480 2 1 55 55 65 60 
1000 1300 1 2 60 55 75 65 
1100 1650 1 2 0 0 120 140 
1600 2240 2 1 0 120 0 110 
1500 1800 2 2 0 110 0 110 
1200 1800 3 2 120 77 65 0 
1400 1820 1 1 0 91 80 55 
1100 1210 1 2 150 0 120 0 
2400 3360 2 2 0 120 0 120 
1000 1400 2 1 0 0 140 100 
2600 3380 1 1 120 98 60 0 
3000 4500 2 2 120 140 0 0 
1600 1920 3 1 120 70 55 0 
1900 2090 2 1 0 0 100 150 
1800 2160 2 1 112 98 50 0 
1100 1320 3 1 130 110 0 0 
1000 1200 3 1 55 60 60 50 
1400 1680 3 1 80 98 65 0 
1700 2550 1 1 0 100 0 120 
1900 2280 2 1 0 0 120 150 
2000 2600 2 2 140 0 100 0 
2600 3640 2 2 140 0 120 0 
1800 2700 3 1 130 0 140 0 
1200 1680 3 1 0 100 0 100 
1900 2470 3 2 0 130 0 100 
1100 1320 1 2 110 0 100 0 
1800 2340 1 1 112 98 65 0 
2800 3360 1 2 96 105 70 0 
2100 3150 1 1 0 110 0 150 
1600 1920 1 2 0 0 140 120 
1600 2240 1 1 150 0 140 0 
2400 2880 3 2 60 50 65 50 
2800 4200 3 2 0 105 112 50 
2600 3380 3 2 130 130 0 0 
2500 3000 2 1 0 100 0 100 
2600 3120 1 2 100 100 0 0 
1900 2280 1 2 0 0 120 110 
3000 3900 2 2 104 98 60 0 
2200 3300 1 1 150 150 0 0 
1800 1980 3 2 110 130 0 0 
1400 1820 2 1 110 130 0 0 
2000 2600 1 2 96 84 55 0 
1800 2520 2 1 0 150 0 140 
2300 2530 1 2 0 0 150 120 
2300 2990 1 2 0 150 0 100 
1600 1760 3 2 120 110 0 0 
3000 4200 2 2 112 91 70 0 
2000 2400 1 1 0 84 88 50 
1100 1540 1 2 120 0 130 0 
2100 3150 2 1 0 105 96 55 
2700 3510 2 2 0 84 88 60 
2700 2970 2 2 0 84 104 55 
1800 1980 1 1 100 0 130 0 
2200 3300 1 2 110 0 110 0 
1300 1690 3 1 0 0 100 110 
1200 1800 2 2 110 140 0 0 
1600 2240 3 1 0 100 0 150 
2200 2420 2 1 75 50 60 70 
1400 1960 1 2 140 120 0 0 
3000 4500 1 2 75 55 60 65 
2300 2990 2 2 100 0 130 0 
3000 3300 1 1 65 75 55 60 
1300 1950 1 2 110 0 100 0 
1400 1960 2 2 140 0 100 0 
2400 3120 2 2 80 98 75 0 
1200 1680 1 1 80 84 50 0 
2100 2730 3 2 55 50 70 55 
2600 3380 2 1 0 0 130 140 
3000 3600 3 2 140 140 0 0 
3000 3900 1 2 150 0 150 0 
2400 3600 1 1 0 0 150 120 
1000 1300 1 2 120 110 0 0 
2500 2750 2 2 0 140 0 100 
1600 1920 2 2 140 0 130 0 
1200 1320 1 2 88 105 55 0 
2700 2970 3 2 65 60 55 65 
2700 4050 1 2 140 150 0 0 
1800 2160 1 1 75 55 55 75 
2200 3080 2 1 140 0 140 0 
1100 1430 3 1 0 70 96 65 
2000 2400 1 2 120 150 0 0 
1300 1950 3 2 0 140 0 140 
1400 2100 3 2 0 70 88 50 
1300 1560 2 2 120 0 110 0 
1200 1560 3 1 110 0 100 0 
1800 2520 1 2 0 70 112 65 
2900 3480 2 2 104 70 50 0 
3000 3600 3 1 0 0 130 150 
2200 2860 1 1 0 77 104 70 
1900 2850 3 2 0 100 0 140 
1300 1690 1 1 0 0 150 100 
1900 2090 3 2 130 0 100 0 
2100 2310 3 1 0 0 120 150 
1300 1690 1 2 0 0 130 100 
1100 1650 2 2 0 84 120 60 
1300 1560 3 1 60 75 55 50 
1800 2340 2 2 0 150 0 140 
1100 1430 1 2 0 98 120 50 
1600 1760 2 1 96 98 65 0 
2100 2310 3 1 140 0 130 0 
2600 3380 2 2 96 84 50 0 
2100 2730 1 1 0 0 110 150 
1300 1820 3 2 120 0 130 0 
1400 2100 2 1 60 75 50 55 
1300 1690 1 2 50 60 75 55 
1900 2660 2 1 130 0 100 0 
1400 1820 2 2 0 130 0 100 
1200 1440 1 1 112 77 75 0 
2500 3000 3 1 80 77 60 0 
2800 3640 2 1 104 84 50 0 
1200 1440 1 2 0 0 100 110 
3000 4200 3 2 150 120 0 0 
1500 2100 1 2 70 70 75 70 
1800 2340 3 2 0 100 0 110 
1300 1430 2 2 150 140 0 0 
2300 2990 2 1 80 105 50 0 
3000 4200 2 1 60 60 50 55 
1000 1100 2 1 0 130 0 100 
1600 1760 2 1 0 70 80 75 
1900 2470 3 1 0 0 140 150 
1900 2850 2 1 60 55 60 55 
2000 2200 3 1 0 0 150 100 
1500 1800 1 1 65 60 70 60 
1600 2240 1 1 0 100 0 140 
1400 1680 1 1 112 105 55 0 
1300 1560 1 1 130 0 140 0 
1800 2160 2 2 0 91 112 70 
1100 1210 1 1 0 84 80 60 
1000 1300 1 2 0 0 120 150 
2300 2990 2 1 0 70 96 70 
1000 1100 1 2 150 150 0 0 
2900 4060 3 2 130 120 0 0 
2400 2880 2 2 96 84 65 0 
2400 2640 1 1 0 110 0 120 
2700 3780 3 2 120 140 0 0 
2400 3600 2 1 0 120 0 110 
2100 3150 1 2 75 60 75 50 
2500 3750 3 2 0 0 140 110 
2700 3780 1 1 65 65 60 65 
1000 1100 3 2 0 130 0 150 
3000 3600 3 2 65 75 70 65 
2600 2860 3 1 70 70 75 55 
1200 1680 1 1 0 105 96 50 
2300 2530 1 2 120 130 0 0 
1500 1650 3 1 104 98 50 0 
2600 3900 2 2 60 60 60 75 
3000 4200 2 2 104 84 75 0 
3000 3600 1 1 0 0 130 110 
1900 2470 1 2 130 0 150 0 
2400 2880 2 1 0 91 112 75 
1600 1760 3 1 0 98 88 65 
2100 2520 2 2 0 0 100 140 
2800 3360 2 1 140 0 130 0 
2000 2600 2 1 120 91 55 0 
1200 1440 3 2 50 70 70 60 
1500 1950 2 1 0 0 130 120 
2600 3900 2 1 112 84 55 0 
1000 1300 3 2 0 91 88 75 
2400 2640 2 1 50 60 65 75 
1300 1950 1 2 75 50 75 70 
1800 2520 3 1 112 98 60 0 
2800 4200 1 2 120 84 55 0 
1500 2100 2 2 0 150 0 140 
2600 3640 3 1 120 100 0 0 
1000 1300 3 2 130 120 0 0 
2900 3770 2 2 150 110 0 0 
1700 1870 3 1 55 65 50 75 
1300 1820 3 2 140 130 0 0 
1800 2340 1 1 88 98 65 0 
1700 2210 3 1 0 84 88 65 
2700 3780 1 1 0 0 140 130 
2800 4200 2 1 96 70 75 0 
3000 4500 3 1 150 0 130 0 
2100 2520 1 1 0 0 100 130 
2500 3250 2 2 88 84 75 0 
2000 2600 1 2 0 70 104 65 
2200 2860 2 2 110 0 150 0 
1500 1950 1 1 120 105 50 0 
1600 1760 1 1 0 0 130 120 
1700 2550 1 2 130 0 110 0 
3000 3300 2 2 0 140 0 110 
2600 3120 3 1 0 0 130 100 
2400 3360 3 2 0 0 120 150 
1900 2090 2 1 0 77 88 70 
1300 1430 3 1 65 50 50 55 
1100 1430 3 1 120 140 0 0 
1900 2470 3 2 110 100 0 0 
2300 2760 3 1 0 77 112 50 
2000 2200 3 1 0 120 0 110 
1000 1400 1 2 65 70 55 75 
2400 2640 1 1 0 105 112 60 
1400 1680 2 2 130 100 0 0 
2400 2880 2 1 130 0 150 0 
1000 1300 3 1 50 75 50 55 
1200 1320 3 1 0 70 104 65 
2900 3770 1 2 130 120 0 0 
1600 2400 3 2 0 84 80 55 
1800 2520 2 2 112 105 75 0 
2800 3360 1 1 96 98 75 0 
1300 1560 3 1 150 0 140 0 
2700 3240 3 1 50 60 75 70 
2000 3000 1 2 65 60 65 50 
2300 2990 1 1 0 91 104 55 
1000 1400 2 2 104 105 70 0 
1900 2470 3 2 50 60 55 55 
1800 2340 1 2 150 0 150 0 
2300 3220 1 2 140 0 130 0 
1100 1650 1 1 140 130 0 0 
2600 2860 1 2 112 91 75 0 
2100 3150 2 2 55 55 65 60 
2500 3000 2 2 0 150 0 110 
1900 2280 2 2 110 130 0 0 
2700 4050 3 1 150 130 0 0 
2800 3640 1 1 0 140 0 130 
2700 3510 1 1 0 0 110 100 
2100 2310 2 1 110 110 0 0 
