#search;maxiter
2.213200330734253
[[25.2  23.25 21.05 23.95]
 [24.   23.05 21.35 25.35]
 [25.15 24.95 21.75 24.85]
 [22.65 22.3  21.9  23.3 ]]
budget;945.83;948.38;944.48;946.47
size;58;60;56;59
w;1
#search;maxiter
8.497912883758545
[[25.45       24.7        20.85       23.95      ]
 [25.55       23.5        23.35       24.95      ]
 [26.05       24.55       21.3        23.55      ]
 [25.45       24.2        20.9        24.3       ]
 [24.55       25.         23.15       26.15      ]
 [25.27031196 26.24829767 24.37855888 25.15837305]
 [24.88903129 25.28903129 23.09515647 26.95      ]
 [24.05       25.65       23.3        26.2       ]
 [25.4        25.6        22.7        26.15      ]]
budget;949.92;950.02;946.77;945.41;937.30;864.80;951.21;948.04;945.18
size;60;59;61;60;57;57;57;56;56
w;2
#added;1
#search;maxiter
9.757819890975952
[[27.45058608 25.48160853 22.09025722 24.95268053]
 [27.53160981 25.61432537 22.24335252 24.91800888]
 [28.13545634 25.40889927 22.72997282 25.2209876 ]
 [25.55       23.5        23.35       24.95      ]
 [26.46284625 24.09254372 23.25877713 23.00055219]
 [24.55       25.         23.15       26.15      ]
 [28.2584733  26.05676649 21.46904179 25.71215426]
 [28.20349031 26.07766384 22.08868965 25.57970443]
 [25.27031196 26.24829767 24.37855888 25.15837305]
 [24.88903129 25.28903129 23.09515647 26.95      ]
 [25.68954664 25.26256204 21.70695043 26.02220484]
 [25.4        25.6        22.7        26.15      ]
 [24.05       25.65       23.3        26.2       ]
 [25.84782442 24.56152292 22.88218472 22.43553037]]
budget;951.34;950.35;946.13;950.02;951.41;937.30;942.84;946.61;864.80;951.21;949.72;945.18;948.04;950.50
size;47;47;47;59;45;57;46;46;57;57;46;56;56;45
#search;maxiter
w;4
#search;maxiter
12.09001088142395
[[27.45058608 25.48160853 22.09025722 24.95268053]
 [27.53160981 25.61432537 22.24335252 24.91800888]
 [28.13545634 25.40889927 22.72997282 25.2209876 ]
 [27.09230671 27.00782192 24.22005626 25.73182435]
 [24.55       25.         23.15       26.15      ]
 [25.27031196 26.24829767 24.37855888 25.15837305]
 [28.20349031 26.07766384 22.08868965 25.57970443]
 [24.88903129 25.28903129 23.09515647 26.95      ]
 [25.68954664 25.26256204 21.70695043 26.02220484]
 [24.05       25.65       23.3        26.2       ]
 [25.4        25.6        22.7        26.15      ]
 [28.2584733  26.05676649 21.46904179 25.71215426]]
budget;951.34;950.35;946.13;935.35;937.30;864.80;946.61;951.21;949.72;948.04;945.18;942.84
size;47;47;47;56;57;57;46;57;46;56;56;46
#search;maxiter
#search;maxiter
#search;maxiter
w;8
#search;maxiter
16.1388258934021
[[28.42814588 26.52325373 23.73196062 25.51527678]
 [26.11777052 24.89821016 23.66777052 26.92864979]
 [26.02236235 25.25961437 22.16795301 26.35862244]
 [26.70571844 27.19834869 24.74747933 25.55101287]
 [28.70759377 25.03688259 22.76690052 27.14245386]
 [27.09230671 27.00782192 24.22005626 25.73182435]
 [25.38799146 25.6611293  22.83831547 26.39698068]
 [28.20349031 26.07766384 22.08868965 25.57970443]
 [26.60571844 24.84834869 24.34747933 26.10101287]
 [24.88903129 25.28903129 23.09515647 26.95      ]
 [25.67937064 26.40434296 20.76904179 26.52680092]
 [27.68744959 25.61033078 23.68886695 25.96130114]
 [26.8344085  26.92580589 23.52075728 26.23041183]
 [28.2584733  26.05676649 21.46904179 25.71215426]]
budget;951.61;948.79;945.92;929.73;942.05;935.35;935.82;946.61;927.47;951.21;948.36;951.24;946.28;942.84
size;44;41;48;53;46;56;47;46;52;57;39;52;42;46
#clust;conv1;size20;goal10
#search;maxiter
#search;maxiter
#search;maxiter
#search;maxiter
#clust;conv1;size20;goal10
#search;maxiter
#search;maxiter
#clust;conv2;size21;goal10
#search;maxiter
w;16
#search;maxiter
25.76479697227478
[[28.07265484 27.7666739  24.49228201 27.55665334]
 [28.92908952 27.82908952 23.51977238 25.46977238]
 [29.48730258 27.71154594 22.37826561 25.86325875]
 [25.77336368 23.63565295 23.84672216 28.30727692]
 [26.87615961 24.44139095 23.24708696 28.51879175]
 [25.77233358 23.82975212 23.66633181 28.3625534 ]
 [28.70759377 25.03688259 22.76690052 27.14245386]
 [30.07908952 27.57908952 23.21977238 25.71977238]
 [26.33512888 26.15870855 24.21227188 28.10963725]
 [28.11850328 27.37786515 24.00397311 26.73233356]
 [26.26829221 28.57078594 23.33167085 26.55      ]
 [26.55546115 24.8723503  22.74241576 28.39967949]
 [26.97917713 28.08167085 24.48167085 27.65      ]]
budget;951.65;947.99;939.67;937.81;945.50;940.11;942.05;949.82;933.86;928.09;949.80;951.58;945.37
size;49;45;48;41;43;42;46;47;41;49;53;45;49
#search;maxiter
#search;maxiter
#clust;conv1;size20;goal10
#search;maxiter
#search;maxiter
#search;maxiter
#clust;conv2;size20;goal10
#search;maxiter
#search;maxiter
#search;maxiter
#search;maxiter
#search;maxiter
#search;maxiter
#search;maxiter
#search;maxiter
#search;maxiter
#search;maxiter
w;32
#clust;conv1;size20;goal10
#search;maxiter
46.80255198478699
[[25.45421382 27.33361511 25.0435462  26.49365805]
 [27.31446136 24.40622907 22.60495099 27.92577496]
 [25.63547499 26.84507154 25.1914681  27.29367597]
 [28.11850328 27.37786515 24.00397311 26.73233356]
 [26.26829221 28.57078594 23.33167085 26.55      ]
 [26.12379403 28.2748438  24.54712778 26.20822752]
 [27.98653331 26.28184479 25.41347918 27.83637064]
 [28.65174052 24.95378129 23.12868639 26.85129127]
 [27.         27.45956501 24.511913   26.85      ]
 [26.77892978 24.1487304  22.87550999 28.84189643]]
budget;931.99;948.74;948.54;928.09;949.80;949.46;928.14;934.84;950.74;951.31
size;44;51;45;49;53;45;53;50;46;46
#search;maxiter
#search;maxiter
#search;maxiter
#search;maxiter
#clust;conv3;size20;goal10
#search;maxiter
#search;maxiter
#search;maxiter
#clust;conv2;size20;goal10
#search;maxiter
#search;maxiter
#search;maxiter
#search;maxiter
#search;maxiter
#clust;conv4;size20;goal10
#search;maxiter
#search;maxiter
#search;maxiter
#search;maxiter
#search;maxiter
#search;maxiter
#search;maxiter
#search;maxiter
#search;maxiter
#search;maxiter
#search;maxiter
#search;maxiter
#search;maxiter
#search;maxiter
#search;maxiter
#search;maxiter
#search;maxiter
#search;maxiter
#search;maxiter
w;64
#search;maxiter
83.53991031646729
[[27.81829221 27.72078594 23.68167085 27.1       ]
 [27.07917713 28.38167085 22.78167085 26.95      ]
 [28.08054395 25.48095566 23.43249113 28.26832956]
 [26.7601279  28.1039984  24.02163745 28.32676673]
 [26.97524125 28.1248438  26.848575   27.85822752]
 [28.22609234 24.97043694 23.07043694 28.15218468]
 [30.25       26.05956501 24.361913   27.2       ]
 [28.88666252 27.05822505 25.29857552 27.62332504]
 [28.58063023 27.0914877  23.69954337 27.76244155]
 [27.85375175 26.90975199 24.9782773  28.3582946 ]
 [26.26829221 28.57078594 23.33167085 26.55      ]
 [27.96829221 27.27078594 24.08167085 28.1       ]
 [27.54512495 27.76668748 24.50703795 26.98178747]
 [26.12379403 28.2748438  24.54712778 26.20822752]
 [29.45       27.70956501 25.611913   27.6       ]
 [29.9        26.7        26.         28.1       ]]
budget;931.51;947.01;951.43;941.40;936.44;941.98;947.38;944.96;951.08;929.06;949.80;921.71;945.97;949.46;945.75;939.57
size;47;45;53;45;47;45;47;51;54;46;53;52;50;45;50;47
usage;shake;swapRandom=3
usage;shake;swapQuarter=36
usage;shake;swapThird=7
usage;shake;swapHalf=4
usage;shake;swapGroup=14
usage;shake;incrMin=3
usage;shake;incrMax=9
usage;shake;incrRnd=7
usage;shake;rndMin=18
usage;shake;rndMax=12
usage;shake;rndRnd=11
usage;shake;liftIncr=3
usage;shake;liftRnd=1
usage;search;swapOne=16
usage;search;inclRndMin=35
usage;search;inclRndMax=17
usage;search;inclRndRnd=11
usage;search;inclLowMin=16
usage;search;inclLowMax=26
usage;search;inclLowRnd=40
usage;search;inclHighMin=59
usage;search;inclHighMax=30
usage;search;inclHighRnd=17
usage;search;fundAtMin=18
usage;search;fundAtMax=23
usage;search;fundAtRnd=39
usage;search;exclRnd=1
usage;search;exclLow=55
usage;search;exclHigh=40
usage;search;inflGrMin=30
usage;search;inflGrMax=17
usage;search;inflGrRnd=31
usage;search;deflGrMin=19
usage;search;deflGrMax=19
usage;search;deflGrRnd=27
usage;search;exchGrMin=26
usage;search;exchGrMax=18
usage;search;exchGrRnd=20
usage;search;incrMin=96
usage;search;incrMax=65
usage;search;incrRnd=53
usage;search;rndMin=42
usage;search;rndMax=74
usage;search;rndRnd=117
usage;search;liftIncr=92
usage;search;liftRnd=111
end;83.544/224;63/64;0/26
electre;4.0;[[27.81829221 27.72078594 23.68167085 27.1       ]];931.5104096060282;47
included;[1011011011101001111111111110111111011100101011011101100110111111, 1011011010101001111110111110111111011000101011011101101110111111, 1111111011011111111010111111110001111101111110011111111011111111, 1101111010001111000111111110111111111000111010101001110111101111, 1001011011001110101011111111111111011110111011011011111110110011, 1111011011010101011010111110110011111101111110011010110110110111, 1111101011011010111011101111011101011110111110101100111111110101, 1011101011011010111011111111111111011110111010101111111111111101, 1111111111011100101110111111110111111100111111101111111111111011, 1111111010001111111011101110010111111110011001001110111111110011, 1111111111101111111111111110110111010000111111011011111111011111, 1111111111101111011011111110011111011100111111001110111111111011, 1011101010011011011011111110111111111110111010101111111111111101, 1011001001001011101011111111111111111110111011010111110110110001, 1011101010011010111011111111111111011110111010101111111111111101, 1011101010011010101011111111011011011100111110111111111111101011]
electre;0.0;[[27.07917713 28.38167085 22.78167085 26.95      ]];947.0121784528624;45
included;[1011011011101001111111111110111111011100101011011101100110111111, 1011011010101001111110111110111111011000101011011101101110111111, 1111111011011111111010111111110001111101111110011111111011111111, 1101111010001111000111111110111111111000111010101001110111101111, 1001011011001110101011111111111111011110111011011011111110110011, 1111011011010101011010111110110011111101111110011010110110110111, 1111101011011010111011101111011101011110111110101100111111110101, 1011101011011010111011111111111111011110111010101111111111111101, 1111111111011100101110111111110111111100111111101111111111111011, 1111111010001111111011101110010111111110011001001110111111110011, 1111111111101111111111111110110111010000111111011011111111011111, 1111111111101111011011111110011111011100111111001110111111111011, 1011101010011011011011111110111111111110111010101111111111111101, 1011001001001011101011111111111111111110111011010111110110110001, 1011101010011010111011111111111111011110111010101111111111111101, 1011101010011010101011111111011011011100111110111111111111101011]
electre;6.0;[[28.08054395 25.48095566 23.43249113 28.26832956]];951.4313684951112;53
included;[1011011011101001111111111110111111011100101011011101100110111111, 1011011010101001111110111110111111011000101011011101101110111111, 1111111011011111111010111111110001111101111110011111111011111111, 1101111010001111000111111110111111111000111010101001110111101111, 1001011011001110101011111111111111011110111011011011111110110011, 1111011011010101011010111110110011111101111110011010110110110111, 1111101011011010111011101111011101011110111110101100111111110101, 1011101011011010111011111111111111011110111010101111111111111101, 1111111111011100101110111111110111111100111111101111111111111011, 1111111010001111111011101110010111111110011001001110111111110011, 1111111111101111111111111110110111010000111111011011111111011111, 1111111111101111011011111110011111011100111111001110111111111011, 1011101010011011011011111110111111111110111010101111111111111101, 1011001001001011101011111111111111111110111011010111110110110001, 1011101010011010111011111111111111011110111010101111111111111101, 1011101010011010101011111111011011011100111110111111111111101011]
electre;-3.0;[[26.7601279  28.1039984  24.02163745 28.32676673]];941.4001218941999;45
included;[1011011011101001111111111110111111011100101011011101100110111111, 1011011010101001111110111110111111011000101011011101101110111111, 1111111011011111111010111111110001111101111110011111111011111111, 1101111010001111000111111110111111111000111010101001110111101111, 1001011011001110101011111111111111011110111011011011111110110011, 1111011011010101011010111110110011111101111110011010110110110111, 1111101011011010111011101111011101011110111110101100111111110101, 1011101011011010111011111111111111011110111010101111111111111101, 1111111111011100101110111111110111111100111111101111111111111011, 1111111010001111111011101110010111111110011001001110111111110011, 1111111111101111111111111110110111010000111111011011111111011111, 1111111111101111011011111110011111011100111111001110111111111011, 1011101010011011011011111110111111111110111010101111111111111101, 1011001001001011101011111111111111111110111011010111110110110001, 1011101010011010111011111111111111011110111010101111111111111101, 1011101010011010101011111111011011011100111110111111111111101011]
electre;-2.0;[[26.97524125 28.1248438  26.848575   27.85822752]];936.444687855232;47
included;[1011011011101001111111111110111111011100101011011101100110111111, 1011011010101001111110111110111111011000101011011101101110111111, 1111111011011111111010111111110001111101111110011111111011111111, 1101111010001111000111111110111111111000111010101001110111101111, 1001011011001110101011111111111111011110111011011011111110110011, 1111011011010101011010111110110011111101111110011010110110110111, 1111101011011010111011101111011101011110111110101100111111110101, 1011101011011010111011111111111111011110111010101111111111111101, 1111111111011100101110111111110111111100111111101111111111111011, 1111111010001111111011101110010111111110011001001110111111110011, 1111111111101111111111111110110111010000111111011011111111011111, 1111111111101111011011111110011111011100111111001110111111111011, 1011101010011011011011111110111111111110111010101111111111111101, 1011001001001011101011111111111111111110111011010111110110110001, 1011101010011010111011111111111111011110111010101111111111111101, 1011101010011010101011111111011011011100111110111111111111101011]
electre;7.0;[[28.22609234 24.97043694 23.07043694 28.15218468]];941.9763707319277;45
included;[1011011011101001111111111110111111011100101011011101100110111111, 1011011010101001111110111110111111011000101011011101101110111111, 1111111011011111111010111111110001111101111110011111111011111111, 1101111010001111000111111110111111111000111010101001110111101111, 1001011011001110101011111111111111011110111011011011111110110011, 1111011011010101011010111110110011111101111110011010110110110111, 1111101011011010111011101111011101011110111110101100111111110101, 1011101011011010111011111111111111011110111010101111111111111101, 1111111111011100101110111111110111111100111111101111111111111011, 1111111010001111111011101110010111111110011001001110111111110011, 1111111111101111111111111110110111010000111111011011111111011111, 1111111111101111011011111110011111011100111111001110111111111011, 1011101010011011011011111110111111111110111010101111111111111101, 1011001001001011101011111111111111111110111011010111110110110001, 1011101010011010111011111111111111011110111010101111111111111101, 1011101010011010101011111111011011011100111110111111111111101011]
electre;1.0;[[30.25       26.05956501 24.361913   27.2       ]];947.3806805527419;47
included;[1011011011101001111111111110111111011100101011011101100110111111, 1011011010101001111110111110111111011000101011011101101110111111, 1111111011011111111010111111110001111101111110011111111011111111, 1101111010001111000111111110111111111000111010101001110111101111, 1001011011001110101011111111111111011110111011011011111110110011, 1111011011010101011010111110110011111101111110011010110110110111, 1111101011011010111011101111011101011110111110101100111111110101, 1011101011011010111011111111111111011110111010101111111111111101, 1111111111011100101110111111110111111100111111101111111111111011, 1111111010001111111011101110010111111110011001001110111111110011, 1111111111101111111111111110110111010000111111011011111111011111, 1111111111101111011011111110011111011100111111001110111111111011, 1011101010011011011011111110111111111110111010101111111111111101, 1011001001001011101011111111111111111110111011010111110110110001, 1011101010011010111011111111111111011110111010101111111111111101, 1011101010011010101011111111011011011100111110111111111111101011]
electre;-3.0;[[28.88666252 27.05822505 25.29857552 27.62332504]];944.9612991661219;51
included;[1011011011101001111111111110111111011100101011011101100110111111, 1011011010101001111110111110111111011000101011011101101110111111, 1111111011011111111010111111110001111101111110011111111011111111, 1101111010001111000111111110111111111000111010101001110111101111, 1001011011001110101011111111111111011110111011011011111110110011, 1111011011010101011010111110110011111101111110011010110110110111, 1111101011011010111011101111011101011110111110101100111111110101, 1011101011011010111011111111111111011110111010101111111111111101, 1111111111011100101110111111110111111100111111101111111111111011, 1111111010001111111011101110010111111110011001001110111111110011, 1111111111101111111111111110110111010000111111011011111111011111, 1111111111101111011011111110011111011100111111001110111111111011, 1011101010011011011011111110111111111110111010101111111111111101, 1011001001001011101011111111111111111110111011010111110110110001, 1011101010011010111011111111111111011110111010101111111111111101, 1011101010011010101011111111011011011100111110111111111111101011]
electre;-4.0;[[28.58063023 27.0914877  23.69954337 27.76244155]];951.081301532369;54
included;[1011011011101001111111111110111111011100101011011101100110111111, 1011011010101001111110111110111111011000101011011101101110111111, 1111111011011111111010111111110001111101111110011111111011111111, 1101111010001111000111111110111111111000111010101001110111101111, 1001011011001110101011111111111111011110111011011011111110110011, 1111011011010101011010111110110011111101111110011010110110110111, 1111101011011010111011101111011101011110111110101100111111110101, 1011101011011010111011111111111111011110111010101111111111111101, 1111111111011100101110111111110111111100111111101111111111111011, 1111111010001111111011101110010111111110011001001110111111110011, 1111111111101111111111111110110111010000111111011011111111011111, 1111111111101111011011111110011111011100111111001110111111111011, 1011101010011011011011111110111111111110111010101111111111111101, 1011001001001011101011111111111111111110111011010111110110110001, 1011101010011010111011111111111111011110111010101111111111111101, 1011101010011010101011111111011011011100111110111111111111101011]
electre;-2.0;[[27.85375175 26.90975199 24.9782773  28.3582946 ]];929.0586532867933;46
included;[1011011011101001111111111110111111011100101011011101100110111111, 1011011010101001111110111110111111011000101011011101101110111111, 1111111011011111111010111111110001111101111110011111111011111111, 1101111010001111000111111110111111111000111010101001110111101111, 1001011011001110101011111111111111011110111011011011111110110011, 1111011011010101011010111110110011111101111110011010110110110111, 1111101011011010111011101111011101011110111110101100111111110101, 1011101011011010111011111111111111011110111010101111111111111101, 1111111111011100101110111111110111111100111111101111111111111011, 1111111010001111111011101110010111111110011001001110111111110011, 1111111111101111111111111110110111010000111111011011111111011111, 1111111111101111011011111110011111011100111111001110111111111011, 1011101010011011011011111110111111111110111010101111111111111101, 1011001001001011101011111111111111111110111011010111110110110001, 1011101010011010111011111111111111011110111010101111111111111101, 1011101010011010101011111111011011011100111110111111111111101011]
electre;5.0;[[26.26829221 28.57078594 23.33167085 26.55      ]];949.8004096060286;53
included;[1011011011101001111111111110111111011100101011011101100110111111, 1011011010101001111110111110111111011000101011011101101110111111, 1111111011011111111010111111110001111101111110011111111011111111, 1101111010001111000111111110111111111000111010101001110111101111, 1001011011001110101011111111111111011110111011011011111110110011, 1111011011010101011010111110110011111101111110011010110110110111, 1111101011011010111011101111011101011110111110101100111111110101, 1011101011011010111011111111111111011110111010101111111111111101, 1111111111011100101110111111110111111100111111101111111111111011, 1111111010001111111011101110010111111110011001001110111111110011, 1111111111101111111111111110110111010000111111011011111111011111, 1111111111101111011011111110011111011100111111001110111111111011, 1011101010011011011011111110111111111110111010101111111111111101, 1011001001001011101011111111111111111110111011010111110110110001, 1011101010011010111011111111111111011110111010101111111111111101, 1011101010011010101011111111011011011100111110111111111111101011]
electre;-5.0;[[27.96829221 27.27078594 24.08167085 28.1       ]];921.7104096060284;52
included;[1011011011101001111111111110111111011100101011011101100110111111, 1011011010101001111110111110111111011000101011011101101110111111, 1111111011011111111010111111110001111101111110011111111011111111, 1101111010001111000111111110111111111000111010101001110111101111, 1001011011001110101011111111111111011110111011011011111110110011, 1111011011010101011010111110110011111101111110011010110110110111, 1111101011011010111011101111011101011110111110101100111111110101, 1011101011011010111011111111111111011110111010101111111111111101, 1111111111011100101110111111110111111100111111101111111111111011, 1111111010001111111011101110010111111110011001001110111111110011, 1111111111101111111111111110110111010000111111011011111111011111, 1111111111101111011011111110011111011100111111001110111111111011, 1011101010011011011011111110111111111110111010101111111111111101, 1011001001001011101011111111111111111110111011010111110110110001, 1011101010011010111011111111111111011110111010101111111111111101, 1011101010011010101011111111011011011100111110111111111111101011]
electre;6.0;[[27.54512495 27.76668748 24.50703795 26.98178747]];945.971028400577;50
included;[1011011011101001111111111110111111011100101011011101100110111111, 1011011010101001111110111110111111011000101011011101101110111111, 1111111011011111111010111111110001111101111110011111111011111111, 1101111010001111000111111110111111111000111010101001110111101111, 1001011011001110101011111111111111011110111011011011111110110011, 1111011011010101011010111110110011111101111110011010110110110111, 1111101011011010111011101111011101011110111110101100111111110101, 1011101011011010111011111111111111011110111010101111111111111101, 1111111111011100101110111111110111111100111111101111111111111011, 1111111010001111111011101110010111111110011001001110111111110011, 1111111111101111111111111110110111010000111111011011111111011111, 1111111111101111011011111110011111011100111111001110111111111011, 1011101010011011011011111110111111111110111010101111111111111101, 1011001001001011101011111111111111111110111011010111110110110001, 1011101010011010111011111111111111011110111010101111111111111101, 1011101010011010101011111111011011011100111110111111111111101011]
electre;10.0;[[26.12379403 28.2748438  24.54712778 26.20822752]];949.4550942761391;45
included;[1011011011101001111111111110111111011100101011011101100110111111, 1011011010101001111110111110111111011000101011011101101110111111, 1111111011011111111010111111110001111101111110011111111011111111, 1101111010001111000111111110111111111000111010101001110111101111, 1001011011001110101011111111111111011110111011011011111110110011, 1111011011010101011010111110110011111101111110011010110110110111, 1111101011011010111011101111011101011110111110101100111111110101, 1011101011011010111011111111111111011110111010101111111111111101, 1111111111011100101110111111110111111100111111101111111111111011, 1111111010001111111011101110010111111110011001001110111111110011, 1111111111101111111111111110110111010000111111011011111111011111, 1111111111101111011011111110011111011100111111001110111111111011, 1011101010011011011011111110111111111110111010101111111111111101, 1011001001001011101011111111111111111110111011010111110110110001, 1011101010011010111011111111111111011110111010101111111111111101, 1011101010011010101011111111011011011100111110111111111111101011]
electre;-11.0;[[29.45       27.70956501 25.611913   27.6       ]];945.750680552742;50
included;[1011011011101001111111111110111111011100101011011101100110111111, 1011011010101001111110111110111111011000101011011101101110111111, 1111111011011111111010111111110001111101111110011111111011111111, 1101111010001111000111111110111111111000111010101001110111101111, 1001011011001110101011111111111111011110111011011011111110110011, 1111011011010101011010111110110011111101111110011010110110110111, 1111101011011010111011101111011101011110111110101100111111110101, 1011101011011010111011111111111111011110111010101111111111111101, 1111111111011100101110111111110111111100111111101111111111111011, 1111111010001111111011101110010111111110011001001110111111110011, 1111111111101111111111111110110111010000111111011011111111011111, 1111111111101111011011111110011111011100111111001110111111111011, 1011101010011011011011111110111111111110111010101111111111111101, 1011001001001011101011111111111111111110111011010111110110110001, 1011101010011010111011111111111111011110111010101111111111111101, 1011101010011010101011111111011011011100111110111111111111101011]
electre;-9.0;[[29.9 26.7 26.  28.1]];939.5700000000003;47
included;[1011011011101001111111111110111111011100101011011101100110111111, 1011011010101001111110111110111111011000101011011101101110111111, 1111111011011111111010111111110001111101111110011111111011111111, 1101111010001111000111111110111111111000111010101001110111101111, 1001011011001110101011111111111111011110111011011011111110110011, 1111011011010101011010111110110011111101111110011010110110110111, 1111101011011010111011101111011101011110111110101100111111110101, 1011101011011010111011111111111111011110111010101111111111111101, 1111111111011100101110111111110111111100111111101111111111111011, 1111111010001111111011101110010111111110011001001110111111110011, 1111111111101111111111111110110111010000111111011011111111011111, 1111111111101111011011111110011111011100111111001110111111111011, 1011101010011011011011111110111111111110111010101111111111111101, 1011001001001011101011111111111111111110111011010111110110110001, 1011101010011010111011111111111111011110111010101111111111111101, 1011101010011010101011111111011011011100111110111111111111101011]
