#search;maxiter
1.4954209327697754
[[18.78317351 20.2        17.9        18.6866347 ]
 [18.84280811 20.59712324 17.84280811 19.63849297]
 [17.22398148 19.74662276 19.54837458 19.75960753]
 [18.         21.85       19.2        20.45      ]
 [18.1        21.7        18.7        20.35      ]
 [17.85       21.7        18.95       20.75      ]
 [18.74785927 20.78696482 18.83696482 19.94785927]
 [17.5        19.75       19.25       19.1       ]]
budget;971.71;973.51;959.59;968.11;954.70;955.22;972.28;971.27
size;60;61;61;63;63;64;63;62
w;1
#search;maxiter
2.7832131385803223
[[18.78317351 20.2        17.9        18.6866347 ]
 [18.84280811 20.59712324 17.84280811 19.63849297]
 [18.5        20.79856991 16.49971398 16.84885593]
 [17.22398148 19.74662276 19.54837458 19.75960753]
 [18.         21.85       19.2        20.45      ]
 [18.1        21.7        18.7        20.35      ]
 [17.85       21.7        18.95       20.75      ]
 [18.74785927 20.78696482 18.83696482 19.94785927]
 [17.5        19.75       19.25       19.1       ]]
budget;971.71;973.51;955.48;959.59;968.11;954.70;955.22;972.28;971.27
size;60;61;53;61;63;63;64;63;62
w;2
#added;1
#search;maxiter
3.504263162612915
[[18.78317351 20.2        17.9        18.6866347 ]
 [18.84280811 20.59712324 17.84280811 19.63849297]
 [17.22398148 19.74662276 19.54837458 19.75960753]
 [17.75880111 20.86150378 19.22544715 19.90608607]
 [18.25       20.8        19.4        20.3       ]
 [18.         21.85       19.2        20.45      ]
 [18.74785927 20.78696482 18.83696482 19.94785927]
 [18.1        21.7        18.7        20.35      ]
 [17.85       21.7        18.95       20.75      ]
 [18.5        20.79856991 16.49971398 16.84885593]]
budget;971.71;973.51;959.59;954.63;962.12;968.11;972.28;954.70;955.22;955.48
size;60;61;61;64;64;63;63;63;64;53
#search;maxiter
w;4
#search;maxiter
4.83481240272522
[[18.78317351 20.2        17.9        18.6866347 ]
 [18.84280811 20.59712324 17.84280811 19.63849297]
 [17.22398148 19.74662276 19.54837458 19.75960753]
 [17.75880111 20.86150378 19.22544715 19.90608607]
 [18.25       20.8        19.4        20.3       ]
 [18.         21.85       19.2        20.45      ]
 [18.74785927 20.78696482 18.83696482 19.94785927]
 [18.1        21.7        18.7        20.35      ]
 [17.85       21.7        18.95       20.75      ]
 [18.5        20.79856991 16.49971398 16.84885593]]
budget;971.71;973.51;959.59;954.63;962.12;968.11;972.28;954.70;955.22;955.48
size;60;61;61;64;64;63;63;63;64;53
#search;maxiter
#search;maxiter
#search;maxiter
w;8
#clust;conv2;size22;goal10
#clust;conv2;size23;goal10
#search;maxiter
10.340086221694946
[[19.26962409 20.09832093 17.9        18.83495563]
 [19.15       20.75       17.6        20.3       ]
 [18.25       20.8        19.4        20.3       ]
 [18.         21.85       19.2        20.45      ]
 [18.78753714 20.72419217 19.30496953 18.05337989]
 [19.11036786 20.26036786 19.63118014 18.65      ]
 [18.9        21.1        16.7        19.65      ]
 [17.14778224 20.6048639  20.0597278  18.04778224]
 [20.45       21.65       18.2        18.15      ]
 [16.57351387 19.54218303 19.82286473 18.89857403]]
budget;970.24;967.70;962.12;968.11;973.15;973.46;957.93;972.13;968.93;959.48
size;63;58;64;63;57;57;58;55;55;56
#search;maxiter
#search;maxiter
#search;maxiter
#search;maxiter
#search;maxiter
#search;maxiter
#search;maxiter
w;16
#search;maxiter
22.22177767753601
[[19.34846029 21.66654331 18.82825874 18.81608189]
 [19.73213959 20.68034898 16.6        19.75      ]
 [20.17351387 19.85515655 19.23545943 19.44895285]
 [19.8        21.3        19.6        19.25      ]
 [19.62081228 21.37081228 18.99162455 19.55      ]
 [20.75       21.45       20.05       19.1       ]
 [20.45       21.65       18.2        18.15      ]
 [20.57914027 18.80132652 16.88245985 19.28121698]
 [19.57351387 19.50515655 18.73545943 20.04895285]
 [18.25       20.8        19.4        20.3       ]
 [19.         21.55       20.15       19.25      ]
 [18.         21.85       19.2        20.45      ]
 [19.25       22.1        20.         19.75      ]
 [18.7        22.3        19.9        19.35      ]
 [18.         21.34423864 17.45       20.39423864]
 [19.92081228 20.72081228 18.94162455 19.45      ]
 [19.15       20.75       17.6        20.3       ]]
budget;970.64;945.30;970.81;972.91;938.34;972.85;968.93;973.49;971.88;962.12;972.81;968.11;968.80;972.85;962.74;969.72;967.70
size;60;55;58;57;63;57;55;52;58;64;57;63;57;57;59;60;58
#clust;conv1;size20;goal10
#search;maxiter
#clust;conv2;size20;goal10
#search;maxiter
#search;maxiter
#search;maxiter
#search;maxiter
#search;maxiter
#search;maxiter
#search;maxiter
#clust;conv1;size23;goal10
#search;maxiter
#clust;conv1;size20;goal10
#search;maxiter
#search;maxiter
#clust;conv1;size20;goal10
#search;maxiter
#search;maxiter
#clust;conv1;size20;goal10
#clust;conv3;size24;goal10
#search;maxiter
#clust;conv2;size20;goal10
#search;maxiter
w;32
#clust;conv1;size20;goal10
#search;maxiter
51.70229983329773
[[18.43551736 21.07247395 18.17183484 20.52247395]
 [18.47202955 21.02249745 18.32249745 19.81400347]
 [17.98913655 21.24056989 17.93993078 20.49056989]
 [18.44627269 20.3718935  19.02885743 18.32685112]
 [18.46248756 21.16448297 18.89043953 20.52202267]
 [17.51449949 21.27249745 18.82249745 19.87249745]
 [18.75747496 21.36099912 17.96036002 20.47943351]
 [17.46529681 20.33361653 19.92453985 18.97888947]
 [18.41449949 21.12249745 18.97249745 20.32249745]
 [20.60893044 21.06592762 17.82417959 19.80055112]
 [18.41449949 21.38238944 18.58447585 19.87041104]
 [17.26570846 21.97854229 19.42854229 18.87854229]
 [19.37809201 20.15852768 19.73320292 20.80852768]
 [18.30467533 21.76750916 19.91750916 19.52412904]]
budget;945.40;949.09;930.38;964.19;971.53;945.53;967.36;953.68;945.51;972.00;968.42;968.92;956.03;947.82
size;63;62;62;59;63;60;63;59;64;58;62;60;63;62
#clust;conv1;size20;goal10
#search;maxiter
#clust;conv1;size20;goal10
#search;maxiter
#clust;conv3;size20;goal10
#search;maxiter
#clust;conv1;size20;goal10
#search;maxiter
#clust;conv2;size20;goal10
#search;maxiter
#search;maxiter
#search;maxiter
#clust;conv2;size20;goal10
#search;maxiter
#search;maxiter
#search;maxiter
#search;maxiter
#clust;conv2;size20;goal10
#search;maxiter
#clust;conv2;size21;goal10
#search;maxiter
#clust;conv1;size20;goal10
#search;maxiter
#clust;conv2;size23;goal10
#clust;conv1;size22;goal10
#search;maxiter
#clust;conv2;size21;goal10
#clust;conv7;size21;goal10
#search;maxiter
#search;maxiter
#clust;conv1;size20;goal10
#search;maxiter
#search;maxiter
#clust;conv2;size20;goal10
#search;maxiter
#search;maxiter
#search;maxiter
#clust;conv2;size20;goal10
#search;maxiter
#search;maxiter
#clust;conv1;size20;goal10
#search;maxiter
#search;maxiter
#clust;conv1;size21;goal10
#search;maxiter
#clust;conv2;size20;goal10
#search;maxiter
#clust;conv1;size21;goal10
#clust;conv1;size20;goal10
#search;maxiter
#search;maxiter
#search;maxiter
w;64
#search;maxiter
115.43868446350098
[[18.65681954 22.84723353 17.94723353 17.91884366]
 [20.5036523  22.05       19.85       21.21460918]
 [20.8        21.9        18.25       20.95      ]
 [20.05       22.8        20.35       21.        ]
 [20.2        22.56747926 20.26747926 21.06747926]
 [20.2        22.44957336 19.89957336 21.19957336]
 [21.2        21.75       19.4        21.4       ]
 [20.7        21.45       20.15       20.65      ]
 [20.35       21.85       20.05       21.55      ]
 [21.0536523  21.65       19.85       20.96460918]
 [20.7536523  21.65       19.45       21.01460918]
 [20.45       22.         20.55       21.3       ]
 [20.81130581 22.40904465 18.60565291 20.80565291]
 [21.0036523  21.35       18.85       21.61460918]
 [20.8536523  21.5        19.95       20.91460918]
 [20.7036523  21.6        19.55       21.11460918]
 [20.35       22.25       19.8        20.6       ]
 [20.9        21.85       19.3        21.3       ]
 [20.85       22.         19.45       20.5       ]]
budget;972.56;973.36;969.93;973.38;966.98;970.38;967.85;972.15;968.37;973.12;971.70;972.23;973.21;970.34;971.65;973.52;967.49;969.43;967.17
size;54;63;60;61;63;63;63;61;62;63;63;63;62;63;64;64;64;62;61
usage;shake;swapRandom=5
usage;shake;swapQuarter=46
usage;shake;swapThird=8
usage;shake;swapHalf=4
usage;shake;swapGroup=1
usage;shake;incrMin=46
usage;shake;incrMax=2
usage;shake;incrRnd=1
usage;shake;rndMin=6
usage;shake;rndMax=2
usage;shake;rndRnd=2
usage;shake;liftIncr=3
usage;shake;liftRnd=2
usage;search;swapOne=25
usage;search;inclRndMin=72
usage;search;inclRndMax=9
usage;search;inclRndRnd=16
usage;search;inclLowMin=3
usage;search;inclLowMax=6
usage;search;inclLowRnd=109
usage;search;inclHighMin=38
usage;search;inclHighMax=5
usage;search;inclHighRnd=19
usage;search;fundAtMin=52
usage;search;fundAtMax=12
usage;search;fundAtRnd=28
usage;search;exclRnd=48
usage;search;exclLow=16
usage;search;exclHigh=28
usage;search;inflGrMin=8
usage;search;inflGrMax=6
usage;search;inflGrRnd=9
usage;search;deflGrMin=46
usage;search;deflGrMax=6
usage;search;deflGrRnd=5
usage;search;exchGrMin=45
usage;search;exchGrMax=26
usage;search;exchGrRnd=13
usage;search;incrMin=20
usage;search;incrMax=83
usage;search;incrRnd=83
usage;search;rndMin=94
usage;search;rndMax=18
usage;search;rndRnd=151
usage;search;liftIncr=51
usage;search;liftRnd=150
end;115.444/224;63/64;0/26
electre;15.0;[[18.65681954 22.84723353 17.94723353 17.91884366]];972.5647338639197;54
included;[1111111111111100101111011100011111111111111101111111111011111011, 1111111111111111111111111111111111111111111101111111111111111111, 1111111111111111111111101111111110111111111011111111011111111111, 1111101111111111111111111111111010111111111111111111111111111111, 1111111111111111111111111111111110111111111111111111111111111111, 1111111111111111111111111111111110111111111111111111111111111111, 1111111111111111111111111111111110111111111111111111111111111111, 1011111111111111111111101110111111111111111111111111111111111111, 0111111111111111111111111111111111111111111111111111111111101111, 1111111111111101111111111111111111111111111111111111111111111111, 1111111111111101111111111111111111111111111111111111111111111111, 1111111111111111111111111111111111111111110111111111111111111111, 1111111111111111111111101111111110111111111111111111111111111111, 1111111111111011111111111111111111111111111111111111111111111111, 1111111111111111111111111111111111111111111111111111111111111111, 1111111111111111111111111111111111111111111111111111111111111111, 1111111111111111111111111111111111111111111111111111111111111111, 1111111111111111111111111111111110011111111111111111111111111111, 1111101111111101111111111111111110111111111111111111111111111111]
electre;-9.0;[[20.5036523  22.05       19.85       21.21460918]];973.3605745868336;63
included;[1111111111111100101111011100011111111111111101111111111011111011, 1111111111111111111111111111111111111111111101111111111111111111, 1111111111111111111111101111111110111111111011111111011111111111, 1111101111111111111111111111111010111111111111111111111111111111, 1111111111111111111111111111111110111111111111111111111111111111, 1111111111111111111111111111111110111111111111111111111111111111, 1111111111111111111111111111111110111111111111111111111111111111, 1011111111111111111111101110111111111111111111111111111111111111, 0111111111111111111111111111111111111111111111111111111111101111, 1111111111111101111111111111111111111111111111111111111111111111, 1111111111111101111111111111111111111111111111111111111111111111, 1111111111111111111111111111111111111111110111111111111111111111, 1111111111111111111111101111111110111111111111111111111111111111, 1111111111111011111111111111111111111111111111111111111111111111, 1111111111111111111111111111111111111111111111111111111111111111, 1111111111111111111111111111111111111111111111111111111111111111, 1111111111111111111111111111111111111111111111111111111111111111, 1111111111111111111111111111111110011111111111111111111111111111, 1111101111111101111111111111111110111111111111111111111111111111]
electre;3.0;[[20.8  21.9  18.25 20.95]];969.9299999999996;60
included;[1111111111111100101111011100011111111111111101111111111011111011, 1111111111111111111111111111111111111111111101111111111111111111, 1111111111111111111111101111111110111111111011111111011111111111, 1111101111111111111111111111111010111111111111111111111111111111, 1111111111111111111111111111111110111111111111111111111111111111, 1111111111111111111111111111111110111111111111111111111111111111, 1111111111111111111111111111111110111111111111111111111111111111, 1011111111111111111111101110111111111111111111111111111111111111, 0111111111111111111111111111111111111111111111111111111111101111, 1111111111111101111111111111111111111111111111111111111111111111, 1111111111111101111111111111111111111111111111111111111111111111, 1111111111111111111111111111111111111111110111111111111111111111, 1111111111111111111111101111111110111111111111111111111111111111, 1111111111111011111111111111111111111111111111111111111111111111, 1111111111111111111111111111111111111111111111111111111111111111, 1111111111111111111111111111111111111111111111111111111111111111, 1111111111111111111111111111111111111111111111111111111111111111, 1111111111111111111111111111111110011111111111111111111111111111, 1111101111111101111111111111111110111111111111111111111111111111]
electre;7.0;[[20.05 22.8  20.35 21.  ]];973.3799999999999;61
included;[1111111111111100101111011100011111111111111101111111111011111011, 1111111111111111111111111111111111111111111101111111111111111111, 1111111111111111111111101111111110111111111011111111011111111111, 1111101111111111111111111111111010111111111111111111111111111111, 1111111111111111111111111111111110111111111111111111111111111111, 1111111111111111111111111111111110111111111111111111111111111111, 1111111111111111111111111111111110111111111111111111111111111111, 1011111111111111111111101110111111111111111111111111111111111111, 0111111111111111111111111111111111111111111111111111111111101111, 1111111111111101111111111111111111111111111111111111111111111111, 1111111111111101111111111111111111111111111111111111111111111111, 1111111111111111111111111111111111111111110111111111111111111111, 1111111111111111111111101111111110111111111111111111111111111111, 1111111111111011111111111111111111111111111111111111111111111111, 1111111111111111111111111111111111111111111111111111111111111111, 1111111111111111111111111111111111111111111111111111111111111111, 1111111111111111111111111111111111111111111111111111111111111111, 1111111111111111111111111111111110011111111111111111111111111111, 1111101111111101111111111111111110111111111111111111111111111111]
electre;4.0;[[20.2        22.56747926 20.26747926 21.06747926]];966.9793588160136;63
included;[1111111111111100101111011100011111111111111101111111111011111011, 1111111111111111111111111111111111111111111101111111111111111111, 1111111111111111111111101111111110111111111011111111011111111111, 1111101111111111111111111111111010111111111111111111111111111111, 1111111111111111111111111111111110111111111111111111111111111111, 1111111111111111111111111111111110111111111111111111111111111111, 1111111111111111111111111111111110111111111111111111111111111111, 1011111111111111111111101110111111111111111111111111111111111111, 0111111111111111111111111111111111111111111111111111111111101111, 1111111111111101111111111111111111111111111111111111111111111111, 1111111111111101111111111111111111111111111111111111111111111111, 1111111111111111111111111111111111111111110111111111111111111111, 1111111111111111111111101111111110111111111111111111111111111111, 1111111111111011111111111111111111111111111111111111111111111111, 1111111111111111111111111111111111111111111111111111111111111111, 1111111111111111111111111111111111111111111111111111111111111111, 1111111111111111111111111111111111111111111111111111111111111111, 1111111111111111111111111111111110011111111111111111111111111111, 1111101111111101111111111111111110111111111111111111111111111111]
electre;0.0;[[20.2        22.44957336 19.89957336 21.19957336]];970.3830339521994;63
included;[1111111111111100101111011100011111111111111101111111111011111011, 1111111111111111111111111111111111111111111101111111111111111111, 1111111111111111111111101111111110111111111011111111011111111111, 1111101111111111111111111111111010111111111111111111111111111111, 1111111111111111111111111111111110111111111111111111111111111111, 1111111111111111111111111111111110111111111111111111111111111111, 1111111111111111111111111111111110111111111111111111111111111111, 1011111111111111111111101110111111111111111111111111111111111111, 0111111111111111111111111111111111111111111111111111111111101111, 1111111111111101111111111111111111111111111111111111111111111111, 1111111111111101111111111111111111111111111111111111111111111111, 1111111111111111111111111111111111111111110111111111111111111111, 1111111111111111111111101111111110111111111111111111111111111111, 1111111111111011111111111111111111111111111111111111111111111111, 1111111111111111111111111111111111111111111111111111111111111111, 1111111111111111111111111111111111111111111111111111111111111111, 1111111111111111111111111111111111111111111111111111111111111111, 1111111111111111111111111111111110011111111111111111111111111111, 1111101111111101111111111111111110111111111111111111111111111111]
electre;-17.0;[[21.2  21.75 19.4  21.4 ]];967.85;63
included;[1111111111111100101111011100011111111111111101111111111011111011, 1111111111111111111111111111111111111111111101111111111111111111, 1111111111111111111111101111111110111111111011111111011111111111, 1111101111111111111111111111111010111111111111111111111111111111, 1111111111111111111111111111111110111111111111111111111111111111, 1111111111111111111111111111111110111111111111111111111111111111, 1111111111111111111111111111111110111111111111111111111111111111, 1011111111111111111111101110111111111111111111111111111111111111, 0111111111111111111111111111111111111111111111111111111111101111, 1111111111111101111111111111111111111111111111111111111111111111, 1111111111111101111111111111111111111111111111111111111111111111, 1111111111111111111111111111111111111111110111111111111111111111, 1111111111111111111111101111111110111111111111111111111111111111, 1111111111111011111111111111111111111111111111111111111111111111, 1111111111111111111111111111111111111111111111111111111111111111, 1111111111111111111111111111111111111111111111111111111111111111, 1111111111111111111111111111111111111111111111111111111111111111, 1111111111111111111111111111111110011111111111111111111111111111, 1111101111111101111111111111111110111111111111111111111111111111]
electre;13.0;[[20.7  21.45 20.15 20.65]];972.1499999999997;61
included;[1111111111111100101111011100011111111111111101111111111011111011, 1111111111111111111111111111111111111111111101111111111111111111, 1111111111111111111111101111111110111111111011111111011111111111, 1111101111111111111111111111111010111111111111111111111111111111, 1111111111111111111111111111111110111111111111111111111111111111, 1111111111111111111111111111111110111111111111111111111111111111, 1111111111111111111111111111111110111111111111111111111111111111, 1011111111111111111111101110111111111111111111111111111111111111, 0111111111111111111111111111111111111111111111111111111111101111, 1111111111111101111111111111111111111111111111111111111111111111, 1111111111111101111111111111111111111111111111111111111111111111, 1111111111111111111111111111111111111111110111111111111111111111, 1111111111111111111111101111111110111111111111111111111111111111, 1111111111111011111111111111111111111111111111111111111111111111, 1111111111111111111111111111111111111111111111111111111111111111, 1111111111111111111111111111111111111111111111111111111111111111, 1111111111111111111111111111111111111111111111111111111111111111, 1111111111111111111111111111111110011111111111111111111111111111, 1111101111111101111111111111111110111111111111111111111111111111]
electre;-5.0;[[20.35 21.85 20.05 21.55]];968.3699999999997;62
included;[1111111111111100101111011100011111111111111101111111111011111011, 1111111111111111111111111111111111111111111101111111111111111111, 1111111111111111111111101111111110111111111011111111011111111111, 1111101111111111111111111111111010111111111111111111111111111111, 1111111111111111111111111111111110111111111111111111111111111111, 1111111111111111111111111111111110111111111111111111111111111111, 1111111111111111111111111111111110111111111111111111111111111111, 1011111111111111111111101110111111111111111111111111111111111111, 0111111111111111111111111111111111111111111111111111111111101111, 1111111111111101111111111111111111111111111111111111111111111111, 1111111111111101111111111111111111111111111111111111111111111111, 1111111111111111111111111111111111111111110111111111111111111111, 1111111111111111111111101111111110111111111111111111111111111111, 1111111111111011111111111111111111111111111111111111111111111111, 1111111111111111111111111111111111111111111111111111111111111111, 1111111111111111111111111111111111111111111111111111111111111111, 1111111111111111111111111111111111111111111111111111111111111111, 1111111111111111111111111111111110011111111111111111111111111111, 1111101111111101111111111111111110111111111111111111111111111111]
electre;-5.0;[[21.0536523  21.65       19.85       20.96460918]];973.1205745868336;63
included;[1111111111111100101111011100011111111111111101111111111011111011, 1111111111111111111111111111111111111111111101111111111111111111, 1111111111111111111111101111111110111111111011111111011111111111, 1111101111111111111111111111111010111111111111111111111111111111, 1111111111111111111111111111111110111111111111111111111111111111, 1111111111111111111111111111111110111111111111111111111111111111, 1111111111111111111111111111111110111111111111111111111111111111, 1011111111111111111111101110111111111111111111111111111111111111, 0111111111111111111111111111111111111111111111111111111111101111, 1111111111111101111111111111111111111111111111111111111111111111, 1111111111111101111111111111111111111111111111111111111111111111, 1111111111111111111111111111111111111111110111111111111111111111, 1111111111111111111111101111111110111111111111111111111111111111, 1111111111111011111111111111111111111111111111111111111111111111, 1111111111111111111111111111111111111111111111111111111111111111, 1111111111111111111111111111111111111111111111111111111111111111, 1111111111111111111111111111111111111111111111111111111111111111, 1111111111111111111111111111111110011111111111111111111111111111, 1111101111111101111111111111111110111111111111111111111111111111]
electre;2.0;[[20.7536523  21.65       19.45       21.01460918]];971.7005745868336;63
included;[1111111111111100101111011100011111111111111101111111111011111011, 1111111111111111111111111111111111111111111101111111111111111111, 1111111111111111111111101111111110111111111011111111011111111111, 1111101111111111111111111111111010111111111111111111111111111111, 1111111111111111111111111111111110111111111111111111111111111111, 1111111111111111111111111111111110111111111111111111111111111111, 1111111111111111111111111111111110111111111111111111111111111111, 1011111111111111111111101110111111111111111111111111111111111111, 0111111111111111111111111111111111111111111111111111111111101111, 1111111111111101111111111111111111111111111111111111111111111111, 1111111111111101111111111111111111111111111111111111111111111111, 1111111111111111111111111111111111111111110111111111111111111111, 1111111111111111111111101111111110111111111111111111111111111111, 1111111111111011111111111111111111111111111111111111111111111111, 1111111111111111111111111111111111111111111111111111111111111111, 1111111111111111111111111111111111111111111111111111111111111111, 1111111111111111111111111111111111111111111111111111111111111111, 1111111111111111111111111111111110011111111111111111111111111111, 1111101111111101111111111111111110111111111111111111111111111111]
electre;-7.0;[[20.45 22.   20.55 21.3 ]];972.2299999999999;63
included;[1111111111111100101111011100011111111111111101111111111011111011, 1111111111111111111111111111111111111111111101111111111111111111, 1111111111111111111111101111111110111111111011111111011111111111, 1111101111111111111111111111111010111111111111111111111111111111, 1111111111111111111111111111111110111111111111111111111111111111, 1111111111111111111111111111111110111111111111111111111111111111, 1111111111111111111111111111111110111111111111111111111111111111, 1011111111111111111111101110111111111111111111111111111111111111, 0111111111111111111111111111111111111111111111111111111111101111, 1111111111111101111111111111111111111111111111111111111111111111, 1111111111111101111111111111111111111111111111111111111111111111, 1111111111111111111111111111111111111111110111111111111111111111, 1111111111111111111111101111111110111111111111111111111111111111, 1111111111111011111111111111111111111111111111111111111111111111, 1111111111111111111111111111111111111111111111111111111111111111, 1111111111111111111111111111111111111111111111111111111111111111, 1111111111111111111111111111111111111111111111111111111111111111, 1111111111111111111111111111111110011111111111111111111111111111, 1111101111111101111111111111111110111111111111111111111111111111]
electre;-3.0;[[20.81130581 22.40904465 18.60565291 20.80565291]];973.2145326952923;62
included;[1111111111111100101111011100011111111111111101111111111011111011, 1111111111111111111111111111111111111111111101111111111111111111, 1111111111111111111111101111111110111111111011111111011111111111, 1111101111111111111111111111111010111111111111111111111111111111, 1111111111111111111111111111111110111111111111111111111111111111, 1111111111111111111111111111111110111111111111111111111111111111, 1111111111111111111111111111111110111111111111111111111111111111, 1011111111111111111111101110111111111111111111111111111111111111, 0111111111111111111111111111111111111111111111111111111111101111, 1111111111111101111111111111111111111111111111111111111111111111, 1111111111111101111111111111111111111111111111111111111111111111, 1111111111111111111111111111111111111111110111111111111111111111, 1111111111111111111111101111111110111111111111111111111111111111, 1111111111111011111111111111111111111111111111111111111111111111, 1111111111111111111111111111111111111111111111111111111111111111, 1111111111111111111111111111111111111111111111111111111111111111, 1111111111111111111111111111111111111111111111111111111111111111, 1111111111111111111111111111111110011111111111111111111111111111, 1111101111111101111111111111111110111111111111111111111111111111]
electre;-13.0;[[21.0036523  21.35       18.85       21.61460918]];970.3405745868336;63
included;[1111111111111100101111011100011111111111111101111111111011111011, 1111111111111111111111111111111111111111111101111111111111111111, 1111111111111111111111101111111110111111111011111111011111111111, 1111101111111111111111111111111010111111111111111111111111111111, 1111111111111111111111111111111110111111111111111111111111111111, 1111111111111111111111111111111110111111111111111111111111111111, 1111111111111111111111111111111110111111111111111111111111111111, 1011111111111111111111101110111111111111111111111111111111111111, 0111111111111111111111111111111111111111111111111111111111101111, 1111111111111101111111111111111111111111111111111111111111111111, 1111111111111101111111111111111111111111111111111111111111111111, 1111111111111111111111111111111111111111110111111111111111111111, 1111111111111111111111101111111110111111111111111111111111111111, 1111111111111011111111111111111111111111111111111111111111111111, 1111111111111111111111111111111111111111111111111111111111111111, 1111111111111111111111111111111111111111111111111111111111111111, 1111111111111111111111111111111111111111111111111111111111111111, 1111111111111111111111111111111110011111111111111111111111111111, 1111101111111101111111111111111110111111111111111111111111111111]
electre;6.0;[[20.8536523  21.5        19.95       20.91460918]];971.6505745868336;64
included;[1111111111111100101111011100011111111111111101111111111011111011, 1111111111111111111111111111111111111111111101111111111111111111, 1111111111111111111111101111111110111111111011111111011111111111, 1111101111111111111111111111111010111111111111111111111111111111, 1111111111111111111111111111111110111111111111111111111111111111, 1111111111111111111111111111111110111111111111111111111111111111, 1111111111111111111111111111111110111111111111111111111111111111, 1011111111111111111111101110111111111111111111111111111111111111, 0111111111111111111111111111111111111111111111111111111111101111, 1111111111111101111111111111111111111111111111111111111111111111, 1111111111111101111111111111111111111111111111111111111111111111, 1111111111111111111111111111111111111111110111111111111111111111, 1111111111111111111111101111111110111111111111111111111111111111, 1111111111111011111111111111111111111111111111111111111111111111, 1111111111111111111111111111111111111111111111111111111111111111, 1111111111111111111111111111111111111111111111111111111111111111, 1111111111111111111111111111111111111111111111111111111111111111, 1111111111111111111111111111111110011111111111111111111111111111, 1111101111111101111111111111111110111111111111111111111111111111]
electre;5.0;[[20.7036523  21.6        19.55       21.11460918]];973.5205745868341;64
included;[1111111111111100101111011100011111111111111101111111111011111011, 1111111111111111111111111111111111111111111101111111111111111111, 1111111111111111111111101111111110111111111011111111011111111111, 1111101111111111111111111111111010111111111111111111111111111111, 1111111111111111111111111111111110111111111111111111111111111111, 1111111111111111111111111111111110111111111111111111111111111111, 1111111111111111111111111111111110111111111111111111111111111111, 1011111111111111111111101110111111111111111111111111111111111111, 0111111111111111111111111111111111111111111111111111111111101111, 1111111111111101111111111111111111111111111111111111111111111111, 1111111111111101111111111111111111111111111111111111111111111111, 1111111111111111111111111111111111111111110111111111111111111111, 1111111111111111111111101111111110111111111111111111111111111111, 1111111111111011111111111111111111111111111111111111111111111111, 1111111111111111111111111111111111111111111111111111111111111111, 1111111111111111111111111111111111111111111111111111111111111111, 1111111111111111111111111111111111111111111111111111111111111111, 1111111111111111111111111111111110011111111111111111111111111111, 1111101111111101111111111111111110111111111111111111111111111111]
electre;14.0;[[20.35 22.25 19.8  20.6 ]];967.4899999999998;64
included;[1111111111111100101111011100011111111111111101111111111011111011, 1111111111111111111111111111111111111111111101111111111111111111, 1111111111111111111111101111111110111111111011111111011111111111, 1111101111111111111111111111111010111111111111111111111111111111, 1111111111111111111111111111111110111111111111111111111111111111, 1111111111111111111111111111111110111111111111111111111111111111, 1111111111111111111111111111111110111111111111111111111111111111, 1011111111111111111111101110111111111111111111111111111111111111, 0111111111111111111111111111111111111111111111111111111111101111, 1111111111111101111111111111111111111111111111111111111111111111, 1111111111111101111111111111111111111111111111111111111111111111, 1111111111111111111111111111111111111111110111111111111111111111, 1111111111111111111111101111111110111111111111111111111111111111, 1111111111111011111111111111111111111111111111111111111111111111, 1111111111111111111111111111111111111111111111111111111111111111, 1111111111111111111111111111111111111111111111111111111111111111, 1111111111111111111111111111111111111111111111111111111111111111, 1111111111111111111111111111111110011111111111111111111111111111, 1111101111111101111111111111111110111111111111111111111111111111]
electre;-14.0;[[20.9  21.85 19.3  21.3 ]];969.4299999999997;62
included;[1111111111111100101111011100011111111111111101111111111011111011, 1111111111111111111111111111111111111111111101111111111111111111, 1111111111111111111111101111111110111111111011111111011111111111, 1111101111111111111111111111111010111111111111111111111111111111, 1111111111111111111111111111111110111111111111111111111111111111, 1111111111111111111111111111111110111111111111111111111111111111, 1111111111111111111111111111111110111111111111111111111111111111, 1011111111111111111111101110111111111111111111111111111111111111, 0111111111111111111111111111111111111111111111111111111111101111, 1111111111111101111111111111111111111111111111111111111111111111, 1111111111111101111111111111111111111111111111111111111111111111, 1111111111111111111111111111111111111111110111111111111111111111, 1111111111111111111111101111111110111111111111111111111111111111, 1111111111111011111111111111111111111111111111111111111111111111, 1111111111111111111111111111111111111111111111111111111111111111, 1111111111111111111111111111111111111111111111111111111111111111, 1111111111111111111111111111111111111111111111111111111111111111, 1111111111111111111111111111111110011111111111111111111111111111, 1111101111111101111111111111111110111111111111111111111111111111]
electre;4.0;[[20.85 22.   19.45 20.5 ]];967.1699999999997;61
included;[1111111111111100101111011100011111111111111101111111111011111011, 1111111111111111111111111111111111111111111101111111111111111111, 1111111111111111111111101111111110111111111011111111011111111111, 1111101111111111111111111111111010111111111111111111111111111111, 1111111111111111111111111111111110111111111111111111111111111111, 1111111111111111111111111111111110111111111111111111111111111111, 1111111111111111111111111111111110111111111111111111111111111111, 1011111111111111111111101110111111111111111111111111111111111111, 0111111111111111111111111111111111111111111111111111111111101111, 1111111111111101111111111111111111111111111111111111111111111111, 1111111111111101111111111111111111111111111111111111111111111111, 1111111111111111111111111111111111111111110111111111111111111111, 1111111111111111111111101111111110111111111111111111111111111111, 1111111111111011111111111111111111111111111111111111111111111111, 1111111111111111111111111111111111111111111111111111111111111111, 1111111111111111111111111111111111111111111111111111111111111111, 1111111111111111111111111111111111111111111111111111111111111111, 1111111111111111111111111111111110011111111111111111111111111111, 1111101111111101111111111111111110111111111111111111111111111111]
