#search;maxiter
3.6115660667419434
[[44.39662067 39.51932413 40.99831033 43.54831033]
 [42.11363194 37.14128952 41.11892427 41.59941428]
 [42.55       38.15       42.1        41.3       ]
 [43.59396109 37.54396109 42.1        40.99396109]
 [44.05       39.35       42.15       40.6       ]]
budget;1898.60;1828.52;1881.41;1877.71;1894.22
size;122;125;124;123;123
w;1
#search;maxiter
9.348092079162598
[[44.39662067 39.51932413 40.99831033 43.54831033]
 [45.22135293 39.28427059 43.18708235 42.11067647]
 [42.80545806 40.6        41.43575165 41.04579054]
 [44.85       40.05       42.05       40.8       ]
 [46.95       38.6        42.1        40.7       ]
 [45.8        38.55       42.5        41.65      ]
 [45.         37.75       42.8        42.25      ]
 [46.7        39.9        42.45       42.95      ]
 [46.         39.85       42.45       42.25      ]
 [45.7        37.25       42.55       42.05      ]]
budget;1898.60;1902.08;1900.38;1898.11;1900.63;1902.63;1901.41;1902.41;1902.81;1903.05
size;122;122;120;123;122;123;122;122;123;122
w;2
#search;maxiter
10.604217052459717
[[44.39662067 39.51932413 40.99831033 43.54831033]
 [45.22135293 39.28427059 43.18708235 42.11067647]
 [42.80545806 40.6        41.43575165 41.04579054]
 [44.85       40.05       42.05       40.8       ]
 [46.95       38.6        42.1        40.7       ]
 [45.8        38.55       42.5        41.65      ]
 [45.         37.75       42.8        42.25      ]
 [46.7        39.9        42.45       42.95      ]
 [46.         39.85       42.45       42.25      ]
 [45.7        37.25       42.55       42.05      ]]
budget;1898.60;1902.08;1900.38;1898.11;1900.63;1902.63;1901.41;1902.41;1902.81;1903.05
size;122;122;120;123;122;123;122;122;123;122
#search;maxiter
w;4
#search;maxiter
14.506707668304443
[[44.39662067 39.51932413 40.99831033 43.54831033]
 [48.         39.15       43.15       42.2       ]
 [45.22135293 39.28427059 43.18708235 42.11067647]
 [42.80545806 40.6        41.43575165 41.04579054]
 [46.         39.85       42.45       42.25      ]
 [46.7        39.9        42.45       42.95      ]
 [44.85       40.05       42.05       40.8       ]
 [45.         37.75       42.8        42.25      ]]
budget;1898.60;1902.47;1902.08;1900.38;1902.81;1902.41;1898.11;1901.41
size;122;123;122;120;123;122;123;122
#search;maxiter
#search;maxiter
#search;maxiter
w;8
#search;maxiter
22.99828338623047
[[44.39662067 39.51932413 40.99831033 43.54831033]
 [48.         39.15       43.15       42.2       ]
 [45.22135293 39.28427059 43.18708235 42.11067647]
 [42.80545806 40.6        41.43575165 41.04579054]
 [46.         39.85       42.45       42.25      ]
 [46.7        39.9        42.45       42.95      ]
 [44.85       40.05       42.05       40.8       ]
 [45.         37.75       42.8        42.25      ]]
budget;1898.60;1902.47;1902.08;1900.38;1902.81;1902.41;1898.11;1901.41
size;122;123;122;120;123;122;123;122
#search;maxiter
#search;maxiter
#search;maxiter
#search;maxiter
#search;maxiter
#search;maxiter
#search;maxiter
w;16
#search;maxiter
49.467676401138306
[[44.85       39.15       40.9        43.65      ]
 [44.55       39.45       41.3        43.75      ]
 [45.         37.75       42.8        42.25      ]
 [48.         39.15       43.15       42.2       ]
 [45.28997109 40.13054876 40.33233791 42.44212129]
 [44.9        37.55       41.8        43.25      ]
 [43.95       39.         41.45       43.65      ]
 [44.39662067 39.51932413 40.99831033 43.54831033]
 [45.22135293 39.28427059 43.18708235 42.11067647]
 [42.80545806 40.6        41.43575165 41.04579054]
 [46.7        39.9        42.45       42.95      ]
 [44.65       38.15919131 41.87183826 43.17183826]
 [47.85678343 39.55       43.2        41.94597929]
 [46.         39.85       42.45       42.25      ]
 [44.85       40.05       42.05       40.8       ]
 [47.10678343 39.55       41.85       42.59597929]
 [44.2        38.65       40.8        44.05      ]
 [47.75678343 39.95       42.95       42.09597929]
 [47.20678343 40.         42.85       41.19597929]]
budget;1899.90;1903.08;1901.41;1902.47;1901.86;1835.94;1903.21;1898.60;1902.08;1900.38;1902.41;1828.99;1900.03;1902.81;1898.11;1899.00;1902.82;1901.06;1902.54
size;118;118;122;123;117;125;117;122;122;120;122;126;123;123;123;121;116;122;121
#clust;conv2;size20;goal10
#search;maxiter
#search;maxiter
#search;maxiter
#added;1
#search;maxiter
#search;maxiter
#search;maxiter
#search;maxiter
#search;maxiter
#search;maxiter
#search;maxiter
#search;maxiter
#search;maxiter
#search;maxiter
#search;maxiter
#search;maxiter
w;32
#search;maxiter
75.19684338569641
[[45.9409916  38.85183303 41.41447998 44.58742481]
 [46.5        40.6        42.4        42.1       ]
 [45.4        40.05       42.05       44.05      ]
 [44.8        38.8        43.1        43.3       ]
 [44.62848183 39.22673736 42.48127562 44.43127562]
 [46.23514076 37.88328039 41.83328039 43.82161318]
 [48.05       40.55       43.45       42.75      ]
 [47.15       40.15       43.5        43.05      ]
 [46.49412069 38.20764828 41.40764828 44.48059311]
 [45.3909916  39.75183303 40.56447998 44.73742481]
 [45.8        40.45       41.25       44.6       ]
 [45.89412069 36.75764828 41.55764828 44.03059311]]
budget;1900.57;1898.59;1899.94;1902.38;1903.44;1903.12;1901.77;1901.46;1902.60;1902.69;1899.01;1902.70
size;125;122;126;127;127;124;126;127;124;123;127;125
#search;maxiter
#search;maxiter
#search;maxiter
#search;maxiter
#search;maxiter
#search;maxiter
#search;maxiter
#search;maxiter
#search;maxiter
#search;maxiter
#search;maxiter
#search;maxiter
#search;maxiter
#search;maxiter
#search;maxiter
#search;maxiter
#search;maxiter
#search;maxiter
#search;maxiter
#search;maxiter
#search;maxiter
#search;maxiter
#search;maxiter
#search;maxiter
#search;maxiter
#search;maxiter
#search;maxiter
#search;maxiter
#search;maxiter
#search;maxiter
#search;maxiter
w;64
#search;maxiter
152.76479721069336
[[44.97908369 40.76633476 41.2        43.84541845]
 [46.4        39.5        40.85       43.7       ]
 [43.15       41.         40.4        41.6       ]
 [45.9409916  38.85183303 41.41447998 44.58742481]
 [46.5        40.6        42.4        42.1       ]
 [45.65       39.9        44.15       44.2       ]
 [45.85       40.45       41.45       43.6       ]
 [48.05       40.55       43.45       42.75      ]
 [45.89412069 40.41683958 42.62948654 45.00243137]
 [47.15       40.15       43.5        43.05      ]
 [46.49412069 38.20764828 41.40764828 44.48059311]
 [45.6733001  40.72123129 42.92116201 43.0641348 ]
 [45.8        40.45       41.25       44.6       ]
 [46.23514076 37.88328039 41.83328039 43.82161318]]
budget;1902.93;1900.91;1900.01;1900.57;1898.59;1900.67;1898.69;1901.77;1901.12;1901.46;1902.60;1903.18;1899.01;1903.12
size;126;125;120;125;122;127;120;126;124;127;124;126;127;124
usage;shake;swapRandom=7
usage;shake;swapQuarter=17
usage;shake;swapThird=19
usage;shake;swapHalf=7
usage;shake;swapGroup=14
usage;shake;incrMin=16
usage;shake;incrMax=8
usage;shake;incrRnd=7
usage;shake;rndMin=13
usage;shake;rndMax=4
usage;shake;rndRnd=7
usage;shake;liftIncr=5
usage;shake;liftRnd=4
usage;search;swapOne=32
usage;search;inclRndMin=15
usage;search;inclRndMax=28
usage;search;inclRndRnd=23
usage;search;inclLowMin=25
usage;search;inclLowMax=25
usage;search;inclLowRnd=33
usage;search;inclHighMin=21
usage;search;inclHighMax=35
usage;search;inclHighRnd=25
usage;search;fundAtMin=25
usage;search;fundAtMax=29
usage;search;fundAtRnd=1
usage;search;exclRnd=35
usage;search;exclLow=42
usage;search;exclHigh=31
usage;search;inflGrMin=16
usage;search;inflGrMax=20
usage;search;inflGrRnd=21
usage;search;deflGrMin=31
usage;search;deflGrMax=27
usage;search;deflGrRnd=25
usage;search;exchGrMin=23
usage;search;exchGrMax=35
usage;search;exchGrRnd=27
usage;search;incrMin=60
usage;search;incrMax=84
usage;search;incrRnd=66
usage;search;rndMin=82
usage;search;rndMax=71
usage;search;rndRnd=74
usage;search;liftIncr=108
usage;search;liftRnd=105
end;152.772/317;63/64;11/26
electre;9.0;[[44.97908369 40.76633476 41.2        43.84541845]];1902.9252669013542;126
included;[11111111111111111111111111111111111111111111110111111111111101111111111111111111111111111111111111111111111111111111111111111111, 11111111111111111111111111111011111111111111111111111111111111111111111111111111111111111111111111111111111101111111101111111111, 11111111011111111111111111111111111111101110111111111101111111111111111111111111111111111111111111111111100101111111110111111111, 11111111011111111111111111111111111111111110111111111110111111111111111111111111111111111111111111111111111111111111111111111111, 11111111111111011111111111111111111111111110111111111111111111111111111111111111111111111111111111111111100111111111001111111111, 11111111111111111111111111111111111111111101111111111111111111111111111111111111111111111111111111111111111111111111111111111111, 11111111011111111111111111011111111111101110111111111111111111111111111111111111111111111111111111111111100101111111110111111111, 11111111111111111111111111111111011111101111111111111111111111111111111111111111111111111111111111111111111111111111111111111111, 11111111111111111111111111111111111111111111111111111111111111111111111111111111111011111111111111111111111111111101001111111111, 11111111111111111111111111111111111111111111111111111111111111111111111111111111111111110111111111111111111111111111111111111111, 11111111010111011111111111111111111111111111111111111111111111111111111111111111111011111111111111111111111111111111111111111111, 11111111111111110111111111111111111111101111111111111111111111111111111111111111111111111111111111111111111111111111111111111111, 11111111011111111111111111111111111111111111111111111111111111111111111111111111111111111111111111111111111111111111111111111111, 11111111010111011111111111111111111111111111111111111111111011111111111111111111111111111111111111111111111111111111111111111111]
electre;6.0;[[46.4  39.5  40.85 43.7 ]];1900.9100000000003;125
included;[11111111111111111111111111111111111111111111110111111111111101111111111111111111111111111111111111111111111111111111111111111111, 11111111111111111111111111111011111111111111111111111111111111111111111111111111111111111111111111111111111101111111101111111111, 11111111011111111111111111111111111111101110111111111101111111111111111111111111111111111111111111111111100101111111110111111111, 11111111011111111111111111111111111111111110111111111110111111111111111111111111111111111111111111111111111111111111111111111111, 11111111111111011111111111111111111111111110111111111111111111111111111111111111111111111111111111111111100111111111001111111111, 11111111111111111111111111111111111111111101111111111111111111111111111111111111111111111111111111111111111111111111111111111111, 11111111011111111111111111011111111111101110111111111111111111111111111111111111111111111111111111111111100101111111110111111111, 11111111111111111111111111111111011111101111111111111111111111111111111111111111111111111111111111111111111111111111111111111111, 11111111111111111111111111111111111111111111111111111111111111111111111111111111111011111111111111111111111111111101001111111111, 11111111111111111111111111111111111111111111111111111111111111111111111111111111111111110111111111111111111111111111111111111111, 11111111010111011111111111111111111111111111111111111111111111111111111111111111111011111111111111111111111111111111111111111111, 11111111111111110111111111111111111111101111111111111111111111111111111111111111111111111111111111111111111111111111111111111111, 11111111011111111111111111111111111111111111111111111111111111111111111111111111111111111111111111111111111111111111111111111111, 11111111010111011111111111111111111111111111111111111111111011111111111111111111111111111111111111111111111111111111111111111111]
electre;12.0;[[43.15 41.   40.4  41.6 ]];1900.0100000000004;120
included;[11111111111111111111111111111111111111111111110111111111111101111111111111111111111111111111111111111111111111111111111111111111, 11111111111111111111111111111011111111111111111111111111111111111111111111111111111111111111111111111111111101111111101111111111, 11111111011111111111111111111111111111101110111111111101111111111111111111111111111111111111111111111111100101111111110111111111, 11111111011111111111111111111111111111111110111111111110111111111111111111111111111111111111111111111111111111111111111111111111, 11111111111111011111111111111111111111111110111111111111111111111111111111111111111111111111111111111111100111111111001111111111, 11111111111111111111111111111111111111111101111111111111111111111111111111111111111111111111111111111111111111111111111111111111, 11111111011111111111111111011111111111101110111111111111111111111111111111111111111111111111111111111111100101111111110111111111, 11111111111111111111111111111111011111101111111111111111111111111111111111111111111111111111111111111111111111111111111111111111, 11111111111111111111111111111111111111111111111111111111111111111111111111111111111011111111111111111111111111111101001111111111, 11111111111111111111111111111111111111111111111111111111111111111111111111111111111111110111111111111111111111111111111111111111, 11111111010111011111111111111111111111111111111111111111111111111111111111111111111011111111111111111111111111111111111111111111, 11111111111111110111111111111111111111101111111111111111111111111111111111111111111111111111111111111111111111111111111111111111, 11111111011111111111111111111111111111111111111111111111111111111111111111111111111111111111111111111111111111111111111111111111, 11111111010111011111111111111111111111111111111111111111111011111111111111111111111111111111111111111111111111111111111111111111]
electre;-5.0;[[45.9409916  38.85183303 41.41447998 44.58742481]];1900.5736924406403;125
included;[11111111111111111111111111111111111111111111110111111111111101111111111111111111111111111111111111111111111111111111111111111111, 11111111111111111111111111111011111111111111111111111111111111111111111111111111111111111111111111111111111101111111101111111111, 11111111011111111111111111111111111111101110111111111101111111111111111111111111111111111111111111111111100101111111110111111111, 11111111011111111111111111111111111111111110111111111110111111111111111111111111111111111111111111111111111111111111111111111111, 11111111111111011111111111111111111111111110111111111111111111111111111111111111111111111111111111111111100111111111001111111111, 11111111111111111111111111111111111111111101111111111111111111111111111111111111111111111111111111111111111111111111111111111111, 11111111011111111111111111011111111111101110111111111111111111111111111111111111111111111111111111111111100101111111110111111111, 11111111111111111111111111111111011111101111111111111111111111111111111111111111111111111111111111111111111111111111111111111111, 11111111111111111111111111111111111111111111111111111111111111111111111111111111111011111111111111111111111111111101001111111111, 11111111111111111111111111111111111111111111111111111111111111111111111111111111111111110111111111111111111111111111111111111111, 11111111010111011111111111111111111111111111111111111111111111111111111111111111111011111111111111111111111111111111111111111111, 11111111111111110111111111111111111111101111111111111111111111111111111111111111111111111111111111111111111111111111111111111111, 11111111011111111111111111111111111111111111111111111111111111111111111111111111111111111111111111111111111111111111111111111111, 11111111010111011111111111111111111111111111111111111111111011111111111111111111111111111111111111111111111111111111111111111111]
electre;4.0;[[46.5 40.6 42.4 42.1]];1898.5900000000008;122
included;[11111111111111111111111111111111111111111111110111111111111101111111111111111111111111111111111111111111111111111111111111111111, 11111111111111111111111111111011111111111111111111111111111111111111111111111111111111111111111111111111111101111111101111111111, 11111111011111111111111111111111111111101110111111111101111111111111111111111111111111111111111111111111100101111111110111111111, 11111111011111111111111111111111111111111110111111111110111111111111111111111111111111111111111111111111111111111111111111111111, 11111111111111011111111111111111111111111110111111111111111111111111111111111111111111111111111111111111100111111111001111111111, 11111111111111111111111111111111111111111101111111111111111111111111111111111111111111111111111111111111111111111111111111111111, 11111111011111111111111111011111111111101110111111111111111111111111111111111111111111111111111111111111100101111111110111111111, 11111111111111111111111111111111011111101111111111111111111111111111111111111111111111111111111111111111111111111111111111111111, 11111111111111111111111111111111111111111111111111111111111111111111111111111111111011111111111111111111111111111101001111111111, 11111111111111111111111111111111111111111111111111111111111111111111111111111111111111110111111111111111111111111111111111111111, 11111111010111011111111111111111111111111111111111111111111111111111111111111111111011111111111111111111111111111111111111111111, 11111111111111110111111111111111111111101111111111111111111111111111111111111111111111111111111111111111111111111111111111111111, 11111111011111111111111111111111111111111111111111111111111111111111111111111111111111111111111111111111111111111111111111111111, 11111111010111011111111111111111111111111111111111111111111011111111111111111111111111111111111111111111111111111111111111111111]
electre;-6.0;[[45.65 39.9  44.15 44.2 ]];1900.6700000000003;127
included;[11111111111111111111111111111111111111111111110111111111111101111111111111111111111111111111111111111111111111111111111111111111, 11111111111111111111111111111011111111111111111111111111111111111111111111111111111111111111111111111111111101111111101111111111, 11111111011111111111111111111111111111101110111111111101111111111111111111111111111111111111111111111111100101111111110111111111, 11111111011111111111111111111111111111111110111111111110111111111111111111111111111111111111111111111111111111111111111111111111, 11111111111111011111111111111111111111111110111111111111111111111111111111111111111111111111111111111111100111111111001111111111, 11111111111111111111111111111111111111111101111111111111111111111111111111111111111111111111111111111111111111111111111111111111, 11111111011111111111111111011111111111101110111111111111111111111111111111111111111111111111111111111111100101111111110111111111, 11111111111111111111111111111111011111101111111111111111111111111111111111111111111111111111111111111111111111111111111111111111, 11111111111111111111111111111111111111111111111111111111111111111111111111111111111011111111111111111111111111111101001111111111, 11111111111111111111111111111111111111111111111111111111111111111111111111111111111111110111111111111111111111111111111111111111, 11111111010111011111111111111111111111111111111111111111111111111111111111111111111011111111111111111111111111111111111111111111, 11111111111111110111111111111111111111101111111111111111111111111111111111111111111111111111111111111111111111111111111111111111, 11111111011111111111111111111111111111111111111111111111111111111111111111111111111111111111111111111111111111111111111111111111, 11111111010111011111111111111111111111111111111111111111111011111111111111111111111111111111111111111111111111111111111111111111]
electre;4.0;[[45.85 40.45 41.45 43.6 ]];1898.6900000000007;120
included;[11111111111111111111111111111111111111111111110111111111111101111111111111111111111111111111111111111111111111111111111111111111, 11111111111111111111111111111011111111111111111111111111111111111111111111111111111111111111111111111111111101111111101111111111, 11111111011111111111111111111111111111101110111111111101111111111111111111111111111111111111111111111111100101111111110111111111, 11111111011111111111111111111111111111111110111111111110111111111111111111111111111111111111111111111111111111111111111111111111, 11111111111111011111111111111111111111111110111111111111111111111111111111111111111111111111111111111111100111111111001111111111, 11111111111111111111111111111111111111111101111111111111111111111111111111111111111111111111111111111111111111111111111111111111, 11111111011111111111111111011111111111101110111111111111111111111111111111111111111111111111111111111111100101111111110111111111, 11111111111111111111111111111111011111101111111111111111111111111111111111111111111111111111111111111111111111111111111111111111, 11111111111111111111111111111111111111111111111111111111111111111111111111111111111011111111111111111111111111111101001111111111, 11111111111111111111111111111111111111111111111111111111111111111111111111111111111111110111111111111111111111111111111111111111, 11111111010111011111111111111111111111111111111111111111111111111111111111111111111011111111111111111111111111111111111111111111, 11111111111111110111111111111111111111101111111111111111111111111111111111111111111111111111111111111111111111111111111111111111, 11111111011111111111111111111111111111111111111111111111111111111111111111111111111111111111111111111111111111111111111111111111, 11111111010111011111111111111111111111111111111111111111111011111111111111111111111111111111111111111111111111111111111111111111]
electre;-6.0;[[48.05 40.55 43.45 42.75]];1901.7700000000004;126
included;[11111111111111111111111111111111111111111111110111111111111101111111111111111111111111111111111111111111111111111111111111111111, 11111111111111111111111111111011111111111111111111111111111111111111111111111111111111111111111111111111111101111111101111111111, 11111111011111111111111111111111111111101110111111111101111111111111111111111111111111111111111111111111100101111111110111111111, 11111111011111111111111111111111111111111110111111111110111111111111111111111111111111111111111111111111111111111111111111111111, 11111111111111011111111111111111111111111110111111111111111111111111111111111111111111111111111111111111100111111111001111111111, 11111111111111111111111111111111111111111101111111111111111111111111111111111111111111111111111111111111111111111111111111111111, 11111111011111111111111111011111111111101110111111111111111111111111111111111111111111111111111111111111100101111111110111111111, 11111111111111111111111111111111011111101111111111111111111111111111111111111111111111111111111111111111111111111111111111111111, 11111111111111111111111111111111111111111111111111111111111111111111111111111111111011111111111111111111111111111101001111111111, 11111111111111111111111111111111111111111111111111111111111111111111111111111111111111110111111111111111111111111111111111111111, 11111111010111011111111111111111111111111111111111111111111111111111111111111111111011111111111111111111111111111111111111111111, 11111111111111110111111111111111111111101111111111111111111111111111111111111111111111111111111111111111111111111111111111111111, 11111111011111111111111111111111111111111111111111111111111111111111111111111111111111111111111111111111111111111111111111111111, 11111111010111011111111111111111111111111111111111111111111011111111111111111111111111111111111111111111111111111111111111111111]
electre;-11.0;[[45.89412069 40.41683958 42.62948654 45.00243137]];1901.1240533881298;124
included;[11111111111111111111111111111111111111111111110111111111111101111111111111111111111111111111111111111111111111111111111111111111, 11111111111111111111111111111011111111111111111111111111111111111111111111111111111111111111111111111111111101111111101111111111, 11111111011111111111111111111111111111101110111111111101111111111111111111111111111111111111111111111111100101111111110111111111, 11111111011111111111111111111111111111111110111111111110111111111111111111111111111111111111111111111111111111111111111111111111, 11111111111111011111111111111111111111111110111111111111111111111111111111111111111111111111111111111111100111111111001111111111, 11111111111111111111111111111111111111111101111111111111111111111111111111111111111111111111111111111111111111111111111111111111, 11111111011111111111111111011111111111101110111111111111111111111111111111111111111111111111111111111111100101111111110111111111, 11111111111111111111111111111111011111101111111111111111111111111111111111111111111111111111111111111111111111111111111111111111, 11111111111111111111111111111111111111111111111111111111111111111111111111111111111011111111111111111111111111111101001111111111, 11111111111111111111111111111111111111111111111111111111111111111111111111111111111111110111111111111111111111111111111111111111, 11111111010111011111111111111111111111111111111111111111111111111111111111111111111011111111111111111111111111111111111111111111, 11111111111111110111111111111111111111101111111111111111111111111111111111111111111111111111111111111111111111111111111111111111, 11111111011111111111111111111111111111111111111111111111111111111111111111111111111111111111111111111111111111111111111111111111, 11111111010111011111111111111111111111111111111111111111111011111111111111111111111111111111111111111111111111111111111111111111]
electre;-8.0;[[47.15 40.15 43.5  43.05]];1901.46;127
included;[11111111111111111111111111111111111111111111110111111111111101111111111111111111111111111111111111111111111111111111111111111111, 11111111111111111111111111111011111111111111111111111111111111111111111111111111111111111111111111111111111101111111101111111111, 11111111011111111111111111111111111111101110111111111101111111111111111111111111111111111111111111111111100101111111110111111111, 11111111011111111111111111111111111111111110111111111110111111111111111111111111111111111111111111111111111111111111111111111111, 11111111111111011111111111111111111111111110111111111111111111111111111111111111111111111111111111111111100111111111001111111111, 11111111111111111111111111111111111111111101111111111111111111111111111111111111111111111111111111111111111111111111111111111111, 11111111011111111111111111011111111111101110111111111111111111111111111111111111111111111111111111111111100101111111110111111111, 11111111111111111111111111111111011111101111111111111111111111111111111111111111111111111111111111111111111111111111111111111111, 11111111111111111111111111111111111111111111111111111111111111111111111111111111111011111111111111111111111111111101001111111111, 11111111111111111111111111111111111111111111111111111111111111111111111111111111111111110111111111111111111111111111111111111111, 11111111010111011111111111111111111111111111111111111111111111111111111111111111111011111111111111111111111111111111111111111111, 11111111111111110111111111111111111111101111111111111111111111111111111111111111111111111111111111111111111111111111111111111111, 11111111011111111111111111111111111111111111111111111111111111111111111111111111111111111111111111111111111111111111111111111111, 11111111010111011111111111111111111111111111111111111111111011111111111111111111111111111111111111111111111111111111111111111111]
electre;-5.0;[[46.49412069 38.20764828 41.40764828 44.48059311]];1902.598531522874;124
included;[11111111111111111111111111111111111111111111110111111111111101111111111111111111111111111111111111111111111111111111111111111111, 11111111111111111111111111111011111111111111111111111111111111111111111111111111111111111111111111111111111101111111101111111111, 11111111011111111111111111111111111111101110111111111101111111111111111111111111111111111111111111111111100101111111110111111111, 11111111011111111111111111111111111111111110111111111110111111111111111111111111111111111111111111111111111111111111111111111111, 11111111111111011111111111111111111111111110111111111111111111111111111111111111111111111111111111111111100111111111001111111111, 11111111111111111111111111111111111111111101111111111111111111111111111111111111111111111111111111111111111111111111111111111111, 11111111011111111111111111011111111111101110111111111111111111111111111111111111111111111111111111111111100101111111110111111111, 11111111111111111111111111111111011111101111111111111111111111111111111111111111111111111111111111111111111111111111111111111111, 11111111111111111111111111111111111111111111111111111111111111111111111111111111111011111111111111111111111111111101001111111111, 11111111111111111111111111111111111111111111111111111111111111111111111111111111111111110111111111111111111111111111111111111111, 11111111010111011111111111111111111111111111111111111111111111111111111111111111111011111111111111111111111111111111111111111111, 11111111111111110111111111111111111111101111111111111111111111111111111111111111111111111111111111111111111111111111111111111111, 11111111011111111111111111111111111111111111111111111111111111111111111111111111111111111111111111111111111111111111111111111111, 11111111010111011111111111111111111111111111111111111111111011111111111111111111111111111111111111111111111111111111111111111111]
electre;5.0;[[45.6733001  40.72123129 42.92116201 43.0641348 ]];1903.1758770843494;126
included;[11111111111111111111111111111111111111111111110111111111111101111111111111111111111111111111111111111111111111111111111111111111, 11111111111111111111111111111011111111111111111111111111111111111111111111111111111111111111111111111111111101111111101111111111, 11111111011111111111111111111111111111101110111111111101111111111111111111111111111111111111111111111111100101111111110111111111, 11111111011111111111111111111111111111111110111111111110111111111111111111111111111111111111111111111111111111111111111111111111, 11111111111111011111111111111111111111111110111111111111111111111111111111111111111111111111111111111111100111111111001111111111, 11111111111111111111111111111111111111111101111111111111111111111111111111111111111111111111111111111111111111111111111111111111, 11111111011111111111111111011111111111101110111111111111111111111111111111111111111111111111111111111111100101111111110111111111, 11111111111111111111111111111111011111101111111111111111111111111111111111111111111111111111111111111111111111111111111111111111, 11111111111111111111111111111111111111111111111111111111111111111111111111111111111011111111111111111111111111111101001111111111, 11111111111111111111111111111111111111111111111111111111111111111111111111111111111111110111111111111111111111111111111111111111, 11111111010111011111111111111111111111111111111111111111111111111111111111111111111011111111111111111111111111111111111111111111, 11111111111111110111111111111111111111101111111111111111111111111111111111111111111111111111111111111111111111111111111111111111, 11111111011111111111111111111111111111111111111111111111111111111111111111111111111111111111111111111111111111111111111111111111, 11111111010111011111111111111111111111111111111111111111111011111111111111111111111111111111111111111111111111111111111111111111]
electre;2.0;[[45.8  40.45 41.25 44.6 ]];1899.01;127
included;[11111111111111111111111111111111111111111111110111111111111101111111111111111111111111111111111111111111111111111111111111111111, 11111111111111111111111111111011111111111111111111111111111111111111111111111111111111111111111111111111111101111111101111111111, 11111111011111111111111111111111111111101110111111111101111111111111111111111111111111111111111111111111100101111111110111111111, 11111111011111111111111111111111111111111110111111111110111111111111111111111111111111111111111111111111111111111111111111111111, 11111111111111011111111111111111111111111110111111111111111111111111111111111111111111111111111111111111100111111111001111111111, 11111111111111111111111111111111111111111101111111111111111111111111111111111111111111111111111111111111111111111111111111111111, 11111111011111111111111111011111111111101110111111111111111111111111111111111111111111111111111111111111100101111111110111111111, 11111111111111111111111111111111011111101111111111111111111111111111111111111111111111111111111111111111111111111111111111111111, 11111111111111111111111111111111111111111111111111111111111111111111111111111111111011111111111111111111111111111101001111111111, 11111111111111111111111111111111111111111111111111111111111111111111111111111111111111110111111111111111111111111111111111111111, 11111111010111011111111111111111111111111111111111111111111111111111111111111111111011111111111111111111111111111111111111111111, 11111111111111110111111111111111111111101111111111111111111111111111111111111111111111111111111111111111111111111111111111111111, 11111111011111111111111111111111111111111111111111111111111111111111111111111111111111111111111111111111111111111111111111111111, 11111111010111011111111111111111111111111111111111111111111011111111111111111111111111111111111111111111111111111111111111111111]
electre;-1.0;[[46.23514076 37.88328039 41.83328039 43.82161318]];1903.1209295691606;124
included;[11111111111111111111111111111111111111111111110111111111111101111111111111111111111111111111111111111111111111111111111111111111, 11111111111111111111111111111011111111111111111111111111111111111111111111111111111111111111111111111111111101111111101111111111, 11111111011111111111111111111111111111101110111111111101111111111111111111111111111111111111111111111111100101111111110111111111, 11111111011111111111111111111111111111111110111111111110111111111111111111111111111111111111111111111111111111111111111111111111, 11111111111111011111111111111111111111111110111111111111111111111111111111111111111111111111111111111111100111111111001111111111, 11111111111111111111111111111111111111111101111111111111111111111111111111111111111111111111111111111111111111111111111111111111, 11111111011111111111111111011111111111101110111111111111111111111111111111111111111111111111111111111111100101111111110111111111, 11111111111111111111111111111111011111101111111111111111111111111111111111111111111111111111111111111111111111111111111111111111, 11111111111111111111111111111111111111111111111111111111111111111111111111111111111011111111111111111111111111111101001111111111, 11111111111111111111111111111111111111111111111111111111111111111111111111111111111111110111111111111111111111111111111111111111, 11111111010111011111111111111111111111111111111111111111111111111111111111111111111011111111111111111111111111111111111111111111, 11111111111111110111111111111111111111101111111111111111111111111111111111111111111111111111111111111111111111111111111111111111, 11111111011111111111111111111111111111111111111111111111111111111111111111111111111111111111111111111111111111111111111111111111, 11111111010111011111111111111111111111111111111111111111111011111111111111111111111111111111111111111111111111111111111111111111]
