#search;maxiter
3.3445310592651367
[[37.25       40.65       38.55       38.2       ]
 [35.47575385 40.27876926 41.35       37.08938463]
 [35.15       41.05       39.6        39.45      ]
 [32.4        41.25       38.45       37.75      ]
 [35.4        40.65       39.2        39.45      ]
 [35.35       42.1        37.75       39.45      ]
 [35.3        42.25       37.55       39.9       ]
 [33.92244613 41.96223063 38.3        37.13111532]
 [35.45       40.85       38.95       38.9       ]
 [35.5        41.8        37.25       39.3       ]
 [36.7        40.15       40.         39.05      ]
 [32.86672321 41.78361607 38.13361607 37.26680803]
 [33.44375848 41.81879238 38.11879238 37.80939619]
 [33.11789343 41.93946713 37.96973356 37.6215737 ]]
budget;1850.60;1850.21;1852.30;1821.97;1851.75;1850.97;1853.35;1830.21;1853.40;1850.36;1848.88;1813.93;1836.35;1843.46
size;109;113;115;127;114;112;113;127;114;111;113;128;128;128
w;1
#clust;conv1;size20;goal10
#search;maxiter
7.5134437084198
[[35.47575385 40.27876926 41.35       37.08938463]
 [35.4        40.65       39.2        39.45      ]
 [35.45       42.2        38.05122016 37.93195226]
 [33.26124095 40.91798551 39.71798551 37.32248189]
 [35.3        42.25       37.55       39.9       ]
 [33.92244613 41.96223063 38.3        37.13111532]
 [35.4        41.5        37.45122016 38.83195226]
 [33.2        42.05       37.8        38.5       ]
 [36.6        43.1        36.9        39.75      ]
 [36.35       42.         37.30122016 38.88195226]
 [33.44375848 41.81879238 38.11879238 37.80939619]]
budget;1850.21;1851.75;1852.85;1853.68;1853.35;1830.21;1852.33;1853.28;1852.81;1852.94;1836.35
size;113;114;116;122;113;127;115;114;116;117;128
w;2
#search;maxiter
10.44819712638855
[[35.47575385 40.27876926 41.35       37.08938463]
 [34.58461852 42.9248482  38.73287016 39.74390694]
 [35.8        44.25       38.4        40.3       ]
 [35.4        40.65       39.2        39.45      ]
 [34.99375848 41.16879238 39.56879238 39.40939619]
 [34.65       42.7        40.15       37.25      ]
 [34.72151386 42.11174354 38.61631232 39.98323439]
 [36.95       43.85       39.85       39.2       ]
 [36.6        43.1        36.9        39.75      ]
 [35.00401732 41.58132216 38.14046499 40.42216386]
 [35.33720811 42.53132216 38.63934412 39.89649652]]
budget;1850.21;1854.05;1850.05;1851.75;1854.18;1853.43;1847.26;1853.98;1852.81;1854.15;1853.99
size;113;118;125;114;126;127;119;124;116;118;117
#search;maxiter
w;4
#search;maxiter
13.6162588596344
[[35.47575385 40.27876926 41.35       37.08938463]
 [34.58461852 42.9248482  38.73287016 39.74390694]
 [35.8        44.25       38.4        40.3       ]
 [35.4        40.65       39.2        39.45      ]
 [34.99375848 41.16879238 39.56879238 39.40939619]
 [34.65       42.7        40.15       37.25      ]
 [34.72151386 42.11174354 38.61631232 39.98323439]
 [36.95       43.85       39.85       39.2       ]
 [36.6        43.1        36.9        39.75      ]
 [35.00401732 41.58132216 38.14046499 40.42216386]
 [35.33720811 42.53132216 38.63934412 39.89649652]]
budget;1850.21;1854.05;1850.05;1851.75;1854.18;1853.43;1847.26;1853.98;1852.81;1854.15;1853.99
size;113;118;125;114;126;127;119;124;116;118;117
#search;maxiter
#search;maxiter
#search;maxiter
w;8
#search;maxiter
20.531006813049316
[[35.47575385 40.27876926 41.35       37.08938463]
 [34.58461852 42.9248482  38.73287016 39.74390694]
 [35.8        44.25       38.4        40.3       ]
 [35.4        40.65       39.2        39.45      ]
 [34.99375848 41.16879238 39.56879238 39.40939619]
 [34.65       42.7        40.15       37.25      ]
 [34.72151386 42.11174354 38.61631232 39.98323439]
 [33.85114493 39.70720365 36.40391565 40.47166961]
 [36.95       43.85       39.85       39.2       ]
 [36.6        43.1        36.9        39.75      ]
 [35.00401732 41.58132216 38.14046499 40.42216386]
 [35.33720811 42.53132216 38.63934412 39.89649652]]
budget;1850.21;1854.05;1850.05;1851.75;1854.18;1853.43;1847.26;1843.66;1853.98;1852.81;1854.15;1853.99
size;113;118;125;114;126;127;119;96;124;116;118;117
#search;maxiter
#search;maxiter
#search;maxiter
#clust;conv1;size20;goal10
#search;maxiter
#search;maxiter
#search;maxiter
#search;maxiter
w;16
#search;maxiter
47.440833568573
[[37.72191026 42.92191026 40.71488783 41.16488783]
 [37.16312998 42.67488866 43.63950908 40.59193625]
 [37.82894945 42.01473052 40.36690304 38.6094873 ]
 [38.19776543 42.33286777 40.2700008  38.90209487]
 [35.63144237 43.60555401 41.20634276 39.52251478]
 [37.29863577 44.19776165 41.12033929 40.23038698]
 [37.41574299 42.96406164 40.00550281 37.72510218]
 [36.15       44.2        41.7        39.5       ]
 [38.15344009 42.28137604 39.33137604 39.65688019]
 [38.71574299 42.21406164 42.10550281 37.47510218]
 [35.85       45.35       39.95       40.05      ]
 [37.75831381 41.60057372 40.13379767 39.03418443]
 [38.10087786 41.40462496 41.03379767 40.08418443]
 [38.89756174 42.68240464 41.9738458  37.82103737]
 [38.95083144 42.76232212 41.95908462 37.90095485]
 [37.27069435 43.2176473  40.64951167 40.9258972 ]]
budget;1853.16;1853.32;1852.40;1851.22;1852.67;1853.38;1853.30;1852.23;1851.40;1851.95;1851.03;1853.26;1852.99;1852.70;1854.02;1853.77
size;114;119;117;113;123;126;119;127;123;120;124;122;121;122;122;111
#search;maxiter
#search;maxiter
#search;maxiter
#clust;conv1;size20;goal10
#search;maxiter
#search;maxiter
#search;maxiter
#search;maxiter
#search;maxiter
#search;maxiter
#search;maxiter
#search;maxiter
#search;maxiter
#search;maxiter
#search;maxiter
#search;maxiter
w;32
#search;maxiter
95.79045057296753
[[37.16312998 42.67488866 43.63950908 40.59193625]
 [36.80097163 44.36377847 41.06235568 39.16748921]
 [37.35541396 43.02246335 40.92809501 39.02849804]
 [37.82894945 42.01473052 40.36690304 38.6094873 ]
 [37.22267113 44.52080447 40.79715923 39.06141063]
 [37.42789937 42.84568488 41.28756536 38.9401088 ]
 [37.21652746 44.09858201 41.05797644 39.06141063]
 [37.35134819 42.74417452 41.186055   39.01833362]
 [38.93431135 41.64077005 39.98137604 40.15922869]
 [36.15       44.2        41.7        39.5       ]
 [39.22660261 42.0179573  39.39990605 38.56151269]
 [35.60902786 43.38740553 41.10653904 40.70571741]
 [38.71574299 42.21406164 42.10550281 37.47510218]
 [38.19776543 42.33286777 40.2700008  38.90209487]
 [37.27069435 43.2176473  40.64951167 40.9258972 ]
 [38.89756174 42.68240464 41.9738458  37.82103737]
 [36.78707057 44.57255008 40.43159897 38.57429084]]
budget;1853.32;1854.11;1852.94;1852.40;1852.79;1848.17;1852.61;1852.72;1828.57;1852.23;1853.94;1853.68;1851.95;1851.22;1853.77;1852.70;1824.87
size;119;123;125;117;123;124;123;125;127;127;123;125;120;113;111;122;124
#search;maxiter
#clust;conv1;size20;goal10
#search;maxiter
#search;maxiter
#search;maxiter
#search;maxiter
#search;maxiter
#search;maxiter
#search;maxiter
#search;maxiter
#search;maxiter
#search;maxiter
#search;maxiter
#search;maxiter
#search;maxiter
#search;maxiter
#search;maxiter
#search;maxiter
#clust;conv2;size20;goal10
#search;maxiter
#added;1
#search;maxiter
#search;maxiter
#search;maxiter
#search;maxiter
#search;maxiter
#search;maxiter
#search;maxiter
#search;maxiter
#search;maxiter
#search;maxiter
#search;maxiter
#search;maxiter
#search;maxiter
w;64
#search;maxiter
174.23621678352356
[[39.38087126 43.75939402 40.35       40.2023485 ]
 [39.23087126 43.75939402 40.95       40.4523485 ]
 [37.21158347 44.63229637 39.775221   40.25946855]
 [39.28087126 44.40939402 41.86440093 39.05594874]
 [36.9010073  43.44610034 43.55303811 40.35      ]
 [37.40814425 44.29679685 42.69994025 40.88366333]
 [38.45814425 44.09679685 42.94994025 41.28366333]
 [39.42818019 42.22268548 40.94433532 38.67861633]
 [38.25814425 44.73984455 41.51517876 40.13366333]
 [39.79137266 40.89142922 41.42444068 37.51997737]
 [36.7010073  44.70050365 42.2        39.85      ]
 [35.3010073  41.92111127 43.95303811 38.6       ]
 [39.36681838 42.85632937 40.88115994 39.26894423]
 [38.85789364 43.64317984 41.97546889 39.63366333]
 [39.31834382 41.28682345 41.50141183 37.7015543 ]]
budget;1849.49;1848.50;1854.06;1853.58;1851.40;1852.05;1853.28;1831.99;1832.81;1852.07;1852.06;1851.07;1847.81;1830.59;1839.08
size;126;124;114;127;120;116;116;117;118;116;126;119;118;118;116
usage;shake;swapRandom=14
usage;shake;swapQuarter=13
usage;shake;swapThird=11
usage;shake;swapHalf=12
usage;shake;swapGroup=14
usage;shake;incrMin=18
usage;shake;incrMax=4
usage;shake;incrRnd=5
usage;shake;rndMin=14
usage;shake;rndMax=7
usage;shake;rndRnd=2
usage;shake;liftIncr=8
usage;shake;liftRnd=6
usage;search;swapOne=39
usage;search;inclRndMin=17
usage;search;inclRndMax=19
usage;search;inclRndRnd=39
usage;search;inclLowMin=31
usage;search;inclLowMax=39
usage;search;inclLowRnd=41
usage;search;inclHighMin=41
usage;search;inclHighMax=30
usage;search;inclHighRnd=14
usage;search;fundAtMin=18
usage;search;fundAtMax=10
usage;search;fundAtRnd=37
usage;search;exclRnd=17
usage;search;exclLow=35
usage;search;exclHigh=35
usage;search;inflGrMin=18
usage;search;inflGrMax=21
usage;search;inflGrRnd=21
usage;search;deflGrMin=40
usage;search;deflGrMax=20
usage;search;deflGrRnd=26
usage;search;exchGrMin=17
usage;search;exchGrMax=24
usage;search;exchGrRnd=1
usage;search;incrMin=82
usage;search;incrMax=55
usage;search;incrRnd=68
usage;search;rndMin=38
usage;search;rndMax=93
usage;search;rndRnd=60
usage;search;liftIncr=80
usage;search;liftRnd=174
end;174.244/317;63/64;0/26
electre;2.0;[[39.38087126 43.75939402 40.35       40.2023485 ]];1849.4872064166186;126
included;[11111111111111111111111011111111111111111111111111101111111111111111111111111111111111111111111111111111111111111111111111111111, 11111111111101111111111011111110111111111111111111111111111111111111111111111111111111111111011111111111111111111111111111111111, 11101101111011111111111011111101111110111111101101011111111111111111111111111111111110111111111101111110111111111101111111101111, 11111111111111111111111011111111111111111111111111111111111111111111111111111111111111111111111111111111111111111111111111111111, 11110111111111111111111111011111111111101111111111111111111111111111011111111011111011011111111011111111111111111111111111111111, 11110111111111111111111011111101110110111111111111001111111111111111111111111111111010011111111111111111111111111101111111101111, 11110111111111111111111011111101110110111111111111001111111111111111111111111111111010011111111111111111111111111101111111101111, 11111111111011111111111011111111111010111111111101001111111111111111110111111111111011111111111111111111101111111111111110111111, 11110111111111111111111011111101110110111111111111001111111111111111111111111111111010111111111111111111111111111101111111111111, 11111101110011111111111011111111111010111101111111001111111111111111110111111111111011111111111111111111111111111111111110111111, 11111111111111111111111111111111111111111111110111111111111111111111111111111111111111111111111101111111111111111111111111111111, 01110011110111111111111111111111111111111111111111110111111111111111111101111011111011011111111111111111111111111111111111111111, 11111111111011111111111011111111111110111111111101001111111111111111110111111111111011111111111111111111101111111111111110111111, 11110111111111111111111011111101110110111111111111001111111111111111111111111111111010111111111111111111111111111111111111101111, 11111111110011111111111011111111111010111101111111001111111111111111110111111111111011111111111111111111101111111111111110111111]
electre;-2.0;[[39.23087126 43.75939402 40.95       40.4523485 ]];1848.4972064166188;124
included;[11111111111111111111111011111111111111111111111111101111111111111111111111111111111111111111111111111111111111111111111111111111, 11111111111101111111111011111110111111111111111111111111111111111111111111111111111111111111011111111111111111111111111111111111, 11101101111011111111111011111101111110111111101101011111111111111111111111111111111110111111111101111110111111111101111111101111, 11111111111111111111111011111111111111111111111111111111111111111111111111111111111111111111111111111111111111111111111111111111, 11110111111111111111111111011111111111101111111111111111111111111111011111111011111011011111111011111111111111111111111111111111, 11110111111111111111111011111101110110111111111111001111111111111111111111111111111010011111111111111111111111111101111111101111, 11110111111111111111111011111101110110111111111111001111111111111111111111111111111010011111111111111111111111111101111111101111, 11111111111011111111111011111111111010111111111101001111111111111111110111111111111011111111111111111111101111111111111110111111, 11110111111111111111111011111101110110111111111111001111111111111111111111111111111010111111111111111111111111111101111111111111, 11111101110011111111111011111111111010111101111111001111111111111111110111111111111011111111111111111111111111111111111110111111, 11111111111111111111111111111111111111111111110111111111111111111111111111111111111111111111111101111111111111111111111111111111, 01110011110111111111111111111111111111111111111111110111111111111111111101111011111011011111111111111111111111111111111111111111, 11111111111011111111111011111111111110111111111101001111111111111111110111111111111011111111111111111111101111111111111110111111, 11110111111111111111111011111101110110111111111111001111111111111111111111111111111010111111111111111111111111111111111111101111, 11111111110011111111111011111111111010111101111111001111111111111111110111111111111011111111111111111111101111111111111110111111]
electre;-2.0;[[37.21158347 44.63229637 39.775221   40.25946855]];1854.057611663016;114
included;[11111111111111111111111011111111111111111111111111101111111111111111111111111111111111111111111111111111111111111111111111111111, 11111111111101111111111011111110111111111111111111111111111111111111111111111111111111111111011111111111111111111111111111111111, 11101101111011111111111011111101111110111111101101011111111111111111111111111111111110111111111101111110111111111101111111101111, 11111111111111111111111011111111111111111111111111111111111111111111111111111111111111111111111111111111111111111111111111111111, 11110111111111111111111111011111111111101111111111111111111111111111011111111011111011011111111011111111111111111111111111111111, 11110111111111111111111011111101110110111111111111001111111111111111111111111111111010011111111111111111111111111101111111101111, 11110111111111111111111011111101110110111111111111001111111111111111111111111111111010011111111111111111111111111101111111101111, 11111111111011111111111011111111111010111111111101001111111111111111110111111111111011111111111111111111101111111111111110111111, 11110111111111111111111011111101110110111111111111001111111111111111111111111111111010111111111111111111111111111101111111111111, 11111101110011111111111011111111111010111101111111001111111111111111110111111111111011111111111111111111111111111111111110111111, 11111111111111111111111111111111111111111111110111111111111111111111111111111111111111111111111101111111111111111111111111111111, 01110011110111111111111111111111111111111111111111110111111111111111111101111011111011011111111111111111111111111111111111111111, 11111111111011111111111011111111111110111111111101001111111111111111110111111111111011111111111111111111101111111111111110111111, 11110111111111111111111011111101110110111111111111001111111111111111111111111111111010111111111111111111111111111111111111101111, 11111111110011111111111011111111111010111101111111001111111111111111110111111111111011111111111111111111101111111111111110111111]
electre;-6.0;[[39.28087126 44.40939402 41.86440093 39.05594874]];1853.5800301766974;127
included;[11111111111111111111111011111111111111111111111111101111111111111111111111111111111111111111111111111111111111111111111111111111, 11111111111101111111111011111110111111111111111111111111111111111111111111111111111111111111011111111111111111111111111111111111, 11101101111011111111111011111101111110111111101101011111111111111111111111111111111110111111111101111110111111111101111111101111, 11111111111111111111111011111111111111111111111111111111111111111111111111111111111111111111111111111111111111111111111111111111, 11110111111111111111111111011111111111101111111111111111111111111111011111111011111011011111111011111111111111111111111111111111, 11110111111111111111111011111101110110111111111111001111111111111111111111111111111010011111111111111111111111111101111111101111, 11110111111111111111111011111101110110111111111111001111111111111111111111111111111010011111111111111111111111111101111111101111, 11111111111011111111111011111111111010111111111101001111111111111111110111111111111011111111111111111111101111111111111110111111, 11110111111111111111111011111101110110111111111111001111111111111111111111111111111010111111111111111111111111111101111111111111, 11111101110011111111111011111111111010111101111111001111111111111111110111111111111011111111111111111111111111111111111110111111, 11111111111111111111111111111111111111111111110111111111111111111111111111111111111111111111111101111111111111111111111111111111, 01110011110111111111111111111111111111111111111111110111111111111111111101111011111011011111111111111111111111111111111111111111, 11111111111011111111111011111111111110111111111101001111111111111111110111111111111011111111111111111111101111111111111110111111, 11110111111111111111111011111101110110111111111111001111111111111111111111111111111010111111111111111111111111111111111111101111, 11111111110011111111111011111111111010111101111111001111111111111111110111111111111011111111111111111111101111111111111110111111]
electre;0.0;[[36.9010073  43.44610034 43.55303811 40.35      ]];1851.4044617893337;120
included;[11111111111111111111111011111111111111111111111111101111111111111111111111111111111111111111111111111111111111111111111111111111, 11111111111101111111111011111110111111111111111111111111111111111111111111111111111111111111011111111111111111111111111111111111, 11101101111011111111111011111101111110111111101101011111111111111111111111111111111110111111111101111110111111111101111111101111, 11111111111111111111111011111111111111111111111111111111111111111111111111111111111111111111111111111111111111111111111111111111, 11110111111111111111111111011111111111101111111111111111111111111111011111111011111011011111111011111111111111111111111111111111, 11110111111111111111111011111101110110111111111111001111111111111111111111111111111010011111111111111111111111111101111111101111, 11110111111111111111111011111101110110111111111111001111111111111111111111111111111010011111111111111111111111111101111111101111, 11111111111011111111111011111111111010111111111101001111111111111111110111111111111011111111111111111111101111111111111110111111, 11110111111111111111111011111101110110111111111111001111111111111111111111111111111010111111111111111111111111111101111111111111, 11111101110011111111111011111111111010111101111111001111111111111111110111111111111011111111111111111111111111111111111110111111, 11111111111111111111111111111111111111111111110111111111111111111111111111111111111111111111111101111111111111111111111111111111, 01110011110111111111111111111111111111111111111111110111111111111111111101111011111011011111111111111111111111111111111111111111, 11111111111011111111111011111111111110111111111101001111111111111111110111111111111011111111111111111111101111111111111110111111, 11110111111111111111111011111101110110111111111111001111111111111111111111111111111010111111111111111111111111111111111111101111, 11111111110011111111111011111111111010111101111111001111111111111111110111111111111011111111111111111111101111111111111110111111]
electre;-9.0;[[37.40814425 44.29679685 42.69994025 40.88366333]];1852.0452096349109;116
included;[11111111111111111111111011111111111111111111111111101111111111111111111111111111111111111111111111111111111111111111111111111111, 11111111111101111111111011111110111111111111111111111111111111111111111111111111111111111111011111111111111111111111111111111111, 11101101111011111111111011111101111110111111101101011111111111111111111111111111111110111111111101111110111111111101111111101111, 11111111111111111111111011111111111111111111111111111111111111111111111111111111111111111111111111111111111111111111111111111111, 11110111111111111111111111011111111111101111111111111111111111111111011111111011111011011111111011111111111111111111111111111111, 11110111111111111111111011111101110110111111111111001111111111111111111111111111111010011111111111111111111111111101111111101111, 11110111111111111111111011111101110110111111111111001111111111111111111111111111111010011111111111111111111111111101111111101111, 11111111111011111111111011111111111010111111111101001111111111111111110111111111111011111111111111111111101111111111111110111111, 11110111111111111111111011111101110110111111111111001111111111111111111111111111111010111111111111111111111111111101111111111111, 11111101110011111111111011111111111010111101111111001111111111111111110111111111111011111111111111111111111111111111111110111111, 11111111111111111111111111111111111111111111110111111111111111111111111111111111111111111111111101111111111111111111111111111111, 01110011110111111111111111111111111111111111111111110111111111111111111101111011111011011111111111111111111111111111111111111111, 11111111111011111111111011111111111110111111111101001111111111111111110111111111111011111111111111111111101111111111111110111111, 11110111111111111111111011111101110110111111111111001111111111111111111111111111111010111111111111111111111111111111111111101111, 11111111110011111111111011111111111010111101111111001111111111111111110111111111111011111111111111111111101111111111111110111111]
electre;-13.0;[[38.45814425 44.09679685 42.94994025 41.28366333]];1853.2752096349113;116
included;[11111111111111111111111011111111111111111111111111101111111111111111111111111111111111111111111111111111111111111111111111111111, 11111111111101111111111011111110111111111111111111111111111111111111111111111111111111111111011111111111111111111111111111111111, 11101101111011111111111011111101111110111111101101011111111111111111111111111111111110111111111101111110111111111101111111101111, 11111111111111111111111011111111111111111111111111111111111111111111111111111111111111111111111111111111111111111111111111111111, 11110111111111111111111111011111111111101111111111111111111111111111011111111011111011011111111011111111111111111111111111111111, 11110111111111111111111011111101110110111111111111001111111111111111111111111111111010011111111111111111111111111101111111101111, 11110111111111111111111011111101110110111111111111001111111111111111111111111111111010011111111111111111111111111101111111101111, 11111111111011111111111011111111111010111111111101001111111111111111110111111111111011111111111111111111101111111111111110111111, 11110111111111111111111011111101110110111111111111001111111111111111111111111111111010111111111111111111111111111101111111111111, 11111101110011111111111011111111111010111101111111001111111111111111110111111111111011111111111111111111111111111111111110111111, 11111111111111111111111111111111111111111111110111111111111111111111111111111111111111111111111101111111111111111111111111111111, 01110011110111111111111111111111111111111111111111110111111111111111111101111011111011011111111111111111111111111111111111111111, 11111111111011111111111011111111111110111111111101001111111111111111110111111111111011111111111111111111101111111111111110111111, 11110111111111111111111011111101110110111111111111001111111111111111111111111111111010111111111111111111111111111111111111101111, 11111111110011111111111011111111111010111101111111001111111111111111110111111111111011111111111111111111101111111111111110111111]
electre;9.0;[[39.42818019 42.22268548 40.94433532 38.67861633]];1831.990466595069;117
included;[11111111111111111111111011111111111111111111111111101111111111111111111111111111111111111111111111111111111111111111111111111111, 11111111111101111111111011111110111111111111111111111111111111111111111111111111111111111111011111111111111111111111111111111111, 11101101111011111111111011111101111110111111101101011111111111111111111111111111111110111111111101111110111111111101111111101111, 11111111111111111111111011111111111111111111111111111111111111111111111111111111111111111111111111111111111111111111111111111111, 11110111111111111111111111011111111111101111111111111111111111111111011111111011111011011111111011111111111111111111111111111111, 11110111111111111111111011111101110110111111111111001111111111111111111111111111111010011111111111111111111111111101111111101111, 11110111111111111111111011111101110110111111111111001111111111111111111111111111111010011111111111111111111111111101111111101111, 11111111111011111111111011111111111010111111111101001111111111111111110111111111111011111111111111111111101111111111111110111111, 11110111111111111111111011111101110110111111111111001111111111111111111111111111111010111111111111111111111111111101111111111111, 11111101110011111111111011111111111010111101111111001111111111111111110111111111111011111111111111111111111111111111111110111111, 11111111111111111111111111111111111111111111110111111111111111111111111111111111111111111111111101111111111111111111111111111111, 01110011110111111111111111111111111111111111111111110111111111111111111101111011111011011111111111111111111111111111111111111111, 11111111111011111111111011111111111110111111111101001111111111111111110111111111111011111111111111111111101111111111111110111111, 11110111111111111111111011111101110110111111111111001111111111111111111111111111111010111111111111111111111111111111111111101111, 11111111110011111111111011111111111010111101111111001111111111111111110111111111111011111111111111111111101111111111111110111111]
electre;-11.0;[[38.25814425 44.73984455 41.51517876 40.13366333]];1832.8052764045965;118
included;[11111111111111111111111011111111111111111111111111101111111111111111111111111111111111111111111111111111111111111111111111111111, 11111111111101111111111011111110111111111111111111111111111111111111111111111111111111111111011111111111111111111111111111111111, 11101101111011111111111011111101111110111111101101011111111111111111111111111111111110111111111101111110111111111101111111101111, 11111111111111111111111011111111111111111111111111111111111111111111111111111111111111111111111111111111111111111111111111111111, 11110111111111111111111111011111111111101111111111111111111111111111011111111011111011011111111011111111111111111111111111111111, 11110111111111111111111011111101110110111111111111001111111111111111111111111111111010011111111111111111111111111101111111101111, 11110111111111111111111011111101110110111111111111001111111111111111111111111111111010011111111111111111111111111101111111101111, 11111111111011111111111011111111111010111111111101001111111111111111110111111111111011111111111111111111101111111111111110111111, 11110111111111111111111011111101110110111111111111001111111111111111111111111111111010111111111111111111111111111101111111111111, 11111101110011111111111011111111111010111101111111001111111111111111110111111111111011111111111111111111111111111111111110111111, 11111111111111111111111111111111111111111111110111111111111111111111111111111111111111111111111101111111111111111111111111111111, 01110011110111111111111111111111111111111111111111110111111111111111111101111011111011011111111111111111111111111111111111111111, 11111111111011111111111011111111111110111111111101001111111111111111110111111111111011111111111111111111101111111111111110111111, 11110111111111111111111011111101110110111111111111001111111111111111111111111111111010111111111111111111111111111111111111101111, 11111111110011111111111011111111111010111101111111001111111111111111110111111111111011111111111111111111101111111111111110111111]
electre;14.0;[[39.79137266 40.89142922 41.42444068 37.51997737]];1852.0665551196507;116
included;[11111111111111111111111011111111111111111111111111101111111111111111111111111111111111111111111111111111111111111111111111111111, 11111111111101111111111011111110111111111111111111111111111111111111111111111111111111111111011111111111111111111111111111111111, 11101101111011111111111011111101111110111111101101011111111111111111111111111111111110111111111101111110111111111101111111101111, 11111111111111111111111011111111111111111111111111111111111111111111111111111111111111111111111111111111111111111111111111111111, 11110111111111111111111111011111111111101111111111111111111111111111011111111011111011011111111011111111111111111111111111111111, 11110111111111111111111011111101110110111111111111001111111111111111111111111111111010011111111111111111111111111101111111101111, 11110111111111111111111011111101110110111111111111001111111111111111111111111111111010011111111111111111111111111101111111101111, 11111111111011111111111011111111111010111111111101001111111111111111110111111111111011111111111111111111101111111111111110111111, 11110111111111111111111011111101110110111111111111001111111111111111111111111111111010111111111111111111111111111101111111111111, 11111101110011111111111011111111111010111101111111001111111111111111110111111111111011111111111111111111111111111111111110111111, 11111111111111111111111111111111111111111111110111111111111111111111111111111111111111111111111101111111111111111111111111111111, 01110011110111111111111111111111111111111111111111110111111111111111111101111011111011011111111111111111111111111111111111111111, 11111111111011111111111011111111111110111111111101001111111111111111110111111111111011111111111111111111101111111111111110111111, 11110111111111111111111011111101110110111111111111001111111111111111111111111111111010111111111111111111111111111111111111101111, 11111111110011111111111011111111111010111101111111001111111111111111110111111111111011111111111111111111101111111111111110111111]
electre;-7.0;[[36.7010073  44.70050365 42.2        39.85      ]];1852.059578387005;126
included;[11111111111111111111111011111111111111111111111111101111111111111111111111111111111111111111111111111111111111111111111111111111, 11111111111101111111111011111110111111111111111111111111111111111111111111111111111111111111011111111111111111111111111111111111, 11101101111011111111111011111101111110111111101101011111111111111111111111111111111110111111111101111110111111111101111111101111, 11111111111111111111111011111111111111111111111111111111111111111111111111111111111111111111111111111111111111111111111111111111, 11110111111111111111111111011111111111101111111111111111111111111111011111111011111011011111111011111111111111111111111111111111, 11110111111111111111111011111101110110111111111111001111111111111111111111111111111010011111111111111111111111111101111111101111, 11110111111111111111111011111101110110111111111111001111111111111111111111111111111010011111111111111111111111111101111111101111, 11111111111011111111111011111111111010111111111101001111111111111111110111111111111011111111111111111111101111111111111110111111, 11110111111111111111111011111101110110111111111111001111111111111111111111111111111010111111111111111111111111111101111111111111, 11111101110011111111111011111111111010111101111111001111111111111111110111111111111011111111111111111111111111111111111110111111, 11111111111111111111111111111111111111111111110111111111111111111111111111111111111111111111111101111111111111111111111111111111, 01110011110111111111111111111111111111111111111111110111111111111111111101111011111011011111111111111111111111111111111111111111, 11111111111011111111111011111111111110111111111101001111111111111111110111111111111011111111111111111111101111111111111110111111, 11110111111111111111111011111101110110111111111111001111111111111111111111111111111010111111111111111111111111111111111111101111, 11111111110011111111111011111111111010111101111111001111111111111111110111111111111011111111111111111111101111111111111110111111]
electre;4.0;[[35.3010073  41.92111127 43.95303811 38.6       ]];1851.0733292399627;119
included;[11111111111111111111111011111111111111111111111111101111111111111111111111111111111111111111111111111111111111111111111111111111, 11111111111101111111111011111110111111111111111111111111111111111111111111111111111111111111011111111111111111111111111111111111, 11101101111011111111111011111101111110111111101101011111111111111111111111111111111110111111111101111110111111111101111111101111, 11111111111111111111111011111111111111111111111111111111111111111111111111111111111111111111111111111111111111111111111111111111, 11110111111111111111111111011111111111101111111111111111111111111111011111111011111011011111111011111111111111111111111111111111, 11110111111111111111111011111101110110111111111111001111111111111111111111111111111010011111111111111111111111111101111111101111, 11110111111111111111111011111101110110111111111111001111111111111111111111111111111010011111111111111111111111111101111111101111, 11111111111011111111111011111111111010111111111101001111111111111111110111111111111011111111111111111111101111111111111110111111, 11110111111111111111111011111101110110111111111111001111111111111111111111111111111010111111111111111111111111111101111111111111, 11111101110011111111111011111111111010111101111111001111111111111111110111111111111011111111111111111111111111111111111110111111, 11111111111111111111111111111111111111111111110111111111111111111111111111111111111111111111111101111111111111111111111111111111, 01110011110111111111111111111111111111111111111111110111111111111111111101111011111011011111111111111111111111111111111111111111, 11111111111011111111111011111111111110111111111101001111111111111111110111111111111011111111111111111111101111111111111110111111, 11110111111111111111111011111101110110111111111111001111111111111111111111111111111010111111111111111111111111111111111111101111, 11111111110011111111111011111111111010111101111111001111111111111111110111111111111011111111111111111111101111111111111110111111]
electre;7.0;[[39.36681838 42.85632937 40.88115994 39.26894423]];1847.8123677132444;118
included;[11111111111111111111111011111111111111111111111111101111111111111111111111111111111111111111111111111111111111111111111111111111, 11111111111101111111111011111110111111111111111111111111111111111111111111111111111111111111011111111111111111111111111111111111, 11101101111011111111111011111101111110111111101101011111111111111111111111111111111110111111111101111110111111111101111111101111, 11111111111111111111111011111111111111111111111111111111111111111111111111111111111111111111111111111111111111111111111111111111, 11110111111111111111111111011111111111101111111111111111111111111111011111111011111011011111111011111111111111111111111111111111, 11110111111111111111111011111101110110111111111111001111111111111111111111111111111010011111111111111111111111111101111111101111, 11110111111111111111111011111101110110111111111111001111111111111111111111111111111010011111111111111111111111111101111111101111, 11111111111011111111111011111111111010111111111101001111111111111111110111111111111011111111111111111111101111111111111110111111, 11110111111111111111111011111101110110111111111111001111111111111111111111111111111010111111111111111111111111111101111111111111, 11111101110011111111111011111111111010111101111111001111111111111111110111111111111011111111111111111111111111111111111110111111, 11111111111111111111111111111111111111111111110111111111111111111111111111111111111111111111111101111111111111111111111111111111, 01110011110111111111111111111111111111111111111111110111111111111111111101111011111011011111111111111111111111111111111111111111, 11111111111011111111111011111111111110111111111101001111111111111111110111111111111011111111111111111111101111111111111110111111, 11110111111111111111111011111101110110111111111111001111111111111111111111111111111010111111111111111111111111111111111111101111, 11111111110011111111111011111111111010111101111111001111111111111111110111111111111011111111111111111111101111111111111110111111]
electre;2.0;[[38.85789364 43.64317984 41.97546889 39.63366333]];1830.5942151919603;118
included;[11111111111111111111111011111111111111111111111111101111111111111111111111111111111111111111111111111111111111111111111111111111, 11111111111101111111111011111110111111111111111111111111111111111111111111111111111111111111011111111111111111111111111111111111, 11101101111011111111111011111101111110111111101101011111111111111111111111111111111110111111111101111110111111111101111111101111, 11111111111111111111111011111111111111111111111111111111111111111111111111111111111111111111111111111111111111111111111111111111, 11110111111111111111111111011111111111101111111111111111111111111111011111111011111011011111111011111111111111111111111111111111, 11110111111111111111111011111101110110111111111111001111111111111111111111111111111010011111111111111111111111111101111111101111, 11110111111111111111111011111101110110111111111111001111111111111111111111111111111010011111111111111111111111111101111111101111, 11111111111011111111111011111111111010111111111101001111111111111111110111111111111011111111111111111111101111111111111110111111, 11110111111111111111111011111101110110111111111111001111111111111111111111111111111010111111111111111111111111111101111111111111, 11111101110011111111111011111111111010111101111111001111111111111111110111111111111011111111111111111111111111111111111110111111, 11111111111111111111111111111111111111111111110111111111111111111111111111111111111111111111111101111111111111111111111111111111, 01110011110111111111111111111111111111111111111111110111111111111111111101111011111011011111111111111111111111111111111111111111, 11111111111011111111111011111111111110111111111101001111111111111111110111111111111011111111111111111111101111111111111110111111, 11110111111111111111111011111101110110111111111111001111111111111111111111111111111010111111111111111111111111111111111111101111, 11111111110011111111111011111111111010111101111111001111111111111111110111111111111011111111111111111111101111111111111110111111]
electre;12.0;[[39.31834382 41.28682345 41.50141183 37.7015543 ]];1839.0778543791037;116
included;[11111111111111111111111011111111111111111111111111101111111111111111111111111111111111111111111111111111111111111111111111111111, 11111111111101111111111011111110111111111111111111111111111111111111111111111111111111111111011111111111111111111111111111111111, 11101101111011111111111011111101111110111111101101011111111111111111111111111111111110111111111101111110111111111101111111101111, 11111111111111111111111011111111111111111111111111111111111111111111111111111111111111111111111111111111111111111111111111111111, 11110111111111111111111111011111111111101111111111111111111111111111011111111011111011011111111011111111111111111111111111111111, 11110111111111111111111011111101110110111111111111001111111111111111111111111111111010011111111111111111111111111101111111101111, 11110111111111111111111011111101110110111111111111001111111111111111111111111111111010011111111111111111111111111101111111101111, 11111111111011111111111011111111111010111111111101001111111111111111110111111111111011111111111111111111101111111111111110111111, 11110111111111111111111011111101110110111111111111001111111111111111111111111111111010111111111111111111111111111101111111111111, 11111101110011111111111011111111111010111101111111001111111111111111110111111111111011111111111111111111111111111111111110111111, 11111111111111111111111111111111111111111111110111111111111111111111111111111111111111111111111101111111111111111111111111111111, 01110011110111111111111111111111111111111111111111110111111111111111111101111011111011011111111111111111111111111111111111111111, 11111111111011111111111011111111111110111111111101001111111111111111110111111111111011111111111111111111101111111111111110111111, 11110111111111111111111011111101110110111111111111001111111111111111111111111111111010111111111111111111111111111111111111101111, 11111111110011111111111011111111111010111101111111001111111111111111110111111111111011111111111111111111101111111111111110111111]
