#search;maxiter
1.4783673286437988
[[19.05      20.15      17.65      19.4      ]
 [18.9476638 20.7476638 18.5476638 20.5976638]
 [18.95      19.65      17.45      19.5      ]
 [18.9       20.8       17.95      19.8      ]
 [17.25      20.65      18.7       19.55     ]
 [19.        18.9       17.1       19.55     ]]
budget;960.04;971.66;960.01;964.43;944.24;968.94
size;63;63;62;64;61;63
w;1
#search;maxiter
4.267842054367065
[[19.05      20.15      17.65      19.4      ]
 [18.9476638 20.7476638 18.5476638 20.5976638]
 [18.95      19.65      17.45      19.5      ]
 [18.9       20.8       17.95      19.8      ]
 [17.25      20.65      18.7       19.55     ]
 [19.        18.9       17.1       19.55     ]]
budget;960.04;971.66;960.01;964.43;944.24;968.94
size;63;63;62;64;61;63
w;2
#search;maxiter
7.080460548400879
[[19.05      20.15      17.65      19.4      ]
 [18.9476638 20.7476638 18.5476638 20.5976638]
 [18.95      19.65      17.45      19.5      ]
 [18.9       20.8       17.95      19.8      ]
 [17.25      20.65      18.7       19.55     ]
 [19.        18.9       17.1       19.55     ]]
budget;960.04;971.66;960.01;964.43;944.24;968.94
size;63;63;62;64;61;63
#search;maxiter
w;4
#search;maxiter
10.59874963760376
[[19.05       20.15       17.65       19.4       ]
 [19.4        19.1        14.8        17.05      ]
 [18.9476638  20.7476638  18.5476638  20.5976638 ]
 [15.30323758 17.87077349 19.04154698 17.9883094 ]
 [18.95       19.65       17.45       19.5       ]
 [18.9        20.8        17.95       19.8       ]
 [17.25       20.65       18.7        19.55      ]
 [19.         18.9        17.1        19.55      ]]
budget;960.04;971.42;971.66;968.58;960.01;964.43;944.24;968.94
size;63;50;63;48;62;64;61;63
#search;maxiter
#search;maxiter
#search;maxiter
w;8
#search;maxiter
13.79234528541565
[[19.05       20.15       17.65       19.4       ]
 [19.4        19.1        14.8        17.05      ]
 [18.9476638  20.7476638  18.5476638  20.5976638 ]
 [15.30323758 17.87077349 19.04154698 17.9883094 ]
 [18.95       19.65       17.45       19.5       ]
 [18.24328146 18.63320365 18.99328146 17.33320365]
 [18.9        20.8        17.95       19.8       ]
 [16.39103487 20.9017362  17.75589293 16.60609536]
 [19.51662864 18.27897951 17.09503684 18.37602947]
 [17.25       20.65       18.7        19.55      ]
 [19.         18.9        17.1        19.55      ]]
budget;960.04;971.42;971.66;968.58;960.01;973.04;964.43;972.26;964.44;944.24;968.94
size;63;50;63;48;62;51;64;51;56;61;63
#search;maxiter
#search;maxiter
#search;maxiter
#search;maxiter
#search;maxiter
#search;maxiter
#search;maxiter
w;16
#search;maxiter
19.403379201889038
[[19.05       20.15       17.65       19.4       ]
 [19.4        19.1        14.8        17.05      ]
 [18.9476638  20.7476638  18.5476638  20.5976638 ]
 [15.30323758 17.87077349 19.04154698 17.9883094 ]
 [18.95       19.65       17.45       19.5       ]
 [18.24328146 18.63320365 18.99328146 17.33320365]
 [18.9        20.8        17.95       19.8       ]
 [16.39103487 20.9017362  17.75589293 16.60609536]
 [19.51662864 18.27897951 17.09503684 18.37602947]
 [17.25       20.65       18.7        19.55      ]
 [19.         18.9        17.1        19.55      ]]
budget;960.04;971.42;971.66;968.58;960.01;973.04;964.43;972.26;964.44;944.24;968.94
size;63;50;63;48;62;51;64;51;56;61;63
#search;maxiter
#search;maxiter
#search;maxiter
#search;maxiter
#search;maxiter
#search;maxiter
#search;maxiter
#search;maxiter
#search;maxiter
#search;maxiter
#search;maxiter
#search;maxiter
#search;maxiter
#search;maxiter
#search;maxiter
w;32
#search;maxiter
33.70188283920288
[[18.9476638  20.7476638  18.5476638  20.5976638 ]
 [15.30323758 17.87077349 19.04154698 17.9883094 ]
 [20.25       20.25       17.85       19.95      ]
 [18.24328146 18.63320365 18.99328146 17.33320365]
 [17.55       18.8        18.75       16.65      ]
 [19.7        20.65       17.45       18.6       ]
 [19.45       20.35       16.85       18.85      ]
 [18.9        20.8        17.95       19.8       ]
 [18.95       20.6        17.45       19.25      ]
 [17.17744116 18.71705346 19.01098108 16.40090327]
 [19.21804629 20.57218514 17.44511571 18.75      ]
 [17.91220777 17.76103886 19.21103886 17.96103886]
 [17.25       20.65       18.7        19.55      ]
 [16.39103487 20.9017362  17.75589293 16.60609536]
 [16.64560878 20.89484619 18.92164596 18.48412023]]
budget;971.66;968.58;970.65;973.04;965.57;965.42;972.75;964.43;971.83;973.35;972.52;970.83;944.24;972.26;964.32
size;63;48;58;51;52;58;58;64;57;52;59;53;61;51;53
#search;maxiter
#search;maxiter
#search;maxiter
#search;maxiter
#search;maxiter
#search;maxiter
#search;maxiter
#search;maxiter
#clust;conv1;size20;goal10
#search;maxiter
#search;maxiter
#search;maxiter
#search;maxiter
#search;maxiter
#search;maxiter
#search;maxiter
#search;maxiter
#search;maxiter
#search;maxiter
#clust;conv1;size20;goal10
#search;maxiter
#search;maxiter
#search;maxiter
#clust;conv2;size21;goal10
#search;maxiter
#clust;conv1;size20;goal10
#search;maxiter
#search;maxiter
#search;maxiter
#search;maxiter
#search;maxiter
#search;maxiter
#search;maxiter
#search;maxiter
#search;maxiter
w;64
#search;maxiter
74.39561605453491
[[17.9971551  20.60342621 18.75125398 20.24760033]
 [17.62125178 20.4535007  19.05181175 18.59390348]
 [20.         19.85       17.7        18.15      ]
 [18.01183456 19.47945312 18.04589348 18.35950334]
 [17.77233071 19.87930429 18.92713206 19.5734784 ]
 [19.6        20.5        17.75       18.55      ]
 [17.7798505  20.65191644 18.96746732 19.40115709]
 [18.6        19.8        17.95       18.5       ]
 [18.25551392 20.03262106 16.61859217 18.91019066]
 [17.91220777 17.76103886 19.21103886 17.96103886]
 [17.60447863 20.17317584 19.22100361 20.03731976]
 [18.3        19.65       18.15       17.6       ]
 [18.1        20.67995083 17.26592195 18.77995083]
 [18.75       19.9        16.95       18.75      ]
 [18.45       20.15712627 16.69142525 18.76570102]]
budget;972.59;973.58;971.66;971.50;972.28;971.51;973.61;966.42;970.23;970.83;973.19;972.42;971.85;943.78;973.35
size;63;61;58;59;62;58;61;59;63;53;62;58;63;63;62
usage;shake;swapRandom=12
usage;shake;swapQuarter=22
usage;shake;swapThird=9
usage;shake;swapHalf=6
usage;shake;swapGroup=15
usage;shake;incrMin=12
usage;shake;incrMax=6
usage;shake;incrRnd=5
usage;shake;rndMin=7
usage;shake;rndMax=15
usage;shake;rndRnd=6
usage;shake;liftIncr=9
usage;shake;liftRnd=4
usage;search;swapOne=23
usage;search;inclRndMin=33
usage;search;inclRndMax=26
usage;search;inclRndRnd=43
usage;search;inclLowMin=15
usage;search;inclLowMax=23
usage;search;inclLowRnd=34
usage;search;inclHighMin=16
usage;search;inclHighMax=17
usage;search;inclHighRnd=31
usage;search;fundAtMin=22
usage;search;fundAtMax=21
usage;search;fundAtRnd=25
usage;search;exclRnd=16
usage;search;exclLow=26
usage;search;exclHigh=36
usage;search;inflGrMin=39
usage;search;inflGrMax=23
usage;search;inflGrRnd=20
usage;search;deflGrMin=38
usage;search;deflGrMax=21
usage;search;deflGrRnd=31
usage;search;exchGrMin=30
usage;search;exchGrMax=13
usage;search;exchGrRnd=28
usage;search;incrMin=69
usage;search;incrMax=70
usage;search;incrRnd=69
usage;search;rndMin=105
usage;search;rndMax=64
usage;search;rndRnd=98
usage;search;liftIncr=71
usage;search;liftRnd=104
end;74.400/224;63/64;0/26
electre;-11.0;[[17.9971551  20.60342621 18.75125398 20.24760033]];972.5942544760459;63
included;[1011111111111111111111111111111111111111111111111111111111111111, 1011111111111111111111111111111110111111111111111111111111110111, 1011101111111111101111111110111110111111111111111111111111110111, 1011101111111111111111110110111110111111111111111111111111111111, 1111011111111111111111111110111111111111111111111111111111111111, 0011111111111111111111111110111110111111111111111111111111100111, 0111111111111111111111111110111110111111111111111111111111111111, 0011111111111111111111111111011110111111111111111111111111110111, 1111101111111111111111111111111111111111111111111111111111111111, 1110110111111111101111110110111111111011011110111111110110110111, 0111111111111111111111111110111111111111111111111111111111111111, 0111101110111111111111111111111111111111111111011111111100111111, 1111111111111111111111111111111111111111111111111111111110111111, 1111111111111111111111111111111111111011111111111111111111111111, 1011111111111111111101111111111111111111111111111111111111111111]
electre;5.0;[[17.62125178 20.4535007  19.05181175 18.59390348]];973.5811220009662;61
included;[1011111111111111111111111111111111111111111111111111111111111111, 1011111111111111111111111111111110111111111111111111111111110111, 1011101111111111101111111110111110111111111111111111111111110111, 1011101111111111111111110110111110111111111111111111111111111111, 1111011111111111111111111110111111111111111111111111111111111111, 0011111111111111111111111110111110111111111111111111111111100111, 0111111111111111111111111110111110111111111111111111111111111111, 0011111111111111111111111111011110111111111111111111111111110111, 1111101111111111111111111111111111111111111111111111111111111111, 1110110111111111101111110110111111111011011110111111110110110111, 0111111111111111111111111110111111111111111111111111111111111111, 0111101110111111111111111111111111111111111111011111111100111111, 1111111111111111111111111111111111111111111111111111111110111111, 1111111111111111111111111111111111111011111111111111111111111111, 1011111111111111111101111111111111111111111111111111111111111111]
electre;-3.0;[[20.   19.85 17.7  18.15]];971.6599999999997;58
included;[1011111111111111111111111111111111111111111111111111111111111111, 1011111111111111111111111111111110111111111111111111111111110111, 1011101111111111101111111110111110111111111111111111111111110111, 1011101111111111111111110110111110111111111111111111111111111111, 1111011111111111111111111110111111111111111111111111111111111111, 0011111111111111111111111110111110111111111111111111111111100111, 0111111111111111111111111110111110111111111111111111111111111111, 0011111111111111111111111111011110111111111111111111111111110111, 1111101111111111111111111111111111111111111111111111111111111111, 1110110111111111101111110110111111111011011110111111110110110111, 0111111111111111111111111110111111111111111111111111111111111111, 0111101110111111111111111111111111111111111111011111111100111111, 1111111111111111111111111111111111111111111111111111111110111111, 1111111111111111111111111111111111111011111111111111111111111111, 1011111111111111111101111111111111111111111111111111111111111111]
electre;12.0;[[18.01183456 19.47945312 18.04589348 18.35950334]];971.4986858558532;59
included;[1011111111111111111111111111111111111111111111111111111111111111, 1011111111111111111111111111111110111111111111111111111111110111, 1011101111111111101111111110111110111111111111111111111111110111, 1011101111111111111111110110111110111111111111111111111111111111, 1111011111111111111111111110111111111111111111111111111111111111, 0011111111111111111111111110111110111111111111111111111111100111, 0111111111111111111111111110111110111111111111111111111111111111, 0011111111111111111111111111011110111111111111111111111111110111, 1111101111111111111111111111111111111111111111111111111111111111, 1110110111111111101111110110111111111011011110111111110110110111, 0111111111111111111111111110111111111111111111111111111111111111, 0111101110111111111111111111111111111111111111011111111100111111, 1111111111111111111111111111111111111111111111111111111110111111, 1111111111111111111111111111111111111011111111111111111111111111, 1011111111111111111101111111111111111111111111111111111111111111]
electre;3.0;[[17.77233071 19.87930429 18.92713206 19.5734784 ]];972.2763319523303;62
included;[1011111111111111111111111111111111111111111111111111111111111111, 1011111111111111111111111111111110111111111111111111111111110111, 1011101111111111101111111110111110111111111111111111111111110111, 1011101111111111111111110110111110111111111111111111111111111111, 1111011111111111111111111110111111111111111111111111111111111111, 0011111111111111111111111110111110111111111111111111111111100111, 0111111111111111111111111110111110111111111111111111111111111111, 0011111111111111111111111111011110111111111111111111111111110111, 1111101111111111111111111111111111111111111111111111111111111111, 1110110111111111101111110110111111111011011110111111110110110111, 0111111111111111111111111110111111111111111111111111111111111111, 0111101110111111111111111111111111111111111111011111111100111111, 1111111111111111111111111111111111111111111111111111111110111111, 1111111111111111111111111111111111111011111111111111111111111111, 1011111111111111111101111111111111111111111111111111111111111111]
electre;-9.0;[[19.6  20.5  17.75 18.55]];971.5099999999996;58
included;[1011111111111111111111111111111111111111111111111111111111111111, 1011111111111111111111111111111110111111111111111111111111110111, 1011101111111111101111111110111110111111111111111111111111110111, 1011101111111111111111110110111110111111111111111111111111111111, 1111011111111111111111111110111111111111111111111111111111111111, 0011111111111111111111111110111110111111111111111111111111100111, 0111111111111111111111111110111110111111111111111111111111111111, 0011111111111111111111111111011110111111111111111111111111110111, 1111101111111111111111111111111111111111111111111111111111111111, 1110110111111111101111110110111111111011011110111111110110110111, 0111111111111111111111111110111111111111111111111111111111111111, 0111101110111111111111111111111111111111111111011111111100111111, 1111111111111111111111111111111111111111111111111111111110111111, 1111111111111111111111111111111111111011111111111111111111111111, 1011111111111111111101111111111111111111111111111111111111111111]
electre;-6.0;[[17.7798505  20.65191644 18.96746732 19.40115709]];973.6100854213859;61
included;[1011111111111111111111111111111111111111111111111111111111111111, 1011111111111111111111111111111110111111111111111111111111110111, 1011101111111111101111111110111110111111111111111111111111110111, 1011101111111111111111110110111110111111111111111111111111111111, 1111011111111111111111111110111111111111111111111111111111111111, 0011111111111111111111111110111110111111111111111111111111100111, 0111111111111111111111111110111110111111111111111111111111111111, 0011111111111111111111111111011110111111111111111111111111110111, 1111101111111111111111111111111111111111111111111111111111111111, 1110110111111111101111110110111111111011011110111111110110110111, 0111111111111111111111111110111111111111111111111111111111111111, 0111101110111111111111111111111111111111111111011111111100111111, 1111111111111111111111111111111111111111111111111111111110111111, 1111111111111111111111111111111111111011111111111111111111111111, 1011111111111111111101111111111111111111111111111111111111111111]
electre;4.0;[[18.6  19.8  17.95 18.5 ]];966.4199999999997;59
included;[1011111111111111111111111111111111111111111111111111111111111111, 1011111111111111111111111111111110111111111111111111111111110111, 1011101111111111101111111110111110111111111111111111111111110111, 1011101111111111111111110110111110111111111111111111111111111111, 1111011111111111111111111110111111111111111111111111111111111111, 0011111111111111111111111110111110111111111111111111111111100111, 0111111111111111111111111110111110111111111111111111111111111111, 0011111111111111111111111111011110111111111111111111111111110111, 1111101111111111111111111111111111111111111111111111111111111111, 1110110111111111101111110110111111111011011110111111110110110111, 0111111111111111111111111110111111111111111111111111111111111111, 0111101110111111111111111111111111111111111111011111111100111111, 1111111111111111111111111111111111111111111111111111111110111111, 1111111111111111111111111111111111111011111111111111111111111111, 1011111111111111111101111111111111111111111111111111111111111111]
electre;-3.0;[[18.25551392 20.03262106 16.61859217 18.91019066]];970.2338214130596;63
included;[1011111111111111111111111111111111111111111111111111111111111111, 1011111111111111111111111111111110111111111111111111111111110111, 1011101111111111101111111110111110111111111111111111111111110111, 1011101111111111111111110110111110111111111111111111111111111111, 1111011111111111111111111110111111111111111111111111111111111111, 0011111111111111111111111110111110111111111111111111111111100111, 0111111111111111111111111110111110111111111111111111111111111111, 0011111111111111111111111111011110111111111111111111111111110111, 1111101111111111111111111111111111111111111111111111111111111111, 1110110111111111101111110110111111111011011110111111110110110111, 0111111111111111111111111110111111111111111111111111111111111111, 0111101110111111111111111111111111111111111111011111111100111111, 1111111111111111111111111111111111111111111111111111111110111111, 1111111111111111111111111111111111111011111111111111111111111111, 1011111111111111111101111111111111111111111111111111111111111111]
electre;14.0;[[17.91220777 17.76103886 19.21103886 17.96103886]];970.8349822889843;53
included;[1011111111111111111111111111111111111111111111111111111111111111, 1011111111111111111111111111111110111111111111111111111111110111, 1011101111111111101111111110111110111111111111111111111111110111, 1011101111111111111111110110111110111111111111111111111111111111, 1111011111111111111111111110111111111111111111111111111111111111, 0011111111111111111111111110111110111111111111111111111111100111, 0111111111111111111111111110111110111111111111111111111111111111, 0011111111111111111111111111011110111111111111111111111111110111, 1111101111111111111111111111111111111111111111111111111111111111, 1110110111111111101111110110111111111011011110111111110110110111, 0111111111111111111111111110111111111111111111111111111111111111, 0111101110111111111111111111111111111111111111011111111100111111, 1111111111111111111111111111111111111111111111111111111110111111, 1111111111111111111111111111111111111011111111111111111111111111, 1011111111111111111101111111111111111111111111111111111111111111]
electre;-3.0;[[17.60447863 20.17317584 19.22100361 20.03731976]];973.1852784644886;62
included;[1011111111111111111111111111111111111111111111111111111111111111, 1011111111111111111111111111111110111111111111111111111111110111, 1011101111111111101111111110111110111111111111111111111111110111, 1011101111111111111111110110111110111111111111111111111111111111, 1111011111111111111111111110111111111111111111111111111111111111, 0011111111111111111111111110111110111111111111111111111111100111, 0111111111111111111111111110111110111111111111111111111111111111, 0011111111111111111111111111011110111111111111111111111111110111, 1111101111111111111111111111111111111111111111111111111111111111, 1110110111111111101111110110111111111011011110111111110110110111, 0111111111111111111111111110111111111111111111111111111111111111, 0111101110111111111111111111111111111111111111011111111100111111, 1111111111111111111111111111111111111111111111111111111110111111, 1111111111111111111111111111111111111011111111111111111111111111, 1011111111111111111101111111111111111111111111111111111111111111]
electre;10.0;[[18.3  19.65 18.15 17.6 ]];972.4199999999997;58
included;[1011111111111111111111111111111111111111111111111111111111111111, 1011111111111111111111111111111110111111111111111111111111110111, 1011101111111111101111111110111110111111111111111111111111110111, 1011101111111111111111110110111110111111111111111111111111111111, 1111011111111111111111111110111111111111111111111111111111111111, 0011111111111111111111111110111110111111111111111111111111100111, 0111111111111111111111111110111110111111111111111111111111111111, 0011111111111111111111111111011110111111111111111111111111110111, 1111101111111111111111111111111111111111111111111111111111111111, 1110110111111111101111110110111111111011011110111111110110110111, 0111111111111111111111111110111111111111111111111111111111111111, 0111101110111111111111111111111111111111111111011111111100111111, 1111111111111111111111111111111111111111111111111111111110111111, 1111111111111111111111111111111111111011111111111111111111111111, 1011111111111111111101111111111111111111111111111111111111111111]
electre;-8.0;[[18.1        20.67995083 17.26592195 18.77995083]];971.8450408270478;63
included;[1011111111111111111111111111111111111111111111111111111111111111, 1011111111111111111111111111111110111111111111111111111111110111, 1011101111111111101111111110111110111111111111111111111111110111, 1011101111111111111111110110111110111111111111111111111111111111, 1111011111111111111111111110111111111111111111111111111111111111, 0011111111111111111111111110111110111111111111111111111111100111, 0111111111111111111111111110111110111111111111111111111111111111, 0011111111111111111111111111011110111111111111111111111111110111, 1111101111111111111111111111111111111111111111111111111111111111, 1110110111111111101111110110111111111011011110111111110110110111, 0111111111111111111111111110111111111111111111111111111111111111, 0111101110111111111111111111111111111111111111011111111100111111, 1111111111111111111111111111111111111111111111111111111110111111, 1111111111111111111111111111111111111011111111111111111111111111, 1011111111111111111101111111111111111111111111111111111111111111]
electre;-1.0;[[18.75 19.9  16.95 18.75]];943.78;63
included;[1011111111111111111111111111111111111111111111111111111111111111, 1011111111111111111111111111111110111111111111111111111111110111, 1011101111111111101111111110111110111111111111111111111111110111, 1011101111111111111111110110111110111111111111111111111111111111, 1111011111111111111111111110111111111111111111111111111111111111, 0011111111111111111111111110111110111111111111111111111111100111, 0111111111111111111111111110111110111111111111111111111111111111, 0011111111111111111111111111011110111111111111111111111111110111, 1111101111111111111111111111111111111111111111111111111111111111, 1110110111111111101111110110111111111011011110111111110110110111, 0111111111111111111111111110111111111111111111111111111111111111, 0111101110111111111111111111111111111111111111011111111100111111, 1111111111111111111111111111111111111111111111111111111110111111, 1111111111111111111111111111111111111011111111111111111111111111, 1011111111111111111101111111111111111111111111111111111111111111]
electre;-4.0;[[18.45       20.15712627 16.69142525 18.76570102]];973.3519803187938;62
included;[1011111111111111111111111111111111111111111111111111111111111111, 1011111111111111111111111111111110111111111111111111111111110111, 1011101111111111101111111110111110111111111111111111111111110111, 1011101111111111111111110110111110111111111111111111111111111111, 1111011111111111111111111110111111111111111111111111111111111111, 0011111111111111111111111110111110111111111111111111111111100111, 0111111111111111111111111110111110111111111111111111111111111111, 0011111111111111111111111111011110111111111111111111111111110111, 1111101111111111111111111111111111111111111111111111111111111111, 1110110111111111101111110110111111111011011110111111110110110111, 0111111111111111111111111110111111111111111111111111111111111111, 0111101110111111111111111111111111111111111111011111111100111111, 1111111111111111111111111111111111111111111111111111111110111111, 1111111111111111111111111111111111111011111111111111111111111111, 1011111111111111111101111111111111111111111111111111111111111111]
