#search;maxiter
1.9626929759979248
[[25.66060875 23.91060875 22.2        26.        ]
 [26.21060875 24.44746691 22.57371631 25.87371631]
 [25.05       24.5        20.6        23.7       ]]
budget;947.00;944.03;944.98
size;57;57;58
w;1
#search;maxiter
4.82391619682312
[[24.12123025 23.57123025 23.62123025 24.82123025]
 [27.01254762 25.48439465 22.86254762 25.59814509]
 [25.25       25.         23.15       25.45      ]
 [27.51010701 26.06010701 21.98321833 25.7       ]
 [26.48679208 25.93027145 23.11566995 26.82508854]
 [27.49266232 24.04252082 22.14266232 24.82126041]
 [27.06415815 24.15       22.41415815 23.85      ]]
budget;928.77;915.59;900.01;934.44;925.92;940.24;915.83
size;52;55;52;52;51;55;55
w;2
#search;maxiter
6.338395118713379
[[27.7        24.93258499 24.46516998 26.91516998]
 [27.01254762 25.48439465 22.86254762 25.59814509]
 [25.63287333 24.88287333 22.68321833 26.95      ]
 [28.42850416 25.79252082 22.12850416 26.02126041]
 [25.25       25.         23.15       25.45      ]
 [27.51010701 26.06010701 21.98321833 25.7       ]
 [26.48679208 25.93027145 23.11566995 26.82508854]
 [25.40636976 23.05282654 22.15636976 27.3504644 ]
 [27.         24.23258499 24.96516998 26.41516998]
 [25.23287333 24.58287333 22.98321833 27.7       ]]
budget;945.45;915.59;910.70;939.89;900.01;934.44;925.92;936.55;947.94;928.61
size;45;55;42;52;52;52;51;45;44;43
#search;maxiter
w;4
#search;maxiter
7.932997703552246
[[27.7        24.93258499 24.46516998 26.91516998]
 [25.82723368 26.72723368 23.05       24.95      ]
 [27.01254762 25.48439465 22.86254762 25.59814509]
 [25.63287333 24.88287333 22.68321833 26.95      ]
 [25.48183662 26.30918312 21.23183662 25.40459156]
 [28.42850416 25.79252082 22.12850416 26.02126041]
 [25.25       25.         23.15       25.45      ]
 [27.51010701 26.06010701 21.98321833 25.7       ]
 [26.48679208 25.93027145 23.11566995 26.82508854]
 [26.81076084 26.11064677 22.99633847 25.17422836]
 [25.40636976 23.05282654 22.15636976 27.3504644 ]
 [27.         24.23258499 24.96516998 26.41516998]
 [25.23287333 24.58287333 22.98321833 27.7       ]
 [25.87877342 26.26438671 20.93301874 24.26438671]]
budget;945.45;917.42;915.59;910.70;928.10;939.89;900.01;934.44;925.92;932.05;936.55;947.94;928.61;924.85
size;45;47;55;42;43;52;52;52;51;48;45;44;43;41
#search;maxiter
#search;maxiter
#search;maxiter
w;8
#search;maxiter
10.863592386245728
[[26.95877112 27.03285936 24.25359893 25.79286106]
 [27.7        24.93258499 24.46516998 26.91516998]
 [27.01254762 25.48439465 22.86254762 25.59814509]
 [25.63287333 24.88287333 22.68321833 26.95      ]
 [26.45576644 26.05392737 21.10397903 26.04928906]
 [28.42850416 25.79252082 22.12850416 26.02126041]
 [27.51010701 26.06010701 21.98321833 25.7       ]
 [27.15513209 24.8214467  21.85       28.15362417]
 [26.48679208 25.93027145 23.11566995 26.82508854]
 [25.40636976 23.05282654 22.15636976 27.3504644 ]
 [27.         24.23258499 24.96516998 26.41516998]
 [25.23287333 24.58287333 22.98321833 27.7       ]]
budget;944.81;945.45;915.59;910.70;940.21;939.89;934.44;950.99;925.92;936.55;947.94;928.61
size;46;45;55;42;42;52;52;52;51;45;44;43
#search;maxiter
#clust;conv2;size20;goal10
#search;maxiter
#search;maxiter
#search;maxiter
#search;maxiter
#search;maxiter
#search;maxiter
w;16
#search;maxiter
21.011672735214233
[[29.08832419 25.86537701 24.1251009  26.20906912]
 [29.25687135 26.44389905 24.19281853 26.06672965]
 [28.32925833 27.15       22.97925833 26.47925833]
 [29.63832745 26.43612194 23.75954546 26.13832745]
 [29.12925833 28.         23.02925833 26.47925833]
 [29.02841194 26.19389905 24.1125314  26.53827024]
 [28.63527083 27.38527083 23.4        26.11763542]
 [25.5        25.5        24.65       26.        ]
 [27.35       25.85       23.5        27.45      ]
 [27.85       25.8        22.85       27.25      ]
 [27.         24.23258499 24.96516998 26.41516998]
 [22.95       26.75       21.25       26.75      ]
 [25.4        22.3        24.1        26.7       ]
 [26.95877112 27.03285936 24.25359893 25.79286106]
 [29.30428902 26.38533305 24.01007892 26.07503395]
 [27.46545049 26.38699108 23.7751009  27.22845941]
 [27.15513209 24.8214467  21.85       28.15362417]
 [25.22497162 24.89994324 23.89994324 27.89994324]
 [28.17626165 26.85777711 23.59281853 25.33611995]]
budget;939.27;951.09;950.13;950.49;950.35;950.97;949.95;950.07;944.79;950.59;947.94;933.74;931.44;944.81;947.55;948.83;950.99;947.76;950.93
size;51;51;55;51;55;51;57;45;49;49;44;40;46;46;52;53;52;49;57
#clust;conv1;size20;goal10
#search;maxiter
#search;maxiter
#search;maxiter
#clust;conv2;size20;goal10
#search;maxiter
#search;maxiter
#clust;conv2;size20;goal10
#search;maxiter
#search;maxiter
#clust;conv2;size20;goal10
#search;maxiter
#search;maxiter
#clust;conv1;size20;goal10
#search;maxiter
#search;maxiter
#search;maxiter
#search;maxiter
#clust;conv1;size20;goal10
#search;maxiter
#search;maxiter
w;32
#search;maxiter
39.785062074661255
[[26.65095967 26.19569803 24.99684978 26.21119911]
 [28.08037735 25.30349499 25.1570473  27.08233383]
 [27.71896344 24.32358364 24.06809224 27.48818421]
 [26.2347343  27.33614188 26.01963416 25.15714563]
 [27.71574943 26.67165564 24.38677002 27.49322195]
 [28.19552932 24.76615639 24.00010599 27.67198929]
 [28.20633938 24.7675757  23.99259339 27.67405021]
 [28.37207495 25.13289433 23.70270274 26.49686107]
 [29.29747838 27.65890648 22.96547007 26.95500353]
 [27.6341702  28.13654539 23.74056088 26.46920047]
 [27.31881833 24.62083294 22.34290901 27.75509823]
 [27.3542139  27.54925295 24.85987768 26.95996134]
 [29.3        25.1        24.9        25.15      ]]
budget;951.54;951.51;949.13;916.11;947.96;951.04;951.44;945.15;951.67;951.47;932.50;951.02;944.33
size;47;46;47;47;47;48;48;45;48;47;43;46;44
#search;maxiter
#search;maxiter
#search;maxiter
#search;maxiter
#search;maxiter
#search;maxiter
#search;maxiter
#search;maxiter
#search;maxiter
#search;maxiter
#search;maxiter
#search;maxiter
#clust;conv3;size20;goal10
#search;maxiter
#search;maxiter
#search;maxiter
#search;maxiter
#search;maxiter
#search;maxiter
#search;maxiter
#search;maxiter
#search;maxiter
#search;maxiter
#search;maxiter
#search;maxiter
#search;maxiter
#search;maxiter
#search;maxiter
#search;maxiter
#search;maxiter
#clust;conv4;size20;goal10
#search;maxiter
#search;maxiter
w;64
#search;maxiter
77.5252161026001
[[27.44217249 26.90601558 22.22731015 27.51991182]
 [27.63157592 25.56037755 25.64989488 27.84531812]
 [28.08037735 25.30349499 25.1570473  27.08233383]
 [28.82366514 26.16837034 23.15913922 27.30924057]
 [26.41895186 24.23512943 26.37464675 27.07006999]
 [28.54959073 26.13093738 23.41317868 27.15879786]
 [27.71574943 26.67165564 24.38677002 27.49322195]
 [26.52218944 27.03627363 25.1663416  26.364386  ]
 [27.8175463  24.75550489 24.12442103 27.87539831]
 [29.29747838 27.65890648 22.96547007 26.95500353]
 [28.4542139  26.74925295 23.25987768 26.55996134]
 [28.51215242 26.65273555 23.30758311 26.58352724]
 [28.98063018 23.41421991 23.46252762 26.89234089]
 [27.3542139  27.54925295 24.85987768 26.95996134]
 [28.94510479 26.62971171 23.21353907 26.20996134]]
budget;950.43;950.55;951.51;943.15;950.78;933.03;947.96;948.25;926.59;951.67;939.41;933.94;948.67;951.02;932.23
size;45;48;46;45;49;47;47;55;45;48;47;47;44;46;47
usage;shake;swapRandom=9
usage;shake;swapQuarter=18
usage;shake;swapThird=14
usage;shake;swapHalf=13
usage;shake;swapGroup=10
usage;shake;incrMin=8
usage;shake;incrMax=13
usage;shake;incrRnd=6
usage;shake;rndMin=10
usage;shake;rndMax=6
usage;shake;rndRnd=12
usage;shake;liftIncr=6
usage;shake;liftRnd=3
usage;search;swapOne=27
usage;search;inclRndMin=32
usage;search;inclRndMax=20
usage;search;inclRndRnd=36
usage;search;inclLowMin=26
usage;search;inclLowMax=11
usage;search;inclLowRnd=1
usage;search;inclHighMin=23
usage;search;inclHighMax=16
usage;search;inclHighRnd=17
usage;search;fundAtMin=52
usage;search;fundAtMax=34
usage;search;fundAtRnd=34
usage;search;exclRnd=26
usage;search;exclLow=58
usage;search;exclHigh=25
usage;search;inflGrMin=20
usage;search;inflGrMax=25
usage;search;inflGrRnd=18
usage;search;deflGrMin=31
usage;search;deflGrMax=32
usage;search;deflGrRnd=22
usage;search;exchGrMin=33
usage;search;exchGrMax=18
usage;search;exchGrRnd=13
usage;search;incrMin=78
usage;search;incrMax=58
usage;search;incrRnd=74
usage;search;rndMin=71
usage;search;rndMax=74
usage;search;rndRnd=105
usage;search;liftIncr=88
usage;search;liftRnd=102
end;77.529/224;63/64;1/26
electre;-7.0;[[27.44217249 26.90601558 22.22731015 27.51991182]];950.4287524627439;45
included;[0001101111101110011101111110110111111100101110111010110110110111, 1111011011011110111101101101011111111100111000111110111111101011, 1011011001011111111011111110110110111100101110011011100111111011, 1101101111011101111110011111110111011100001110101111001100101111, 1111011011011110111101101101011111111100111010111110111111101011, 1101111111011101111110111111110111011100001110101111001100101111, 1001111011111011111111110010110111011100111110011111101110111001, 0011111111011111111111111100111111011110111110111111111111111011, 1001011011110011101101111111101101011101111110001011100111101111, 1011111111011111111111111110010111011111110100001011101110110011, 1101101111011101111110011111111111011100101110001111001110101111, 1101101111011101111110011111110111011100101110101111011100101111, 1001001111001010001001101111011111111111111110101100111101101111, 1100001011101101101000111110111101010110111111011111111111111011, 1101101111011101111110111111110111011100101110101111001100101111]
electre;5.0;[[27.63157592 25.56037755 25.64989488 27.84531812]];950.5460765886179;48
included;[0001101111101110011101111110110111111100101110111010110110110111, 1111011011011110111101101101011111111100111000111110111111101011, 1011011001011111111011111110110110111100101110011011100111111011, 1101101111011101111110011111110111011100001110101111001100101111, 1111011011011110111101101101011111111100111010111110111111101011, 1101111111011101111110111111110111011100001110101111001100101111, 1001111011111011111111110010110111011100111110011111101110111001, 0011111111011111111111111100111111011110111110111111111111111011, 1001011011110011101101111111101101011101111110001011100111101111, 1011111111011111111111111110010111011111110100001011101110110011, 1101101111011101111110011111111111011100101110001111001110101111, 1101101111011101111110011111110111011100101110101111011100101111, 1001001111001010001001101111011111111111111110101100111101101111, 1100001011101101101000111110111101010110111111011111111111111011, 1101101111011101111110111111110111011100101110101111001100101111]
electre;6.0;[[28.08037735 25.30349499 25.1570473  27.08233383]];951.5087778754727;46
included;[0001101111101110011101111110110111111100101110111010110110110111, 1111011011011110111101101101011111111100111000111110111111101011, 1011011001011111111011111110110110111100101110011011100111111011, 1101101111011101111110011111110111011100001110101111001100101111, 1111011011011110111101101101011111111100111010111110111111101011, 1101111111011101111110111111110111011100001110101111001100101111, 1001111011111011111111110010110111011100111110011111101110111001, 0011111111011111111111111100111111011110111110111111111111111011, 1001011011110011101101111111101101011101111110001011100111101111, 1011111111011111111111111110010111011111110100001011101110110011, 1101101111011101111110011111111111011100101110001111001110101111, 1101101111011101111110011111110111011100101110101111011100101111, 1001001111001010001001101111011111111111111110101100111101101111, 1100001011101101101000111110111101010110111111011111111111111011, 1101101111011101111110111111110111011100101110101111001100101111]
electre;-6.0;[[28.82366514 26.16837034 23.15913922 27.30924057]];943.1544986201275;45
included;[0001101111101110011101111110110111111100101110111010110110110111, 1111011011011110111101101101011111111100111000111110111111101011, 1011011001011111111011111110110110111100101110011011100111111011, 1101101111011101111110011111110111011100001110101111001100101111, 1111011011011110111101101101011111111100111010111110111111101011, 1101111111011101111110111111110111011100001110101111001100101111, 1001111011111011111111110010110111011100111110011111101110111001, 0011111111011111111111111100111111011110111110111111111111111011, 1001011011110011101101111111101101011101111110001011100111101111, 1011111111011111111111111110010111011111110100001011101110110011, 1101101111011101111110011111111111011100101110001111001110101111, 1101101111011101111110011111110111011100101110101111011100101111, 1001001111001010001001101111011111111111111110101100111101101111, 1100001011101101101000111110111101010110111111011111111111111011, 1101101111011101111110111111110111011100101110101111001100101111]
electre;13.0;[[26.41895186 24.23512943 26.37464675 27.07006999]];950.7810931381507;49
included;[0001101111101110011101111110110111111100101110111010110110110111, 1111011011011110111101101101011111111100111000111110111111101011, 1011011001011111111011111110110110111100101110011011100111111011, 1101101111011101111110011111110111011100001110101111001100101111, 1111011011011110111101101101011111111100111010111110111111101011, 1101111111011101111110111111110111011100001110101111001100101111, 1001111011111011111111110010110111011100111110011111101110111001, 0011111111011111111111111100111111011110111110111111111111111011, 1001011011110011101101111111101101011101111110001011100111101111, 1011111111011111111111111110010111011111110100001011101110110011, 1101101111011101111110011111111111011100101110001111001110101111, 1101101111011101111110011111110111011100101110101111011100101111, 1001001111001010001001101111011111111111111110101100111101101111, 1100001011101101101000111110111101010110111111011111111111111011, 1101101111011101111110111111110111011100101110101111001100101111]
electre;-3.0;[[28.54959073 26.13093738 23.41317868 27.15879786]];933.0287180652385;47
included;[0001101111101110011101111110110111111100101110111010110110110111, 1111011011011110111101101101011111111100111000111110111111101011, 1011011001011111111011111110110110111100101110011011100111111011, 1101101111011101111110011111110111011100001110101111001100101111, 1111011011011110111101101101011111111100111010111110111111101011, 1101111111011101111110111111110111011100001110101111001100101111, 1001111011111011111111110010110111011100111110011111101110111001, 0011111111011111111111111100111111011110111110111111111111111011, 1001011011110011101101111111101101011101111110001011100111101111, 1011111111011111111111111110010111011111110100001011101110110011, 1101101111011101111110011111111111011100101110001111001110101111, 1101101111011101111110011111110111011100101110101111011100101111, 1001001111001010001001101111011111111111111110101100111101101111, 1100001011101101101000111110111101010110111111011111111111111011, 1101101111011101111110111111110111011100101110101111001100101111]
electre;-7.0;[[27.71574943 26.67165564 24.38677002 27.49322195]];947.9604220739311;47
included;[0001101111101110011101111110110111111100101110111010110110110111, 1111011011011110111101101101011111111100111000111110111111101011, 1011011001011111111011111110110110111100101110011011100111111011, 1101101111011101111110011111110111011100001110101111001100101111, 1111011011011110111101101101011111111100111010111110111111101011, 1101111111011101111110111111110111011100001110101111001100101111, 1001111011111011111111110010110111011100111110011111101110111001, 0011111111011111111111111100111111011110111110111111111111111011, 1001011011110011101101111111101101011101111110001011100111101111, 1011111111011111111111111110010111011111110100001011101110110011, 1101101111011101111110011111111111011100101110001111001110101111, 1101101111011101111110011111110111011100101110101111011100101111, 1001001111001010001001101111011111111111111110101100111101101111, 1100001011101101101000111110111101010110111111011111111111111011, 1101101111011101111110111111110111011100101110101111001100101111]
electre;7.0;[[26.52218944 27.03627363 25.1663416  26.364386  ]];948.2527821963288;55
included;[0001101111101110011101111110110111111100101110111010110110110111, 1111011011011110111101101101011111111100111000111110111111101011, 1011011001011111111011111110110110111100101110011011100111111011, 1101101111011101111110011111110111011100001110101111001100101111, 1111011011011110111101101101011111111100111010111110111111101011, 1101111111011101111110111111110111011100001110101111001100101111, 1001111011111011111111110010110111011100111110011111101110111001, 0011111111011111111111111100111111011110111110111111111111111011, 1001011011110011101101111111101101011101111110001011100111101111, 1011111111011111111111111110010111011111110100001011101110110011, 1101101111011101111110011111111111011100101110001111001110101111, 1101101111011101111110011111110111011100101110101111011100101111, 1001001111001010001001101111011111111111111110101100111101101111, 1100001011101101101000111110111101010110111111011111111111111011, 1101101111011101111110111111110111011100101110101111001100101111]
electre;3.0;[[27.8175463  24.75550489 24.12442103 27.87539831]];926.5938900413349;45
included;[0001101111101110011101111110110111111100101110111010110110110111, 1111011011011110111101101101011111111100111000111110111111101011, 1011011001011111111011111110110110111100101110011011100111111011, 1101101111011101111110011111110111011100001110101111001100101111, 1111011011011110111101101101011111111100111010111110111111101011, 1101111111011101111110111111110111011100001110101111001100101111, 1001111011111011111111110010110111011100111110011111101110111001, 0011111111011111111111111100111111011110111110111111111111111011, 1001011011110011101101111111101101011101111110001011100111101111, 1011111111011111111111111110010111011111110100001011101110110011, 1101101111011101111110011111111111011100101110001111001110101111, 1101101111011101111110011111110111011100101110101111011100101111, 1001001111001010001001101111011111111111111110101100111101101111, 1100001011101101101000111110111101010110111111011111111111111011, 1101101111011101111110111111110111011100101110101111001100101111]
electre;-14.0;[[29.29747838 27.65890648 22.96547007 26.95500353]];951.6715416432828;48
included;[0001101111101110011101111110110111111100101110111010110110110111, 1111011011011110111101101101011111111100111000111110111111101011, 1011011001011111111011111110110110111100101110011011100111111011, 1101101111011101111110011111110111011100001110101111001100101111, 1111011011011110111101101101011111111100111010111110111111101011, 1101111111011101111110111111110111011100001110101111001100101111, 1001111011111011111111110010110111011100111110011111101110111001, 0011111111011111111111111100111111011110111110111111111111111011, 1001011011110011101101111111101101011101111110001011100111101111, 1011111111011111111111111110010111011111110100001011101110110011, 1101101111011101111110011111111111011100101110001111001110101111, 1101101111011101111110011111110111011100101110101111011100101111, 1001001111001010001001101111011111111111111110101100111101101111, 1100001011101101101000111110111101010110111111011111111111111011, 1101101111011101111110111111110111011100101110101111001100101111]
electre;-1.0;[[28.4542139  26.74925295 23.25987768 26.55996134]];939.4133928614757;47
included;[0001101111101110011101111110110111111100101110111010110110110111, 1111011011011110111101101101011111111100111000111110111111101011, 1011011001011111111011111110110110111100101110011011100111111011, 1101101111011101111110011111110111011100001110101111001100101111, 1111011011011110111101101101011111111100111010111110111111101011, 1101111111011101111110111111110111011100001110101111001100101111, 1001111011111011111111110010110111011100111110011111101110111001, 0011111111011111111111111100111111011110111110111111111111111011, 1001011011110011101101111111101101011101111110001011100111101111, 1011111111011111111111111110010111011111110100001011101110110011, 1101101111011101111110011111111111011100101110001111001110101111, 1101101111011101111110011111110111011100101110101111011100101111, 1001001111001010001001101111011111111111111110101100111101101111, 1100001011101101101000111110111101010110111111011111111111111011, 1101101111011101111110111111110111011100101110101111001100101111]
electre;-1.0;[[28.51215242 26.65273555 23.30758311 26.58352724]];933.9401330216294;47
included;[0001101111101110011101111110110111111100101110111010110110110111, 1111011011011110111101101101011111111100111000111110111111101011, 1011011001011111111011111110110110111100101110011011100111111011, 1101101111011101111110011111110111011100001110101111001100101111, 1111011011011110111101101101011111111100111010111110111111101011, 1101111111011101111110111111110111011100001110101111001100101111, 1001111011111011111111110010110111011100111110011111101110111001, 0011111111011111111111111100111111011110111110111111111111111011, 1001011011110011101101111111101101011101111110001011100111101111, 1011111111011111111111111110010111011111110100001011101110110011, 1101101111011101111110011111111111011100101110001111001110101111, 1101101111011101111110011111110111011100101110101111011100101111, 1001001111001010001001101111011111111111111110101100111101101111, 1100001011101101101000111110111101010110111111011111111111111011, 1101101111011101111110111111110111011100101110101111001100101111]
electre;6.0;[[28.98063018 23.41421991 23.46252762 26.89234089]];948.6720782005838;44
included;[0001101111101110011101111110110111111100101110111010110110110111, 1111011011011110111101101101011111111100111000111110111111101011, 1011011001011111111011111110110110111100101110011011100111111011, 1101101111011101111110011111110111011100001110101111001100101111, 1111011011011110111101101101011111111100111010111110111111101011, 1101111111011101111110111111110111011100001110101111001100101111, 1001111011111011111111110010110111011100111110011111101110111001, 0011111111011111111111111100111111011110111110111111111111111011, 1001011011110011101101111111101101011101111110001011100111101111, 1011111111011111111111111110010111011111110100001011101110110011, 1101101111011101111110011111111111011100101110001111001110101111, 1101101111011101111110011111110111011100101110101111011100101111, 1001001111001010001001101111011111111111111110101100111101101111, 1100001011101101101000111110111101010110111111011111111111111011, 1101101111011101111110111111110111011100101110101111001100101111]
electre;-1.0;[[27.3542139  27.54925295 24.85987768 26.95996134]];951.0233928614755;46
included;[0001101111101110011101111110110111111100101110111010110110110111, 1111011011011110111101101101011111111100111000111110111111101011, 1011011001011111111011111110110110111100101110011011100111111011, 1101101111011101111110011111110111011100001110101111001100101111, 1111011011011110111101101101011111111100111010111110111111101011, 1101111111011101111110111111110111011100001110101111001100101111, 1001111011111011111111110010110111011100111110011111101110111001, 0011111111011111111111111100111111011110111110111111111111111011, 1001011011110011101101111111101101011101111110001011100111101111, 1011111111011111111111111110010111011111110100001011101110110011, 1101101111011101111110011111111111011100101110001111001110101111, 1101101111011101111110011111110111011100101110101111011100101111, 1001001111001010001001101111011111111111111110101100111101101111, 1100001011101101101000111110111101010110111111011111111111111011, 1101101111011101111110111111110111011100101110101111001100101111]
electre;0.0;[[28.94510479 26.62971171 23.21353907 26.20996134]];932.2331894909802;47
included;[0001101111101110011101111110110111111100101110111010110110110111, 1111011011011110111101101101011111111100111000111110111111101011, 1011011001011111111011111110110110111100101110011011100111111011, 1101101111011101111110011111110111011100001110101111001100101111, 1111011011011110111101101101011111111100111010111110111111101011, 1101111111011101111110111111110111011100001110101111001100101111, 1001111011111011111111110010110111011100111110011111101110111001, 0011111111011111111111111100111111011110111110111111111111111011, 1001011011110011101101111111101101011101111110001011100111101111, 1011111111011111111111111110010111011111110100001011101110110011, 1101101111011101111110011111111111011100101110001111001110101111, 1101101111011101111110011111110111011100101110101111011100101111, 1001001111001010001001101111011111111111111110101100111101101111, 1100001011101101101000111110111101010110111111011111111111111011, 1101101111011101111110111111110111011100101110101111001100101111]
