#search;maxiter
4.586730003356934
[[41.45       37.2        37.1        42.45      ]
 [42.17589894 37.95031006 39.50486555 39.92612613]
 [41.82102747 36.93213222 39.44820403 40.55949138]
 [41.97006046 37.96878779 39.31878779 40.07006046]
 [43.76296959 37.43605437 41.0609352  39.        ]
 [41.6        37.2        39.95       41.05      ]
 [44.04614403 37.46922881 39.21922881 39.65      ]
 [44.34614403 37.86922881 41.01922881 39.55      ]
 [42.39620866 38.18924173 39.07310433 41.62310433]
 [42.47006046 38.56878779 39.06878779 39.17006046]
 [41.27006046 37.81878779 41.06878779 38.87006046]
 [43.74614403 37.56922881 39.71922881 40.15      ]
 [41.65       36.4        39.25       41.75      ]
 [42.22918063 37.2        38.89590317 41.64590317]
 [42.27006046 39.96878779 39.46878779 39.77006046]
 [41.85       36.8        39.45       41.1       ]
 [42.63349396 39.73349396 38.73349396 41.23349396]]
budget;1901.77;1812.77;1872.76;1878.53;1836.80;1858.36;1763.99;1827.26;1884.15;1868.62;1894.38;1774.62;1842.23;1808.03;1886.86;1856.59;1898.45
size;108;124;123;119;122;123;122;122;123;120;120;123;123;123;119;123;120
w;1
#search;maxiter
7.247169733047485
[[43.76296959 37.43605437 41.0609352  39.        ]
 [44.34614403 37.86922881 41.01922881 39.55      ]
 [42.39620866 38.18924173 39.07310433 41.62310433]
 [42.47006046 38.56878779 39.06878779 39.17006046]
 [41.27006046 37.81878779 41.06878779 38.87006046]
 [41.65       36.4        39.25       41.75      ]
 [42.22918063 37.2        38.89590317 41.64590317]
 [42.27006046 39.96878779 39.46878779 39.77006046]
 [44.66830663 38.22059963 39.96144632 41.23733013]
 [41.45       37.2        37.1        42.45      ]
 [42.63349396 39.73349396 38.73349396 41.23349396]
 [42.76830663 37.92059963 39.56144632 41.33733013]
 [42.72006046 37.81878779 40.66878779 40.27006046]]
budget;1836.80;1827.26;1884.15;1868.62;1894.38;1842.23;1808.03;1886.86;1903.24;1901.77;1898.45;1843.12;1902.05
size;122;122;123;120;120;123;123;119;124;108;120;123;126
w;2
#search;maxiter
9.400609731674194
[[43.2        40.25       41.25       39.95      ]
 [43.76296959 37.43605437 41.0609352  39.        ]
 [43.36830663 38.67059963 40.66144632 41.98733013]
 [44.34614403 37.86922881 41.01922881 39.55      ]
 [44.62006046 38.36878779 40.66878779 41.97006046]
 [44.47006046 38.76878779 40.46878779 42.42006046]
 [44.66830663 38.22059963 39.96144632 41.23733013]
 [42.92006046 39.76878779 40.51878779 41.22006046]
 [41.45       37.2        37.1        42.45      ]
 [42.63349396 39.73349396 38.73349396 41.23349396]
 [42.1        36.         41.         40.25      ]
 [43.8        39.19169628 40.74169628 41.48833926]]
budget;1900.15;1836.80;1898.58;1827.26;1898.17;1901.39;1903.24;1901.61;1901.77;1898.45;1902.35;1901.10
size;124;122;125;122;125;125;124;120;108;120;120;127
#search;maxiter
w;4
#search;maxiter
13.08973217010498
[[43.2        40.25       41.25       39.95      ]
 [43.76296959 37.43605437 41.0609352  39.        ]
 [43.36830663 38.67059963 40.66144632 41.98733013]
 [44.34614403 37.86922881 41.01922881 39.55      ]
 [44.62006046 38.36878779 40.66878779 41.97006046]
 [44.47006046 38.76878779 40.46878779 42.42006046]
 [44.66830663 38.22059963 39.96144632 41.23733013]
 [42.92006046 39.76878779 40.51878779 41.22006046]
 [41.45       37.2        37.1        42.45      ]
 [42.63349396 39.73349396 38.73349396 41.23349396]
 [42.1        36.         41.         40.25      ]
 [43.8        39.19169628 40.74169628 41.48833926]]
budget;1900.15;1836.80;1898.58;1827.26;1898.17;1901.39;1903.24;1901.61;1901.77;1898.45;1902.35;1901.10
size;124;122;125;122;125;125;124;120;108;120;120;127
#search;maxiter
#search;maxiter
#search;maxiter
w;8
#search;maxiter
20.590240478515625
[[40.82006046 38.56878779 40.96878779 41.17006046]
 [43.2        40.25       41.25       39.95      ]
 [43.76296959 37.43605437 41.0609352  39.        ]
 [43.36830663 38.67059963 40.66144632 41.98733013]
 [44.34614403 37.86922881 41.01922881 39.55      ]
 [44.62006046 38.36878779 40.66878779 41.97006046]
 [44.47006046 38.76878779 40.46878779 42.42006046]
 [44.66830663 38.22059963 39.96144632 41.23733013]
 [42.63349396 39.73349396 38.73349396 41.23349396]
 [42.92006046 39.76878779 40.51878779 41.22006046]
 [41.45       37.2        37.1        42.45      ]
 [42.4        34.55       41.3        40.7       ]
 [42.1        36.         41.         40.25      ]
 [43.8        39.19169628 40.74169628 41.48833926]]
budget;1902.63;1900.15;1836.80;1898.58;1827.26;1898.17;1901.39;1903.24;1898.45;1901.61;1901.77;1899.03;1902.35;1901.10
size;104;124;122;125;122;125;125;124;120;120;108;107;120;127
#search;maxiter
#search;maxiter
#search;maxiter
#search;maxiter
#added;1
#search;maxiter
#search;maxiter
#search;maxiter
w;16
#search;maxiter
37.07763314247131
[[43.15       39.9        41.45       40.7       ]
 [43.57006046 40.26878779 41.36878779 40.82006046]
 [44.6        39.55       41.65       41.3       ]
 [42.77006046 40.71878779 42.61878779 41.32006046]
 [43.12006046 39.91878779 42.06878779 40.57006046]
 [47.1        39.45       43.95       43.9       ]
 [46.55       39.85       41.6        45.05      ]
 [44.6        39.8        42.9        43.85      ]
 [46.75       38.7        42.25       44.05      ]
 [43.6        40.65       41.25       42.25      ]]
budget;1900.05;1898.70;1900.16;1897.84;1825.49;1900.86;1897.06;1902.74;1900.62;1902.75
size;122;123;127;122;126;127;126;127;123;127
#search;maxiter
#search;maxiter
#search;maxiter
#added;1
#search;maxiter
#search;maxiter
#search;maxiter
#search;maxiter
#search;maxiter
#search;maxiter
#search;maxiter
#search;maxiter
#search;maxiter
#search;maxiter
#search;maxiter
#search;maxiter
w;32
#search;maxiter
66.35876560211182
[[45.8        39.65       43.85       45.4       ]
 [47.2        39.3        42.75       42.6       ]
 [45.7        38.5        42.3        45.75      ]
 [47.15887754 38.37177551 41.52177551 42.95      ]
 [46.95       42.05       43.55       44.45      ]
 [47.1        39.45       43.95       43.9       ]
 [46.55       39.85       41.6        45.05      ]
 [45.8        40.5        44.2        45.65      ]
 [46.87286442 40.32286442 43.95       44.87286442]
 [46.05604763 40.30604763 40.29752977 44.94752977]
 [46.35       41.1        42.65       44.65      ]]
budget;1900.06;1903.27;1902.20;1900.20;1900.79;1900.86;1897.06;1903.28;1900.91;1903.05;1903.31
size;124;124;123;125;127;127;126;123;127;125;127
#search;maxiter
#search;maxiter
#search;maxiter
#search;maxiter
#search;maxiter
#search;maxiter
#search;maxiter
#search;maxiter
#search;maxiter
#search;maxiter
#search;maxiter
#search;maxiter
#search;maxiter
#search;maxiter
#search;maxiter
#search;maxiter
#search;maxiter
#search;maxiter
#search;maxiter
#search;maxiter
#search;maxiter
#search;maxiter
#search;maxiter
#search;maxiter
#search;maxiter
#search;maxiter
#search;maxiter
#search;maxiter
#search;maxiter
#search;maxiter
#search;maxiter
w;64
#search;maxiter
152.24821496009827
[[45.75       41.2        42.1        44.95      ]
 [45.8        39.65       43.85       45.4       ]
 [46.35       41.1        42.65       44.65      ]
 [47.2        39.3        42.75       42.6       ]
 [46.2        40.95       43.45       45.7       ]
 [45.4        40.25       44.7        44.7       ]
 [45.7        38.5        42.3        45.75      ]
 [45.15       40.3        44.2        44.6       ]
 [47.6        39.25       42.95       43.6       ]
 [47.1        39.45       43.95       43.9       ]
 [46.95       42.05       43.55       44.45      ]
 [46.55       39.85       41.6        45.05      ]
 [47.1        39.95       42.35       43.8       ]
 [45.8        40.5        44.2        45.65      ]
 [46.87286442 40.32286442 43.95       44.87286442]
 [48.28951259 40.78333806 42.64547444 41.9579216 ]
 [45.9        40.         44.75       43.85      ]]
budget;1902.28;1900.06;1903.31;1903.27;1901.95;1901.88;1902.20;1886.53;1901.40;1900.86;1900.79;1897.06;1894.25;1903.28;1900.91;1903.01;1897.22
size;125;124;127;124;124;122;123;123;125;127;127;126;127;123;127;113;123
usage;shake;swapRandom=9
usage;shake;swapQuarter=19
usage;shake;swapThird=15
usage;shake;swapHalf=10
usage;shake;swapGroup=11
usage;shake;incrMin=11
usage;shake;incrMax=4
usage;shake;incrRnd=7
usage;shake;rndMin=19
usage;shake;rndMax=7
usage;shake;rndRnd=9
usage;shake;liftIncr=5
usage;shake;liftRnd=2
usage;search;swapOne=30
usage;search;inclRndMin=31
usage;search;inclRndMax=31
usage;search;inclRndRnd=30
usage;search;inclLowMin=23
usage;search;inclLowMax=27
usage;search;inclLowRnd=47
usage;search;inclHighMin=22
usage;search;inclHighMax=30
usage;search;inclHighRnd=1
usage;search;fundAtMin=23
usage;search;fundAtMax=20
usage;search;fundAtRnd=18
usage;search;exclRnd=24
usage;search;exclLow=22
usage;search;exclHigh=40
usage;search;inflGrMin=48
usage;search;inflGrMax=24
usage;search;inflGrRnd=29
usage;search;deflGrMin=25
usage;search;deflGrMax=21
usage;search;deflGrRnd=24
usage;search;exchGrMin=22
usage;search;exchGrMax=22
usage;search;exchGrRnd=16
usage;search;incrMin=65
usage;search;incrMax=73
usage;search;incrRnd=75
usage;search;rndMin=66
usage;search;rndMax=75
usage;search;rndRnd=77
usage;search;liftIncr=74
usage;search;liftRnd=145
end;152.257/317;63/64;12/26
electre;11.0;[[45.75 41.2  42.1  44.95]];1902.2800000000007;125
included;[11111111111111111111111111011111111110111111111111111111111111111111111111111111111111111111111111111111111111111111101111111111, 11111111011111111111111111111111111111111111011111111111111111111111111111111111111111111111111111111111111101111110111111111111, 11111111011111111111111111111111111111111111111111111111111111111111111111111111111111111111111111111111111111111111111111111111, 11111111011111111111111111111111111111111111111101111111111111111111111111111111111111111001111111111111111111111111111111111111, 11111111011111111111111111111111111111101111111111111111111111111111111111111111111111111111110111111111111101111111111111111111, 11111111111111101111111111111111111111101111111111111110111111111111011111111111111111111111110111111111111111111111101111111111, 11111111011111111111111111101111111111111110111111111111111110111111111111111111111111111111111111111111111111011111111111111111, 11111111111111111111111111111111111111111111111111111110111111111111011111111111111111111111110101111111111111111111101111111111, 11111111111111111111111111111111111111101111111111111111111111111111111111111111111111010111111111111111111111111111111111111111, 11111111111111111111111111111111111111111111111111111111111111111111111111111111111111111111111111111111111111111111101111111111, 11111111111111111111111111111111111111111111111111111111111111111111111111111111111111111111111111111111111111111111101111111111, 11111111011111111111111111111111111111111110111111111111111111111111111111111111111111111111111111111111111111111111111111111111, 11111111111111111111111111111111111111111111111111111111111111111111111111111111111111110111111111111111111111111111111111111111, 11111111011111111111111111111111111111101111011111111111111111111111111111111111111111111111111111111111111101111110111111111111, 11111111111111111111111111111111111111111111111111111111111111111111111111111111111111110111111111111111111111111111111111111111, 11111011110111111110111111111111111110101110111101011110111111111111111101111110111111011011111111111111111111110111101111111111, 11111111111111101111111111111111111111111111111111111110111111101111111111111111111111111111110111111111111111111111101111111111]
electre;-6.0;[[45.8  39.65 43.85 45.4 ]];1900.0600000000004;124
included;[11111111111111111111111111011111111110111111111111111111111111111111111111111111111111111111111111111111111111111111101111111111, 11111111011111111111111111111111111111111111011111111111111111111111111111111111111111111111111111111111111101111110111111111111, 11111111011111111111111111111111111111111111111111111111111111111111111111111111111111111111111111111111111111111111111111111111, 11111111011111111111111111111111111111111111111101111111111111111111111111111111111111111001111111111111111111111111111111111111, 11111111011111111111111111111111111111101111111111111111111111111111111111111111111111111111110111111111111101111111111111111111, 11111111111111101111111111111111111111101111111111111110111111111111011111111111111111111111110111111111111111111111101111111111, 11111111011111111111111111101111111111111110111111111111111110111111111111111111111111111111111111111111111111011111111111111111, 11111111111111111111111111111111111111111111111111111110111111111111011111111111111111111111110101111111111111111111101111111111, 11111111111111111111111111111111111111101111111111111111111111111111111111111111111111010111111111111111111111111111111111111111, 11111111111111111111111111111111111111111111111111111111111111111111111111111111111111111111111111111111111111111111101111111111, 11111111111111111111111111111111111111111111111111111111111111111111111111111111111111111111111111111111111111111111101111111111, 11111111011111111111111111111111111111111110111111111111111111111111111111111111111111111111111111111111111111111111111111111111, 11111111111111111111111111111111111111111111111111111111111111111111111111111111111111110111111111111111111111111111111111111111, 11111111011111111111111111111111111111101111011111111111111111111111111111111111111111111111111111111111111101111110111111111111, 11111111111111111111111111111111111111111111111111111111111111111111111111111111111111110111111111111111111111111111111111111111, 11111011110111111110111111111111111110101110111101011110111111111111111101111110111111011011111111111111111111110111101111111111, 11111111111111101111111111111111111111111111111111111110111111101111111111111111111111111111110111111111111111111111101111111111]
electre;5.0;[[46.35 41.1  42.65 44.65]];1903.3100000000004;127
included;[11111111111111111111111111011111111110111111111111111111111111111111111111111111111111111111111111111111111111111111101111111111, 11111111011111111111111111111111111111111111011111111111111111111111111111111111111111111111111111111111111101111110111111111111, 11111111011111111111111111111111111111111111111111111111111111111111111111111111111111111111111111111111111111111111111111111111, 11111111011111111111111111111111111111111111111101111111111111111111111111111111111111111001111111111111111111111111111111111111, 11111111011111111111111111111111111111101111111111111111111111111111111111111111111111111111110111111111111101111111111111111111, 11111111111111101111111111111111111111101111111111111110111111111111011111111111111111111111110111111111111111111111101111111111, 11111111011111111111111111101111111111111110111111111111111110111111111111111111111111111111111111111111111111011111111111111111, 11111111111111111111111111111111111111111111111111111110111111111111011111111111111111111111110101111111111111111111101111111111, 11111111111111111111111111111111111111101111111111111111111111111111111111111111111111010111111111111111111111111111111111111111, 11111111111111111111111111111111111111111111111111111111111111111111111111111111111111111111111111111111111111111111101111111111, 11111111111111111111111111111111111111111111111111111111111111111111111111111111111111111111111111111111111111111111101111111111, 11111111011111111111111111111111111111111110111111111111111111111111111111111111111111111111111111111111111111111111111111111111, 11111111111111111111111111111111111111111111111111111111111111111111111111111111111111110111111111111111111111111111111111111111, 11111111011111111111111111111111111111101111011111111111111111111111111111111111111111111111111111111111111101111110111111111111, 11111111111111111111111111111111111111111111111111111111111111111111111111111111111111110111111111111111111111111111111111111111, 11111011110111111110111111111111111110101110111101011110111111111111111101111110111111011011111111111111111111110111101111111111, 11111111111111101111111111111111111111111111111111111110111111101111111111111111111111111111110111111111111111111111101111111111]
electre;7.0;[[47.2  39.3  42.75 42.6 ]];1903.270000000001;124
included;[11111111111111111111111111011111111110111111111111111111111111111111111111111111111111111111111111111111111111111111101111111111, 11111111011111111111111111111111111111111111011111111111111111111111111111111111111111111111111111111111111101111110111111111111, 11111111011111111111111111111111111111111111111111111111111111111111111111111111111111111111111111111111111111111111111111111111, 11111111011111111111111111111111111111111111111101111111111111111111111111111111111111111001111111111111111111111111111111111111, 11111111011111111111111111111111111111101111111111111111111111111111111111111111111111111111110111111111111101111111111111111111, 11111111111111101111111111111111111111101111111111111110111111111111011111111111111111111111110111111111111111111111101111111111, 11111111011111111111111111101111111111111110111111111111111110111111111111111111111111111111111111111111111111011111111111111111, 11111111111111111111111111111111111111111111111111111110111111111111011111111111111111111111110101111111111111111111101111111111, 11111111111111111111111111111111111111101111111111111111111111111111111111111111111111010111111111111111111111111111111111111111, 11111111111111111111111111111111111111111111111111111111111111111111111111111111111111111111111111111111111111111111101111111111, 11111111111111111111111111111111111111111111111111111111111111111111111111111111111111111111111111111111111111111111101111111111, 11111111011111111111111111111111111111111110111111111111111111111111111111111111111111111111111111111111111111111111111111111111, 11111111111111111111111111111111111111111111111111111111111111111111111111111111111111110111111111111111111111111111111111111111, 11111111011111111111111111111111111111101111011111111111111111111111111111111111111111111111111111111111111101111110111111111111, 11111111111111111111111111111111111111111111111111111111111111111111111111111111111111110111111111111111111111111111111111111111, 11111011110111111110111111111111111110101110111101011110111111111111111101111110111111011011111111111111111111110111101111111111, 11111111111111101111111111111111111111111111111111111110111111101111111111111111111111111111110111111111111111111111101111111111]
electre;-11.0;[[46.2  40.95 43.45 45.7 ]];1901.95;124
included;[11111111111111111111111111011111111110111111111111111111111111111111111111111111111111111111111111111111111111111111101111111111, 11111111011111111111111111111111111111111111011111111111111111111111111111111111111111111111111111111111111101111110111111111111, 11111111011111111111111111111111111111111111111111111111111111111111111111111111111111111111111111111111111111111111111111111111, 11111111011111111111111111111111111111111111111101111111111111111111111111111111111111111001111111111111111111111111111111111111, 11111111011111111111111111111111111111101111111111111111111111111111111111111111111111111111110111111111111101111111111111111111, 11111111111111101111111111111111111111101111111111111110111111111111011111111111111111111111110111111111111111111111101111111111, 11111111011111111111111111101111111111111110111111111111111110111111111111111111111111111111111111111111111111011111111111111111, 11111111111111111111111111111111111111111111111111111110111111111111011111111111111111111111110101111111111111111111101111111111, 11111111111111111111111111111111111111101111111111111111111111111111111111111111111111010111111111111111111111111111111111111111, 11111111111111111111111111111111111111111111111111111111111111111111111111111111111111111111111111111111111111111111101111111111, 11111111111111111111111111111111111111111111111111111111111111111111111111111111111111111111111111111111111111111111101111111111, 11111111011111111111111111111111111111111110111111111111111111111111111111111111111111111111111111111111111111111111111111111111, 11111111111111111111111111111111111111111111111111111111111111111111111111111111111111110111111111111111111111111111111111111111, 11111111011111111111111111111111111111101111011111111111111111111111111111111111111111111111111111111111111101111110111111111111, 11111111111111111111111111111111111111111111111111111111111111111111111111111111111111110111111111111111111111111111111111111111, 11111011110111111110111111111111111110101110111101011110111111111111111101111110111111011011111111111111111111110111101111111111, 11111111111111101111111111111111111111111111111111111110111111101111111111111111111111111111110111111111111111111111101111111111]
electre;3.0;[[45.4  40.25 44.7  44.7 ]];1901.8799999999999;122
included;[11111111111111111111111111011111111110111111111111111111111111111111111111111111111111111111111111111111111111111111101111111111, 11111111011111111111111111111111111111111111011111111111111111111111111111111111111111111111111111111111111101111110111111111111, 11111111011111111111111111111111111111111111111111111111111111111111111111111111111111111111111111111111111111111111111111111111, 11111111011111111111111111111111111111111111111101111111111111111111111111111111111111111001111111111111111111111111111111111111, 11111111011111111111111111111111111111101111111111111111111111111111111111111111111111111111110111111111111101111111111111111111, 11111111111111101111111111111111111111101111111111111110111111111111011111111111111111111111110111111111111111111111101111111111, 11111111011111111111111111101111111111111110111111111111111110111111111111111111111111111111111111111111111111011111111111111111, 11111111111111111111111111111111111111111111111111111110111111111111011111111111111111111111110101111111111111111111101111111111, 11111111111111111111111111111111111111101111111111111111111111111111111111111111111111010111111111111111111111111111111111111111, 11111111111111111111111111111111111111111111111111111111111111111111111111111111111111111111111111111111111111111111101111111111, 11111111111111111111111111111111111111111111111111111111111111111111111111111111111111111111111111111111111111111111101111111111, 11111111011111111111111111111111111111111110111111111111111111111111111111111111111111111111111111111111111111111111111111111111, 11111111111111111111111111111111111111111111111111111111111111111111111111111111111111110111111111111111111111111111111111111111, 11111111011111111111111111111111111111101111011111111111111111111111111111111111111111111111111111111111111101111110111111111111, 11111111111111111111111111111111111111111111111111111111111111111111111111111111111111110111111111111111111111111111111111111111, 11111011110111111110111111111111111110101110111101011110111111111111111101111110111111011011111111111111111111110111101111111111, 11111111111111101111111111111111111111111111111111111110111111101111111111111111111111111111110111111111111111111111101111111111]
electre;3.0;[[45.7  38.5  42.3  45.75]];1902.2;123
included;[11111111111111111111111111011111111110111111111111111111111111111111111111111111111111111111111111111111111111111111101111111111, 11111111011111111111111111111111111111111111011111111111111111111111111111111111111111111111111111111111111101111110111111111111, 11111111011111111111111111111111111111111111111111111111111111111111111111111111111111111111111111111111111111111111111111111111, 11111111011111111111111111111111111111111111111101111111111111111111111111111111111111111001111111111111111111111111111111111111, 11111111011111111111111111111111111111101111111111111111111111111111111111111111111111111111110111111111111101111111111111111111, 11111111111111101111111111111111111111101111111111111110111111111111011111111111111111111111110111111111111111111111101111111111, 11111111011111111111111111101111111111111110111111111111111110111111111111111111111111111111111111111111111111011111111111111111, 11111111111111111111111111111111111111111111111111111110111111111111011111111111111111111111110101111111111111111111101111111111, 11111111111111111111111111111111111111101111111111111111111111111111111111111111111111010111111111111111111111111111111111111111, 11111111111111111111111111111111111111111111111111111111111111111111111111111111111111111111111111111111111111111111101111111111, 11111111111111111111111111111111111111111111111111111111111111111111111111111111111111111111111111111111111111111111101111111111, 11111111011111111111111111111111111111111110111111111111111111111111111111111111111111111111111111111111111111111111111111111111, 11111111111111111111111111111111111111111111111111111111111111111111111111111111111111110111111111111111111111111111111111111111, 11111111011111111111111111111111111111101111011111111111111111111111111111111111111111111111111111111111111101111110111111111111, 11111111111111111111111111111111111111111111111111111111111111111111111111111111111111110111111111111111111111111111111111111111, 11111011110111111110111111111111111110101110111101011110111111111111111101111110111111011011111111111111111111110111101111111111, 11111111111111101111111111111111111111111111111111111110111111101111111111111111111111111111110111111111111111111111101111111111]
electre;7.0;[[45.15 40.3  44.2  44.6 ]];1886.53;123
included;[11111111111111111111111111011111111110111111111111111111111111111111111111111111111111111111111111111111111111111111101111111111, 11111111011111111111111111111111111111111111011111111111111111111111111111111111111111111111111111111111111101111110111111111111, 11111111011111111111111111111111111111111111111111111111111111111111111111111111111111111111111111111111111111111111111111111111, 11111111011111111111111111111111111111111111111101111111111111111111111111111111111111111001111111111111111111111111111111111111, 11111111011111111111111111111111111111101111111111111111111111111111111111111111111111111111110111111111111101111111111111111111, 11111111111111101111111111111111111111101111111111111110111111111111011111111111111111111111110111111111111111111111101111111111, 11111111011111111111111111101111111111111110111111111111111110111111111111111111111111111111111111111111111111011111111111111111, 11111111111111111111111111111111111111111111111111111110111111111111011111111111111111111111110101111111111111111111101111111111, 11111111111111111111111111111111111111101111111111111111111111111111111111111111111111010111111111111111111111111111111111111111, 11111111111111111111111111111111111111111111111111111111111111111111111111111111111111111111111111111111111111111111101111111111, 11111111111111111111111111111111111111111111111111111111111111111111111111111111111111111111111111111111111111111111101111111111, 11111111011111111111111111111111111111111110111111111111111111111111111111111111111111111111111111111111111111111111111111111111, 11111111111111111111111111111111111111111111111111111111111111111111111111111111111111110111111111111111111111111111111111111111, 11111111011111111111111111111111111111101111011111111111111111111111111111111111111111111111111111111111111101111110111111111111, 11111111111111111111111111111111111111111111111111111111111111111111111111111111111111110111111111111111111111111111111111111111, 11111011110111111110111111111111111110101110111101011110111111111111111101111110111111011011111111111111111111110111101111111111, 11111111111111101111111111111111111111111111111111111110111111101111111111111111111111111111110111111111111111111111101111111111]
electre;0.0;[[47.6  39.25 42.95 43.6 ]];1901.4000000000005;125
included;[11111111111111111111111111011111111110111111111111111111111111111111111111111111111111111111111111111111111111111111101111111111, 11111111011111111111111111111111111111111111011111111111111111111111111111111111111111111111111111111111111101111110111111111111, 11111111011111111111111111111111111111111111111111111111111111111111111111111111111111111111111111111111111111111111111111111111, 11111111011111111111111111111111111111111111111101111111111111111111111111111111111111111001111111111111111111111111111111111111, 11111111011111111111111111111111111111101111111111111111111111111111111111111111111111111111110111111111111101111111111111111111, 11111111111111101111111111111111111111101111111111111110111111111111011111111111111111111111110111111111111111111111101111111111, 11111111011111111111111111101111111111111110111111111111111110111111111111111111111111111111111111111111111111011111111111111111, 11111111111111111111111111111111111111111111111111111110111111111111011111111111111111111111110101111111111111111111101111111111, 11111111111111111111111111111111111111101111111111111111111111111111111111111111111111010111111111111111111111111111111111111111, 11111111111111111111111111111111111111111111111111111111111111111111111111111111111111111111111111111111111111111111101111111111, 11111111111111111111111111111111111111111111111111111111111111111111111111111111111111111111111111111111111111111111101111111111, 11111111011111111111111111111111111111111110111111111111111111111111111111111111111111111111111111111111111111111111111111111111, 11111111111111111111111111111111111111111111111111111111111111111111111111111111111111110111111111111111111111111111111111111111, 11111111011111111111111111111111111111101111011111111111111111111111111111111111111111111111111111111111111101111110111111111111, 11111111111111111111111111111111111111111111111111111111111111111111111111111111111111110111111111111111111111111111111111111111, 11111011110111111110111111111111111110101110111101011110111111111111111101111110111111011011111111111111111111110111101111111111, 11111111111111101111111111111111111111111111111111111110111111101111111111111111111111111111110111111111111111111111101111111111]
electre;-7.0;[[47.1  39.45 43.95 43.9 ]];1900.860000000001;127
included;[11111111111111111111111111011111111110111111111111111111111111111111111111111111111111111111111111111111111111111111101111111111, 11111111011111111111111111111111111111111111011111111111111111111111111111111111111111111111111111111111111101111110111111111111, 11111111011111111111111111111111111111111111111111111111111111111111111111111111111111111111111111111111111111111111111111111111, 11111111011111111111111111111111111111111111111101111111111111111111111111111111111111111001111111111111111111111111111111111111, 11111111011111111111111111111111111111101111111111111111111111111111111111111111111111111111110111111111111101111111111111111111, 11111111111111101111111111111111111111101111111111111110111111111111011111111111111111111111110111111111111111111111101111111111, 11111111011111111111111111101111111111111110111111111111111110111111111111111111111111111111111111111111111111011111111111111111, 11111111111111111111111111111111111111111111111111111110111111111111011111111111111111111111110101111111111111111111101111111111, 11111111111111111111111111111111111111101111111111111111111111111111111111111111111111010111111111111111111111111111111111111111, 11111111111111111111111111111111111111111111111111111111111111111111111111111111111111111111111111111111111111111111101111111111, 11111111111111111111111111111111111111111111111111111111111111111111111111111111111111111111111111111111111111111111101111111111, 11111111011111111111111111111111111111111110111111111111111111111111111111111111111111111111111111111111111111111111111111111111, 11111111111111111111111111111111111111111111111111111111111111111111111111111111111111110111111111111111111111111111111111111111, 11111111011111111111111111111111111111101111011111111111111111111111111111111111111111111111111111111111111101111110111111111111, 11111111111111111111111111111111111111111111111111111111111111111111111111111111111111110111111111111111111111111111111111111111, 11111011110111111110111111111111111110101110111101011110111111111111111101111110111111011011111111111111111111110111101111111111, 11111111111111101111111111111111111111111111111111111110111111101111111111111111111111111111110111111111111111111111101111111111]
electre;-4.0;[[46.95 42.05 43.55 44.45]];1900.7900000000009;127
included;[11111111111111111111111111011111111110111111111111111111111111111111111111111111111111111111111111111111111111111111101111111111, 11111111011111111111111111111111111111111111011111111111111111111111111111111111111111111111111111111111111101111110111111111111, 11111111011111111111111111111111111111111111111111111111111111111111111111111111111111111111111111111111111111111111111111111111, 11111111011111111111111111111111111111111111111101111111111111111111111111111111111111111001111111111111111111111111111111111111, 11111111011111111111111111111111111111101111111111111111111111111111111111111111111111111111110111111111111101111111111111111111, 11111111111111101111111111111111111111101111111111111110111111111111011111111111111111111111110111111111111111111111101111111111, 11111111011111111111111111101111111111111110111111111111111110111111111111111111111111111111111111111111111111011111111111111111, 11111111111111111111111111111111111111111111111111111110111111111111011111111111111111111111110101111111111111111111101111111111, 11111111111111111111111111111111111111101111111111111111111111111111111111111111111111010111111111111111111111111111111111111111, 11111111111111111111111111111111111111111111111111111111111111111111111111111111111111111111111111111111111111111111101111111111, 11111111111111111111111111111111111111111111111111111111111111111111111111111111111111111111111111111111111111111111101111111111, 11111111011111111111111111111111111111111110111111111111111111111111111111111111111111111111111111111111111111111111111111111111, 11111111111111111111111111111111111111111111111111111111111111111111111111111111111111110111111111111111111111111111111111111111, 11111111011111111111111111111111111111101111011111111111111111111111111111111111111111111111111111111111111101111110111111111111, 11111111111111111111111111111111111111111111111111111111111111111111111111111111111111110111111111111111111111111111111111111111, 11111011110111111110111111111111111110101110111101011110111111111111111101111110111111011011111111111111111111110111101111111111, 11111111111111101111111111111111111111111111111111111110111111101111111111111111111111111111110111111111111111111111101111111111]
electre;5.0;[[46.55 39.85 41.6  45.05]];1897.06;126
included;[11111111111111111111111111011111111110111111111111111111111111111111111111111111111111111111111111111111111111111111101111111111, 11111111011111111111111111111111111111111111011111111111111111111111111111111111111111111111111111111111111101111110111111111111, 11111111011111111111111111111111111111111111111111111111111111111111111111111111111111111111111111111111111111111111111111111111, 11111111011111111111111111111111111111111111111101111111111111111111111111111111111111111001111111111111111111111111111111111111, 11111111011111111111111111111111111111101111111111111111111111111111111111111111111111111111110111111111111101111111111111111111, 11111111111111101111111111111111111111101111111111111110111111111111011111111111111111111111110111111111111111111111101111111111, 11111111011111111111111111101111111111111110111111111111111110111111111111111111111111111111111111111111111111011111111111111111, 11111111111111111111111111111111111111111111111111111110111111111111011111111111111111111111110101111111111111111111101111111111, 11111111111111111111111111111111111111101111111111111111111111111111111111111111111111010111111111111111111111111111111111111111, 11111111111111111111111111111111111111111111111111111111111111111111111111111111111111111111111111111111111111111111101111111111, 11111111111111111111111111111111111111111111111111111111111111111111111111111111111111111111111111111111111111111111101111111111, 11111111011111111111111111111111111111111110111111111111111111111111111111111111111111111111111111111111111111111111111111111111, 11111111111111111111111111111111111111111111111111111111111111111111111111111111111111110111111111111111111111111111111111111111, 11111111011111111111111111111111111111101111011111111111111111111111111111111111111111111111111111111111111101111110111111111111, 11111111111111111111111111111111111111111111111111111111111111111111111111111111111111110111111111111111111111111111111111111111, 11111011110111111110111111111111111110101110111101011110111111111111111101111110111111011011111111111111111111110111101111111111, 11111111111111101111111111111111111111111111111111111110111111101111111111111111111111111111110111111111111111111111101111111111]
electre;8.0;[[47.1  39.95 42.35 43.8 ]];1894.2499999999998;127
included;[11111111111111111111111111011111111110111111111111111111111111111111111111111111111111111111111111111111111111111111101111111111, 11111111011111111111111111111111111111111111011111111111111111111111111111111111111111111111111111111111111101111110111111111111, 11111111011111111111111111111111111111111111111111111111111111111111111111111111111111111111111111111111111111111111111111111111, 11111111011111111111111111111111111111111111111101111111111111111111111111111111111111111001111111111111111111111111111111111111, 11111111011111111111111111111111111111101111111111111111111111111111111111111111111111111111110111111111111101111111111111111111, 11111111111111101111111111111111111111101111111111111110111111111111011111111111111111111111110111111111111111111111101111111111, 11111111011111111111111111101111111111111110111111111111111110111111111111111111111111111111111111111111111111011111111111111111, 11111111111111111111111111111111111111111111111111111110111111111111011111111111111111111111110101111111111111111111101111111111, 11111111111111111111111111111111111111101111111111111111111111111111111111111111111111010111111111111111111111111111111111111111, 11111111111111111111111111111111111111111111111111111111111111111111111111111111111111111111111111111111111111111111101111111111, 11111111111111111111111111111111111111111111111111111111111111111111111111111111111111111111111111111111111111111111101111111111, 11111111011111111111111111111111111111111110111111111111111111111111111111111111111111111111111111111111111111111111111111111111, 11111111111111111111111111111111111111111111111111111111111111111111111111111111111111110111111111111111111111111111111111111111, 11111111011111111111111111111111111111101111011111111111111111111111111111111111111111111111111111111111111101111110111111111111, 11111111111111111111111111111111111111111111111111111111111111111111111111111111111111110111111111111111111111111111111111111111, 11111011110111111110111111111111111110101110111101011110111111111111111101111110111111011011111111111111111111110111101111111111, 11111111111111101111111111111111111111111111111111111110111111101111111111111111111111111111110111111111111111111111101111111111]
electre;-11.0;[[45.8  40.5  44.2  45.65]];1903.2800000000004;123
included;[11111111111111111111111111011111111110111111111111111111111111111111111111111111111111111111111111111111111111111111101111111111, 11111111011111111111111111111111111111111111011111111111111111111111111111111111111111111111111111111111111101111110111111111111, 11111111011111111111111111111111111111111111111111111111111111111111111111111111111111111111111111111111111111111111111111111111, 11111111011111111111111111111111111111111111111101111111111111111111111111111111111111111001111111111111111111111111111111111111, 11111111011111111111111111111111111111101111111111111111111111111111111111111111111111111111110111111111111101111111111111111111, 11111111111111101111111111111111111111101111111111111110111111111111011111111111111111111111110111111111111111111111101111111111, 11111111011111111111111111101111111111111110111111111111111110111111111111111111111111111111111111111111111111011111111111111111, 11111111111111111111111111111111111111111111111111111110111111111111011111111111111111111111110101111111111111111111101111111111, 11111111111111111111111111111111111111101111111111111111111111111111111111111111111111010111111111111111111111111111111111111111, 11111111111111111111111111111111111111111111111111111111111111111111111111111111111111111111111111111111111111111111101111111111, 11111111111111111111111111111111111111111111111111111111111111111111111111111111111111111111111111111111111111111111101111111111, 11111111011111111111111111111111111111111110111111111111111111111111111111111111111111111111111111111111111111111111111111111111, 11111111111111111111111111111111111111111111111111111111111111111111111111111111111111110111111111111111111111111111111111111111, 11111111011111111111111111111111111111101111011111111111111111111111111111111111111111111111111111111111111101111110111111111111, 11111111111111111111111111111111111111111111111111111111111111111111111111111111111111110111111111111111111111111111111111111111, 11111011110111111110111111111111111110101110111101011110111111111111111101111110111111011011111111111111111111110111101111111111, 11111111111111101111111111111111111111111111111111111110111111101111111111111111111111111111110111111111111111111111101111111111]
electre;-13.0;[[46.87286442 40.32286442 43.95       44.87286442]];1900.9103098013209;127
included;[11111111111111111111111111011111111110111111111111111111111111111111111111111111111111111111111111111111111111111111101111111111, 11111111011111111111111111111111111111111111011111111111111111111111111111111111111111111111111111111111111101111110111111111111, 11111111011111111111111111111111111111111111111111111111111111111111111111111111111111111111111111111111111111111111111111111111, 11111111011111111111111111111111111111111111111101111111111111111111111111111111111111111001111111111111111111111111111111111111, 11111111011111111111111111111111111111101111111111111111111111111111111111111111111111111111110111111111111101111111111111111111, 11111111111111101111111111111111111111101111111111111110111111111111011111111111111111111111110111111111111111111111101111111111, 11111111011111111111111111101111111111111110111111111111111110111111111111111111111111111111111111111111111111011111111111111111, 11111111111111111111111111111111111111111111111111111110111111111111011111111111111111111111110101111111111111111111101111111111, 11111111111111111111111111111111111111101111111111111111111111111111111111111111111111010111111111111111111111111111111111111111, 11111111111111111111111111111111111111111111111111111111111111111111111111111111111111111111111111111111111111111111101111111111, 11111111111111111111111111111111111111111111111111111111111111111111111111111111111111111111111111111111111111111111101111111111, 11111111011111111111111111111111111111111110111111111111111111111111111111111111111111111111111111111111111111111111111111111111, 11111111111111111111111111111111111111111111111111111111111111111111111111111111111111110111111111111111111111111111111111111111, 11111111011111111111111111111111111111101111011111111111111111111111111111111111111111111111111111111111111101111110111111111111, 11111111111111111111111111111111111111111111111111111111111111111111111111111111111111110111111111111111111111111111111111111111, 11111011110111111110111111111111111110101110111101011110111111111111111101111110111111011011111111111111111111110111101111111111, 11111111111111101111111111111111111111111111111111111110111111101111111111111111111111111111110111111111111111111111101111111111]
electre;4.0;[[48.28951259 40.78333806 42.64547444 41.9579216 ]];1903.0101763498021;113
included;[11111111111111111111111111011111111110111111111111111111111111111111111111111111111111111111111111111111111111111111101111111111, 11111111011111111111111111111111111111111111011111111111111111111111111111111111111111111111111111111111111101111110111111111111, 11111111011111111111111111111111111111111111111111111111111111111111111111111111111111111111111111111111111111111111111111111111, 11111111011111111111111111111111111111111111111101111111111111111111111111111111111111111001111111111111111111111111111111111111, 11111111011111111111111111111111111111101111111111111111111111111111111111111111111111111111110111111111111101111111111111111111, 11111111111111101111111111111111111111101111111111111110111111111111011111111111111111111111110111111111111111111111101111111111, 11111111011111111111111111101111111111111110111111111111111110111111111111111111111111111111111111111111111111011111111111111111, 11111111111111111111111111111111111111111111111111111110111111111111011111111111111111111111110101111111111111111111101111111111, 11111111111111111111111111111111111111101111111111111111111111111111111111111111111111010111111111111111111111111111111111111111, 11111111111111111111111111111111111111111111111111111111111111111111111111111111111111111111111111111111111111111111101111111111, 11111111111111111111111111111111111111111111111111111111111111111111111111111111111111111111111111111111111111111111101111111111, 11111111011111111111111111111111111111111110111111111111111111111111111111111111111111111111111111111111111111111111111111111111, 11111111111111111111111111111111111111111111111111111111111111111111111111111111111111110111111111111111111111111111111111111111, 11111111011111111111111111111111111111101111011111111111111111111111111111111111111111111111111111111111111101111110111111111111, 11111111111111111111111111111111111111111111111111111111111111111111111111111111111111110111111111111111111111111111111111111111, 11111011110111111110111111111111111110101110111101011110111111111111111101111110111111011011111111111111111111110111101111111111, 11111111111111101111111111111111111111111111111111111110111111101111111111111111111111111111110111111111111111111111101111111111]
electre;-1.0;[[45.9  40.   44.75 43.85]];1897.2199999999996;123
included;[11111111111111111111111111011111111110111111111111111111111111111111111111111111111111111111111111111111111111111111101111111111, 11111111011111111111111111111111111111111111011111111111111111111111111111111111111111111111111111111111111101111110111111111111, 11111111011111111111111111111111111111111111111111111111111111111111111111111111111111111111111111111111111111111111111111111111, 11111111011111111111111111111111111111111111111101111111111111111111111111111111111111111001111111111111111111111111111111111111, 11111111011111111111111111111111111111101111111111111111111111111111111111111111111111111111110111111111111101111111111111111111, 11111111111111101111111111111111111111101111111111111110111111111111011111111111111111111111110111111111111111111111101111111111, 11111111011111111111111111101111111111111110111111111111111110111111111111111111111111111111111111111111111111011111111111111111, 11111111111111111111111111111111111111111111111111111110111111111111011111111111111111111111110101111111111111111111101111111111, 11111111111111111111111111111111111111101111111111111111111111111111111111111111111111010111111111111111111111111111111111111111, 11111111111111111111111111111111111111111111111111111111111111111111111111111111111111111111111111111111111111111111101111111111, 11111111111111111111111111111111111111111111111111111111111111111111111111111111111111111111111111111111111111111111101111111111, 11111111011111111111111111111111111111111110111111111111111111111111111111111111111111111111111111111111111111111111111111111111, 11111111111111111111111111111111111111111111111111111111111111111111111111111111111111110111111111111111111111111111111111111111, 11111111011111111111111111111111111111101111011111111111111111111111111111111111111111111111111111111111111101111110111111111111, 11111111111111111111111111111111111111111111111111111111111111111111111111111111111111110111111111111111111111111111111111111111, 11111011110111111110111111111111111110101110111101011110111111111111111101111110111111011011111111111111111111110111101111111111, 11111111111111101111111111111111111111111111111111111110111111101111111111111111111111111111110111111111111111111111101111111111]
