#search;maxiter
2.02362060546875
[[26.66663927 25.02531577 26.48500483 28.2103206 ]
 [25.5        26.75       26.25       27.7       ]
 [25.45       26.75       27.5        28.05      ]
 [25.9        26.25       26.8        27.95      ]
 [26.95       25.3        25.8        28.65      ]
 [25.1        26.85       26.75       27.85      ]
 [25.6        27.05       25.85       28.15      ]]
budget;992.97;1010.10;1013.07;1009.44;1011.50;1002.59;1009.32
size;60;57;55;58;53;60;60
w;1
#search;maxiter
3.2108070850372314
[[26.66663927 25.02531577 26.48500483 28.2103206 ]
 [25.5        26.75       26.25       27.7       ]
 [25.45       26.75       27.5        28.05      ]
 [26.48777307 26.51563343 24.45178303 26.35498404]
 [25.9        26.25       26.8        27.95      ]
 [26.95       25.3        25.8        28.65      ]
 [25.1        26.85       26.75       27.85      ]
 [24.4        27.3        24.         25.55      ]
 [25.6        27.05       25.85       28.15      ]]
budget;992.97;1010.10;1013.07;1004.29;1009.44;1011.50;1002.59;1010.10;1009.32
size;60;57;55;49;58;53;60;45;60
w;2
#added;1
#search;maxiter
3.8284220695495605
[[26.66663927 25.02531577 26.48500483 28.2103206 ]
 [25.5        26.75       26.25       27.7       ]
 [25.45       26.75       27.5        28.05      ]
 [26.48777307 26.51563343 24.45178303 26.35498404]
 [25.9        26.25       26.8        27.95      ]
 [26.95       25.3        25.8        28.65      ]
 [25.1        26.85       26.75       27.85      ]
 [24.4        27.3        24.         25.55      ]
 [25.6        27.05       25.85       28.15      ]]
budget;992.97;1010.10;1013.07;1004.29;1009.44;1011.50;1002.59;1010.10;1009.32
size;60;57;55;49;58;53;60;45;60
#added;1
#search;maxiter
w;4
#added;1
#search;maxiter
5.2099621295928955
[[26.66663927 25.02531577 26.48500483 28.2103206 ]
 [25.5        26.75       26.25       27.7       ]
 [25.45       26.75       27.5        28.05      ]
 [26.48777307 26.51563343 24.45178303 26.35498404]
 [25.9        26.25       26.8        27.95      ]
 [26.95       25.3        25.8        28.65      ]
 [25.1        26.85       26.75       27.85      ]
 [24.4        27.3        24.         25.55      ]
 [25.6        27.05       25.85       28.15      ]]
budget;992.97;1010.10;1013.07;1004.29;1009.44;1011.50;1002.59;1010.10;1009.32
size;60;57;55;49;58;53;60;45;60
#added;1
#search;maxiter
#search;maxiter
#search;maxiter
w;8
#search;maxiter
8.480912446975708
[[25.80083506 23.40551737 27.26458228 27.77992683]
 [26.66663927 25.02531577 26.48500483 28.2103206 ]
 [25.5        26.75       26.25       27.7       ]
 [27.06453207 24.91477977 25.53500483 26.8518918 ]
 [25.45       26.75       27.5        28.05      ]
 [26.48777307 26.51563343 24.45178303 26.35498404]
 [27.29281477 25.94820369 25.35       28.5       ]
 [25.9        26.25       26.8        27.95      ]
 [26.95       25.3        25.8        28.65      ]
 [25.1        26.85       26.75       27.85      ]
 [24.4        27.3        24.         25.55      ]
 [26.93184015 25.69377063 26.26582268 26.636775  ]
 [25.6        27.05       25.85       28.15      ]]
budget;1007.25;992.97;1010.10;1007.46;1013.07;1004.29;1000.39;1009.44;1011.50;1002.59;1010.10;995.89;1009.32
size;45;60;57;50;55;49;48;58;53;60;45;50;60
#search;maxiter
#search;maxiter
#search;maxiter
#search;maxiter
#search;maxiter
#search;maxiter
#search;maxiter
w;16
#search;maxiter
17.90208625793457
[[25.80083506 23.40551737 27.26458228 27.77992683]
 [26.66663927 25.02531577 26.48500483 28.2103206 ]
 [24.4        27.3        24.         25.55      ]
 [25.5        26.75       26.25       27.7       ]
 [27.06453207 24.91477977 25.53500483 26.8518918 ]
 [25.45       26.75       27.5        28.05      ]
 [26.48777307 26.51563343 24.45178303 26.35498404]
 [27.29281477 25.94820369 25.35       28.5       ]
 [25.9        26.25       26.8        27.95      ]
 [25.75       26.55       26.15       24.19696101]
 [26.95       25.3        25.8        28.65      ]
 [26.16424846 26.50915697 25.48064277 27.55275317]
 [25.1        26.85       26.75       27.85      ]
 [26.12326201 27.2954239  25.7169097  26.80275317]
 [26.93184015 25.69377063 26.26582268 26.636775  ]
 [25.6        27.05       25.85       28.15      ]]
budget;1007.25;992.97;1010.10;1010.10;1007.46;1013.07;1004.29;1000.39;1009.44;1013.96;1011.50;1012.00;1002.59;1014.76;995.89;1009.32
size;45;60;45;57;50;55;49;48;58;42;53;44;60;43;50;60
#search;maxiter
#search;maxiter
#search;maxiter
#search;maxiter
#search;maxiter
#search;maxiter
#search;maxiter
#search;maxiter
#search;maxiter
#search;maxiter
#search;maxiter
#search;maxiter
#search;maxiter
#search;maxiter
#search;maxiter
w;32
#search;maxiter
39.46075654029846
[[25.80083506 23.40551737 27.26458228 27.77992683]
 [26.66663927 25.02531577 26.48500483 28.2103206 ]
 [24.4        27.3        24.         25.55      ]
 [25.5        26.75       26.25       27.7       ]
 [25.45       26.75       27.5        28.05      ]
 [28.83828752 25.75       25.95       28.26769851]
 [28.33828752 25.48829515 25.98829515 27.83413164]
 [27.29281477 25.94820369 25.35       28.5       ]
 [25.9        26.25       26.8        27.95      ]
 [26.95       25.3        25.8        28.65      ]
 [27.52858941 26.70717881 26.17143576 26.65      ]
 [26.16424846 26.50915697 25.48064277 27.55275317]
 [26.34946504 24.55695386 26.63408975 25.32109448]
 [25.1        26.85       26.75       27.85      ]
 [26.12326201 27.2954239  25.7169097  26.80275317]
 [26.93184015 25.69377063 26.26582268 26.636775  ]
 [25.6        27.05       25.85       28.15      ]]
budget;1007.25;992.97;1010.10;1010.10;1013.07;1009.56;1014.41;1000.39;1009.44;1011.50;1013.46;1012.00;1014.25;1002.59;1014.76;995.89;1009.32
size;45;60;45;57;55;53;52;48;58;53;47;44;47;60;43;50;60
#search;maxiter
#search;maxiter
#search;maxiter
#search;maxiter
#search;maxiter
#search;maxiter
#search;maxiter
#search;maxiter
#search;maxiter
#search;maxiter
#search;maxiter
#search;maxiter
#search;maxiter
#search;maxiter
#search;maxiter
#search;maxiter
#search;maxiter
#search;maxiter
#search;maxiter
#search;maxiter
#search;maxiter
#search;maxiter
#search;maxiter
#search;maxiter
#search;maxiter
#search;maxiter
#search;maxiter
#search;maxiter
#search;maxiter
#search;maxiter
#search;maxiter
w;64
#search;maxiter
90.26560640335083
[[25.65       26.9        26.85       26.15      ]
 [26.62893986 25.23146606 25.93500483 29.61647089]
 [26.66663927 25.02531577 26.48500483 28.2103206 ]
 [25.9        26.45       24.35       28.7       ]
 [28.33828752 25.48829515 25.98829515 27.83413164]
 [25.1        26.85       26.75       27.85      ]
 [26.12326201 27.2954239  25.7169097  26.80275317]
 [25.5        26.75       26.25       27.7       ]
 [25.9        26.25       26.8        27.95      ]
 [24.4        27.3        24.         25.55      ]
 [27.64966944 25.88962813 27.4085125  28.20058672]
 [25.45       26.75       27.5        28.05      ]
 [28.83828752 25.75       25.95       28.26769851]
 [27.52858941 26.70717881 26.17143576 26.65      ]
 [26.85295531 24.         23.87830505 28.68742292]
 [26.95       25.3        25.8        28.65      ]
 [26.16424846 26.50915697 25.48064277 27.55275317]
 [25.6        27.05       25.85       28.15      ]
 [27.29281477 25.94820369 25.35       28.5       ]]
budget;1014.59;1013.45;992.97;1014.13;1014.41;1002.59;1014.76;1010.10;1009.44;1010.10;998.33;1013.07;1009.56;1013.46;1014.65;1011.50;1012.00;1009.32;1000.39
size;47;52;60;45;52;60;43;57;58;45;53;55;53;47;45;53;44;60;48
usage;shake;swapRandom=14
usage;shake;swapQuarter=13
usage;shake;swapThird=16
usage;shake;swapHalf=8
usage;shake;swapGroup=13
usage;shake;incrMin=7
usage;shake;incrMax=9
usage;shake;incrRnd=6
usage;shake;rndMin=4
usage;shake;rndMax=10
usage;shake;rndRnd=9
usage;shake;liftIncr=10
usage;shake;liftRnd=9
usage;search;swapOne=1
usage;search;inclRndMin=34
usage;search;inclRndMax=29
usage;search;inclRndRnd=30
usage;search;inclLowMin=2
usage;search;inclLowMax=29
usage;search;inclLowRnd=29
usage;search;inclHighMin=33
usage;search;inclHighMax=33
usage;search;inclHighRnd=23
usage;search;fundAtMin=38
usage;search;fundAtMax=1
usage;search;fundAtRnd=32
usage;search;exclRnd=33
usage;search;exclLow=40
usage;search;exclHigh=31
usage;search;inflGrMin=33
usage;search;inflGrMax=12
usage;search;inflGrRnd=45
usage;search;deflGrMin=19
usage;search;deflGrMax=20
usage;search;deflGrRnd=34
usage;search;exchGrMin=19
usage;search;exchGrMax=24
usage;search;exchGrRnd=26
usage;search;incrMin=83
usage;search;incrMax=91
usage;search;incrRnd=99
usage;search;rndMin=87
usage;search;rndMax=30
usage;search;rndRnd=73
usage;search;liftIncr=93
usage;search;liftRnd=94
end;90.270/224;63/64;2/26
electre;7.0;[[25.65 26.9  26.85 26.15]];1014.59;47
included;[1111011011110001101111001101110111011111111011111011011110111010, 1111111011111111111111110101101111011111110101001111101101011111, 1111111111111111011111111111111111111111111011011111111111011111, 0110011011010110111111111001100111101111110001101110111101111011, 1111111111111011010111110111111111111011101011110001111110011111, 1111111111110111111111111111110111111011111111011111111111111111, 0111101110110011110111111001111111101101100011110010001111010011, 1101111100110111111111111111110111111011111111011111111111111111, 1101111111110111111111111111110111111011111111011011111111111111, 1110101001100111100111110101110011011100111111111011011111110011, 1111111111111011110111111100111111011111111111001110111101010111, 1101111100110111111111111101110111111011111111011101111111111111, 1111111111111011011111110111111111111111101011110001111110010111, 0111101101110101011111100101111111011111110011111011111110010110, 0100111111010111111111011111111011111111100100100001111100011011, 1111101011111111101111111011101111011111111111001110110111011111, 0111101110110011100111111001111111101101110011110010001111010111, 1111111111111111011111111111110111111011111111011111111111111111, 0111101101110111011101111111111011011111111011111001011100010111]
electre;-7.0;[[26.62893986 25.23146606 25.93500483 29.61647089]];1013.4522107513735;52
included;[1111011011110001101111001101110111011111111011111011011110111010, 1111111011111111111111110101101111011111110101001111101101011111, 1111111111111111011111111111111111111111111011011111111111011111, 0110011011010110111111111001100111101111110001101110111101111011, 1111111111111011010111110111111111111011101011110001111110011111, 1111111111110111111111111111110111111011111111011111111111111111, 0111101110110011110111111001111111101101100011110010001111010011, 1101111100110111111111111111110111111011111111011111111111111111, 1101111111110111111111111111110111111011111111011011111111111111, 1110101001100111100111110101110011011100111111111011011111110011, 1111111111111011110111111100111111011111111111001110111101010111, 1101111100110111111111111101110111111011111111011101111111111111, 1111111111111011011111110111111111111111101011110001111110010111, 0111101101110101011111100101111111011111110011111011111110010110, 0100111111010111111111011111111011111111100100100001111100011011, 1111101011111111101111111011101111011111111111001110110111011111, 0111101110110011100111111001111111101101110011110010001111010111, 1111111111111111011111111111110111111011111111011111111111111111, 0111101101110111011101111111111011011111111011111001011100010111]
electre;5.0;[[26.66663927 25.02531577 26.48500483 28.2103206 ]];992.9718542992391;60
included;[1111011011110001101111001101110111011111111011111011011110111010, 1111111011111111111111110101101111011111110101001111101101011111, 1111111111111111011111111111111111111111111011011111111111011111, 0110011011010110111111111001100111101111110001101110111101111011, 1111111111111011010111110111111111111011101011110001111110011111, 1111111111110111111111111111110111111011111111011111111111111111, 0111101110110011110111111001111111101101100011110010001111010011, 1101111100110111111111111111110111111011111111011111111111111111, 1101111111110111111111111111110111111011111111011011111111111111, 1110101001100111100111110101110011011100111111111011011111110011, 1111111111111011110111111100111111011111111111001110111101010111, 1101111100110111111111111101110111111011111111011101111111111111, 1111111111111011011111110111111111111111101011110001111110010111, 0111101101110101011111100101111111011111110011111011111110010110, 0100111111010111111111011111111011111111100100100001111100011011, 1111101011111111101111111011101111011111111111001110110111011111, 0111101110110011100111111001111111101101110011110010001111010111, 1111111111111111011111111111110111111011111111011111111111111111, 0111101101110111011101111111111011011111111011111001011100010111]
electre;1.0;[[25.9  26.45 24.35 28.7 ]];1014.1299999999999;45
included;[1111011011110001101111001101110111011111111011111011011110111010, 1111111011111111111111110101101111011111110101001111101101011111, 1111111111111111011111111111111111111111111011011111111111011111, 0110011011010110111111111001100111101111110001101110111101111011, 1111111111111011010111110111111111111011101011110001111110011111, 1111111111110111111111111111110111111011111111011111111111111111, 0111101110110011110111111001111111101101100011110010001111010011, 1101111100110111111111111111110111111011111111011111111111111111, 1101111111110111111111111111110111111011111111011011111111111111, 1110101001100111100111110101110011011100111111111011011111110011, 1111111111111011110111111100111111011111111111001110111101010111, 1101111100110111111111111101110111111011111111011101111111111111, 1111111111111011011111110111111111111111101011110001111110010111, 0111101101110101011111100101111111011111110011111011111110010110, 0100111111010111111111011111111011111111100100100001111100011011, 1111101011111111101111111011101111011111111111001110110111011111, 0111101110110011100111111001111111101101110011110010001111010111, 1111111111111111011111111111110111111011111111011111111111111111, 0111101101110111011101111111111011011111111011111001011100010111]
electre;-1.0;[[28.33828752 25.48829515 25.98829515 27.83413164]];1014.4125322474326;52
included;[1111011011110001101111001101110111011111111011111011011110111010, 1111111011111111111111110101101111011111110101001111101101011111, 1111111111111111011111111111111111111111111011011111111111011111, 0110011011010110111111111001100111101111110001101110111101111011, 1111111111111011010111110111111111111011101011110001111110011111, 1111111111110111111111111111110111111011111111011111111111111111, 0111101110110011110111111001111111101101100011110010001111010011, 1101111100110111111111111111110111111011111111011111111111111111, 1101111111110111111111111111110111111011111111011011111111111111, 1110101001100111100111110101110011011100111111111011011111110011, 1111111111111011110111111100111111011111111111001110111101010111, 1101111100110111111111111101110111111011111111011101111111111111, 1111111111111011011111110111111111111111101011110001111110010111, 0111101101110101011111100101111111011111110011111011111110010110, 0100111111010111111111011111111011111111100100100001111100011011, 1111101011111111101111111011101111011111111111001110110111011111, 0111101110110011100111111001111111101101110011110010001111010111, 1111111111111111011111111111110111111011111111011111111111111111, 0111101101110111011101111111111011011111111011111001011100010111]
electre;-3.0;[[25.1  26.85 26.75 27.85]];1002.5899999999999;60
included;[1111011011110001101111001101110111011111111011111011011110111010, 1111111011111111111111110101101111011111110101001111101101011111, 1111111111111111011111111111111111111111111011011111111111011111, 0110011011010110111111111001100111101111110001101110111101111011, 1111111111111011010111110111111111111011101011110001111110011111, 1111111111110111111111111111110111111011111111011111111111111111, 0111101110110011110111111001111111101101100011110010001111010011, 1101111100110111111111111111110111111011111111011111111111111111, 1101111111110111111111111111110111111011111111011011111111111111, 1110101001100111100111110101110011011100111111111011011111110011, 1111111111111011110111111100111111011111111111001110111101010111, 1101111100110111111111111101110111111011111111011101111111111111, 1111111111111011011111110111111111111111101011110001111110010111, 0111101101110101011111100101111111011111110011111011111110010110, 0100111111010111111111011111111011111111100100100001111100011011, 1111101011111111101111111011101111011111111111001110110111011111, 0111101110110011100111111001111111101101110011110010001111010111, 1111111111111111011111111111110111111011111111011111111111111111, 0111101101110111011101111111111011011111111011111001011100010111]
electre;3.0;[[26.12326201 27.2954239  25.7169097  26.80275317]];1014.7569591033738;43
included;[1111011011110001101111001101110111011111111011111011011110111010, 1111111011111111111111110101101111011111110101001111101101011111, 1111111111111111011111111111111111111111111011011111111111011111, 0110011011010110111111111001100111101111110001101110111101111011, 1111111111111011010111110111111111111011101011110001111110011111, 1111111111110111111111111111110111111011111111011111111111111111, 0111101110110011110111111001111111101101100011110010001111010011, 1101111100110111111111111111110111111011111111011111111111111111, 1101111111110111111111111111110111111011111111011011111111111111, 1110101001100111100111110101110011011100111111111011011111110011, 1111111111111011110111111100111111011111111111001110111101010111, 1101111100110111111111111101110111111011111111011101111111111111, 1111111111111011011111110111111111111111101011110001111110010111, 0111101101110101011111100101111111011111110011111011111110010110, 0100111111010111111111011111111011111111100100100001111100011011, 1111101011111111101111111011101111011111111111001110110111011111, 0111101110110011100111111001111111101101110011110010001111010111, 1111111111111111011111111111110111111011111111011111111111111111, 0111101101110111011101111111111011011111111011111001011100010111]
electre;0.0;[[25.5  26.75 26.25 27.7 ]];1010.0999999999999;57
included;[1111011011110001101111001101110111011111111011111011011110111010, 1111111011111111111111110101101111011111110101001111101101011111, 1111111111111111011111111111111111111111111011011111111111011111, 0110011011010110111111111001100111101111110001101110111101111011, 1111111111111011010111110111111111111011101011110001111110011111, 1111111111110111111111111111110111111011111111011111111111111111, 0111101110110011110111111001111111101101100011110010001111010011, 1101111100110111111111111111110111111011111111011111111111111111, 1101111111110111111111111111110111111011111111011011111111111111, 1110101001100111100111110101110011011100111111111011011111110011, 1111111111111011110111111100111111011111111111001110111101010111, 1101111100110111111111111101110111111011111111011101111111111111, 1111111111111011011111110111111111111111101011110001111110010111, 0111101101110101011111100101111111011111110011111011111110010110, 0100111111010111111111011111111011111111100100100001111100011011, 1111101011111111101111111011101111011111111111001110110111011111, 0111101110110011100111111001111111101101110011110010001111010111, 1111111111111111011111111111110111111011111111011111111111111111, 0111101101110111011101111111111011011111111011111001011100010111]
electre;-3.0;[[25.9  26.25 26.8  27.95]];1009.44;58
included;[1111011011110001101111001101110111011111111011111011011110111010, 1111111011111111111111110101101111011111110101001111101101011111, 1111111111111111011111111111111111111111111011011111111111011111, 0110011011010110111111111001100111101111110001101110111101111011, 1111111111111011010111110111111111111011101011110001111110011111, 1111111111110111111111111111110111111011111111011111111111111111, 0111101110110011110111111001111111101101100011110010001111010011, 1101111100110111111111111111110111111011111111011111111111111111, 1101111111110111111111111111110111111011111111011011111111111111, 1110101001100111100111110101110011011100111111111011011111110011, 1111111111111011110111111100111111011111111111001110111101010111, 1101111100110111111111111101110111111011111111011101111111111111, 1111111111111011011111110111111111111111101011110001111110010111, 0111101101110101011111100101111111011111110011111011111110010110, 0100111111010111111111011111111011111111100100100001111100011011, 1111101011111111101111111011101111011111111111001110110111011111, 0111101110110011100111111001111111101101110011110010001111010111, 1111111111111111011111111111110111111011111111011111111111111111, 0111101101110111011101111111111011011111111011111001011100010111]
electre;11.0;[[24.4  27.3  24.   25.55]];1010.1000000000003;45
included;[1111011011110001101111001101110111011111111011111011011110111010, 1111111011111111111111110101101111011111110101001111101101011111, 1111111111111111011111111111111111111111111011011111111111011111, 0110011011010110111111111001100111101111110001101110111101111011, 1111111111111011010111110111111111111011101011110001111110011111, 1111111111110111111111111111110111111011111111011111111111111111, 0111101110110011110111111001111111101101100011110010001111010011, 1101111100110111111111111111110111111011111111011111111111111111, 1101111111110111111111111111110111111011111111011011111111111111, 1110101001100111100111110101110011011100111111111011011111110011, 1111111111111011110111111100111111011111111111001110111101010111, 1101111100110111111111111101110111111011111111011101111111111111, 1111111111111011011111110111111111111111101011110001111110010111, 0111101101110101011111100101111111011111110011111011111110010110, 0100111111010111111111011111111011111111100100100001111100011011, 1111101011111111101111111011101111011111111111001110110111011111, 0111101110110011100111111001111111101101110011110010001111010111, 1111111111111111011111111111110111111011111111011111111111111111, 0111101101110111011101111111111011011111111011111001011100010111]
electre;-11.0;[[27.64966944 25.88962813 27.4085125  28.20058672]];998.3284879284744;53
included;[1111011011110001101111001101110111011111111011111011011110111010, 1111111011111111111111110101101111011111110101001111101101011111, 1111111111111111011111111111111111111111111011011111111111011111, 0110011011010110111111111001100111101111110001101110111101111011, 1111111111111011010111110111111111111011101011110001111110011111, 1111111111110111111111111111110111111011111111011111111111111111, 0111101110110011110111111001111111101101100011110010001111010011, 1101111100110111111111111111110111111011111111011111111111111111, 1101111111110111111111111111110111111011111111011011111111111111, 1110101001100111100111110101110011011100111111111011011111110011, 1111111111111011110111111100111111011111111111001110111101010111, 1101111100110111111111111101110111111011111111011101111111111111, 1111111111111011011111110111111111111111101011110001111110010111, 0111101101110101011111100101111111011111110011111011111110010110, 0100111111010111111111011111111011111111100100100001111100011011, 1111101011111111101111111011101111011111111111001110110111011111, 0111101110110011100111111001111111101101110011110010001111010111, 1111111111111111011111111111110111111011111111011111111111111111, 0111101101110111011101111111111011011111111011111001011100010111]
electre;-12.0;[[25.45 26.75 27.5  28.05]];1013.07;55
included;[1111011011110001101111001101110111011111111011111011011110111010, 1111111011111111111111110101101111011111110101001111101101011111, 1111111111111111011111111111111111111111111011011111111111011111, 0110011011010110111111111001100111101111110001101110111101111011, 1111111111111011010111110111111111111011101011110001111110011111, 1111111111110111111111111111110111111011111111011111111111111111, 0111101110110011110111111001111111101101100011110010001111010011, 1101111100110111111111111111110111111011111111011111111111111111, 1101111111110111111111111111110111111011111111011011111111111111, 1110101001100111100111110101110011011100111111111011011111110011, 1111111111111011110111111100111111011111111111001110111101010111, 1101111100110111111111111101110111111011111111011101111111111111, 1111111111111011011111110111111111111111101011110001111110010111, 0111101101110101011111100101111111011111110011111011111110010110, 0100111111010111111111011111111011111111100100100001111100011011, 1111101011111111101111111011101111011111111111001110110111011111, 0111101110110011100111111001111111101101110011110010001111010111, 1111111111111111011111111111110111111011111111011111111111111111, 0111101101110111011101111111111011011111111011111001011100010111]
electre;-11.0;[[28.83828752 25.75       25.95       28.26769851]];1009.563163066235;53
included;[1111011011110001101111001101110111011111111011111011011110111010, 1111111011111111111111110101101111011111110101001111101101011111, 1111111111111111011111111111111111111111111011011111111111011111, 0110011011010110111111111001100111101111110001101110111101111011, 1111111111111011010111110111111111111011101011110001111110011111, 1111111111110111111111111111110111111011111111011111111111111111, 0111101110110011110111111001111111101101100011110010001111010011, 1101111100110111111111111111110111111011111111011111111111111111, 1101111111110111111111111111110111111011111111011011111111111111, 1110101001100111100111110101110011011100111111111011011111110011, 1111111111111011110111111100111111011111111111001110111101010111, 1101111100110111111111111101110111111011111111011101111111111111, 1111111111111011011111110111111111111111101011110001111110010111, 0111101101110101011111100101111111011111110011111011111110010110, 0100111111010111111111011111111011111111100100100001111100011011, 1111101011111111101111111011101111011111111111001110110111011111, 0111101110110011100111111001111111101101110011110010001111010111, 1111111111111111011111111111110111111011111111011111111111111111, 0111101101110111011101111111111011011111111011111001011100010111]
electre;6.0;[[27.52858941 26.70717881 26.17143576 26.65      ]];1013.4589719930929;47
included;[1111011011110001101111001101110111011111111011111011011110111010, 1111111011111111111111110101101111011111110101001111101101011111, 1111111111111111011111111111111111111111111011011111111111011111, 0110011011010110111111111001100111101111110001101110111101111011, 1111111111111011010111110111111111111011101011110001111110011111, 1111111111110111111111111111110111111011111111011111111111111111, 0111101110110011110111111001111111101101100011110010001111010011, 1101111100110111111111111111110111111011111111011111111111111111, 1101111111110111111111111111110111111011111111011011111111111111, 1110101001100111100111110101110011011100111111111011011111110011, 1111111111111011110111111100111111011111111111001110111101010111, 1101111100110111111111111101110111111011111111011101111111111111, 1111111111111011011111110111111111111111101011110001111110010111, 0111101101110101011111100101111111011111110011111011111110010110, 0100111111010111111111011111111011111111100100100001111100011011, 1111101011111111101111111011101111011111111111001110110111011111, 0111101110110011100111111001111111101101110011110010001111010111, 1111111111111111011111111111110111111011111111011111111111111111, 0111101101110111011101111111111011011111111011111001011100010111]
electre;14.0;[[26.85295531 24.         23.87830505 28.68742292]];1014.6535549177447;45
included;[1111011011110001101111001101110111011111111011111011011110111010, 1111111011111111111111110101101111011111110101001111101101011111, 1111111111111111011111111111111111111111111011011111111111011111, 0110011011010110111111111001100111101111110001101110111101111011, 1111111111111011010111110111111111111011101011110001111110011111, 1111111111110111111111111111110111111011111111011111111111111111, 0111101110110011110111111001111111101101100011110010001111010011, 1101111100110111111111111111110111111011111111011111111111111111, 1101111111110111111111111111110111111011111111011011111111111111, 1110101001100111100111110101110011011100111111111011011111110011, 1111111111111011110111111100111111011111111111001110111101010111, 1101111100110111111111111101110111111011111111011101111111111111, 1111111111111011011111110111111111111111101011110001111110010111, 0111101101110101011111100101111111011111110011111011111110010110, 0100111111010111111111011111111011111111100100100001111100011011, 1111101011111111101111111011101111011111111111001110110111011111, 0111101110110011100111111001111111101101110011110010001111010111, 1111111111111111011111111111110111111011111111011111111111111111, 0111101101110111011101111111111011011111111011111001011100010111]
electre;5.0;[[26.95 25.3  25.8  28.65]];1011.5;53
included;[1111011011110001101111001101110111011111111011111011011110111010, 1111111011111111111111110101101111011111110101001111101101011111, 1111111111111111011111111111111111111111111011011111111111011111, 0110011011010110111111111001100111101111110001101110111101111011, 1111111111111011010111110111111111111011101011110001111110011111, 1111111111110111111111111111110111111011111111011111111111111111, 0111101110110011110111111001111111101101100011110010001111010011, 1101111100110111111111111111110111111011111111011111111111111111, 1101111111110111111111111111110111111011111111011011111111111111, 1110101001100111100111110101110011011100111111111011011111110011, 1111111111111011110111111100111111011111111111001110111101010111, 1101111100110111111111111101110111111011111111011101111111111111, 1111111111111011011111110111111111111111101011110001111110010111, 0111101101110101011111100101111111011111110011111011111110010110, 0100111111010111111111011111111011111111100100100001111100011011, 1111101011111111101111111011101111011111111111001110110111011111, 0111101110110011100111111001111111101101110011110010001111010111, 1111111111111111011111111111110111111011111111011111111111111111, 0111101101110111011101111111111011011111111011111001011100010111]
electre;7.0;[[26.16424846 26.50915697 25.48064277 27.55275317]];1012.0000110236587;44
included;[1111011011110001101111001101110111011111111011111011011110111010, 1111111011111111111111110101101111011111110101001111101101011111, 1111111111111111011111111111111111111111111011011111111111011111, 0110011011010110111111111001100111101111110001101110111101111011, 1111111111111011010111110111111111111011101011110001111110011111, 1111111111110111111111111111110111111011111111011111111111111111, 0111101110110011110111111001111111101101100011110010001111010011, 1101111100110111111111111111110111111011111111011111111111111111, 1101111111110111111111111111110111111011111111011011111111111111, 1110101001100111100111110101110011011100111111111011011111110011, 1111111111111011110111111100111111011111111111001110111101010111, 1101111100110111111111111101110111111011111111011101111111111111, 1111111111111011011111110111111111111111101011110001111110010111, 0111101101110101011111100101111111011111110011111011111110010110, 0100111111010111111111011111111011111111100100100001111100011011, 1111101011111111101111111011101111011111111111001110110111011111, 0111101110110011100111111001111111101101110011110010001111010111, 1111111111111111011111111111110111111011111111011111111111111111, 0111101101110111011101111111111011011111111011111001011100010111]
electre;-8.0;[[25.6  27.05 25.85 28.15]];1009.32;60
included;[1111011011110001101111001101110111011111111011111011011110111010, 1111111011111111111111110101101111011111110101001111101101011111, 1111111111111111011111111111111111111111111011011111111111011111, 0110011011010110111111111001100111101111110001101110111101111011, 1111111111111011010111110111111111111011101011110001111110011111, 1111111111110111111111111111110111111011111111011111111111111111, 0111101110110011110111111001111111101101100011110010001111010011, 1101111100110111111111111111110111111011111111011111111111111111, 1101111111110111111111111111110111111011111111011011111111111111, 1110101001100111100111110101110011011100111111111011011111110011, 1111111111111011110111111100111111011111111111001110111101010111, 1101111100110111111111111101110111111011111111011101111111111111, 1111111111111011011111110111111111111111101011110001111110010111, 0111101101110101011111100101111111011111110011111011111110010110, 0100111111010111111111011111111011111111100100100001111100011011, 1111101011111111101111111011101111011111111111001110110111011111, 0111101110110011100111111001111111101101110011110010001111010111, 1111111111111111011111111111110111111011111111011111111111111111, 0111101101110111011101111111111011011111111011111001011100010111]
electre;-3.0;[[27.29281477 25.94820369 25.35       28.5       ]];1000.3940408007221;48
included;[1111011011110001101111001101110111011111111011111011011110111010, 1111111011111111111111110101101111011111110101001111101101011111, 1111111111111111011111111111111111111111111011011111111111011111, 0110011011010110111111111001100111101111110001101110111101111011, 1111111111111011010111110111111111111011101011110001111110011111, 1111111111110111111111111111110111111011111111011111111111111111, 0111101110110011110111111001111111101101100011110010001111010011, 1101111100110111111111111111110111111011111111011111111111111111, 1101111111110111111111111111110111111011111111011011111111111111, 1110101001100111100111110101110011011100111111111011011111110011, 1111111111111011110111111100111111011111111111001110111101010111, 1101111100110111111111111101110111111011111111011101111111111111, 1111111111111011011111110111111111111111101011110001111110010111, 0111101101110101011111100101111111011111110011111011111110010110, 0100111111010111111111011111111011111111100100100001111100011011, 1111101011111111101111111011101111011111111111001110110111011111, 0111101110110011100111111001111111101101110011110010001111010111, 1111111111111111011111111111110111111011111111011111111111111111, 0111101101110111011101111111111011011111111011111001011100010111]
