#clust;conv2;size20;goal10
#search;maxiter
2.9480557441711426
[[17.85       20.6        19.9        20.        ]
 [18.         21.35       16.65       20.05      ]
 [18.3        20.2        20.2        19.9       ]
 [18.3        20.05       19.65       20.9       ]
 [19.         20.15       19.6        19.85      ]
 [18.9565415  20.85594735 19.26296418 19.98572882]
 [18.23816605 19.621272   19.79016326 20.21205033]
 [16.7        21.8        18.7        18.7       ]
 [18.         21.9        18.45       19.9       ]
 [18.8        20.45       19.35       20.4       ]
 [18.13899842 21.42159392 18.37159392 19.69433942]
 [19.35       21.15       19.         20.25      ]
 [19.38406431 20.68406431 19.26812862 19.97450289]
 [19.3        20.95       19.15       20.4       ]
 [19.45       19.25       18.2        18.55      ]
 [18.19280448 21.19924526 19.65837758 19.85367177]
 [18.65       21.2        18.85       20.65      ]
 [17.9        22.55       17.6        19.25      ]]
budget;951.91;967.99;971.68;973.19;955.83;962.20;969.84;972.53;967.63;973.31;958.83;972.99;936.95;946.47;972.18;955.85;960.63;953.54
size;59;57;61;61;62;63;62;61;64;63;64;61;64;63;59;61;60;59
w;1
#search;maxiter
5.008434057235718
[[18.23816605 19.621272   19.79016326 20.21205033]
 [18.         21.35       16.65       20.05      ]
 [19.45       19.25       18.2        18.55      ]
 [18.9565415  20.85594735 19.26296418 19.98572882]
 [16.7        21.8        18.7        18.7       ]
 [19.35       21.15       19.         20.25      ]
 [18.65       21.2        18.85       20.65      ]
 [17.06026428 21.34471518 19.39471518 17.71026428]
 [17.9        22.55       17.6        19.25      ]
 [17.85       20.6        19.9        20.        ]
 [18.3        20.2        20.2        19.9       ]
 [18.3        20.05       19.65       20.9       ]
 [19.         20.15       19.6        19.85      ]
 [18.         21.9        18.45       19.9       ]
 [18.8        20.45       19.35       20.4       ]
 [18.13899842 21.42159392 18.37159392 19.69433942]
 [19.38406431 20.68406431 19.26812862 19.97450289]
 [18.19280448 21.19924526 19.65837758 19.85367177]
 [19.3        20.95       19.15       20.4       ]]
budget;969.84;967.99;972.18;962.20;972.53;972.99;960.63;961.86;953.54;951.91;971.68;973.19;955.83;967.63;973.31;958.83;936.95;955.85;946.47
size;62;57;59;63;61;61;60;53;59;59;61;61;62;64;63;64;64;61;63
w;2
#search;maxiter
6.974037170410156
[[18.23816605 19.621272   19.79016326 20.21205033]
 [18.         21.35       16.65       20.05      ]
 [19.45       19.25       18.2        18.55      ]
 [18.9565415  20.85594735 19.26296418 19.98572882]
 [16.7        21.8        18.7        18.7       ]
 [19.35       21.15       19.         20.25      ]
 [18.65       21.2        18.85       20.65      ]
 [17.06026428 21.34471518 19.39471518 17.71026428]
 [17.9        22.55       17.6        19.25      ]
 [17.85       20.6        19.9        20.        ]
 [18.3        20.2        20.2        19.9       ]
 [18.3        20.05       19.65       20.9       ]
 [19.         20.15       19.6        19.85      ]
 [18.         21.9        18.45       19.9       ]
 [18.8        20.45       19.35       20.4       ]
 [18.13899842 21.42159392 18.37159392 19.69433942]
 [19.38406431 20.68406431 19.26812862 19.97450289]
 [18.19280448 21.19924526 19.65837758 19.85367177]
 [19.3        20.95       19.15       20.4       ]]
budget;969.84;967.99;972.18;962.20;972.53;972.99;960.63;961.86;953.54;951.91;971.68;973.19;955.83;967.63;973.31;958.83;936.95;955.85;946.47
size;62;57;59;63;61;61;60;53;59;59;61;61;62;64;63;64;64;61;63
#search;maxiter
w;4
#search;maxiter
11.081852674484253
[[18.23816605 19.621272   19.79016326 20.21205033]
 [18.         21.35       16.65       20.05      ]
 [19.45       19.25       18.2        18.55      ]
 [18.9565415  20.85594735 19.26296418 19.98572882]
 [16.7        21.8        18.7        18.7       ]
 [19.35       21.15       19.         20.25      ]
 [18.65       21.2        18.85       20.65      ]
 [17.06026428 21.34471518 19.39471518 17.71026428]
 [17.9        22.55       17.6        19.25      ]
 [17.85       20.6        19.9        20.        ]
 [18.3        20.2        20.2        19.9       ]
 [18.3        20.05       19.65       20.9       ]
 [19.         20.15       19.6        19.85      ]
 [18.         21.9        18.45       19.9       ]
 [18.8        20.45       19.35       20.4       ]
 [18.13899842 21.42159392 18.37159392 19.69433942]
 [19.38406431 20.68406431 19.26812862 19.97450289]
 [18.19280448 21.19924526 19.65837758 19.85367177]
 [19.3        20.95       19.15       20.4       ]]
budget;969.84;967.99;972.18;962.20;972.53;972.99;960.63;961.86;953.54;951.91;971.68;973.19;955.83;967.63;973.31;958.83;936.95;955.85;946.47
size;62;57;59;63;61;61;60;53;59;59;61;61;62;64;63;64;64;61;63
#search;maxiter
#search;maxiter
#clust;conv3;size20;goal10
#search;maxiter
w;8
#search;maxiter
18.3631010055542
[[18.3        20.05       19.65       20.9       ]
 [18.3        20.2        20.2        19.9       ]
 [18.91536847 21.21251905 17.57159392 17.64433942]
 [18.26219328 20.99664417 19.19664417 18.81219328]
 [16.7        21.8        18.7        18.7       ]
 [18.61519175 21.06350325 17.66350325 18.18624875]
 [19.38406431 20.68406431 19.26812862 19.97450289]
 [18.16519175 21.51771286 17.97687093 18.09045835]
 [18.13899842 21.42159392 18.37159392 19.69433942]
 [19.3        20.95       19.15       20.4       ]
 [17.86219328 20.84664417 20.09664417 18.51219328]
 [19.45       19.25       18.2        18.55      ]
 [16.76219328 21.5199046  18.27129626 18.41080162]
 [18.19280448 21.19924526 19.65837758 19.85367177]
 [18.68723417 21.23689219 17.52159392 17.89433942]
 [17.06026428 21.34471518 19.39471518 17.71026428]
 [17.9        22.55       17.6        19.25      ]
 [18.06687651 20.16700241 19.2        20.81700241]]
budget;973.19;971.68;972.65;924.20;972.53;970.83;936.95;973.32;958.83;946.47;958.39;972.18;971.16;955.85;961.45;961.86;953.54;940.33
size;61;61;51;60;61;52;64;51;64;63;58;59;57;61;52;53;59;62
#clust;conv2;size20;goal10
#search;maxiter
#search;maxiter
#search;maxiter
#search;maxiter
#search;maxiter
#search;maxiter
#search;maxiter
w;16
#search;maxiter
29.690916061401367
[[19.75       20.05       18.25       19.6       ]
 [19.8        18.9        16.95       19.4       ]
 [19.754013   20.16350325 18.56350325 18.804013  ]
 [19.21382888 21.68212621 20.93212621 20.03212621]
 [20.3        17.15       15.45       16.1       ]
 [19.3        20.95       19.15       20.4       ]
 [19.304013   20.71350325 17.26350325 18.704013  ]
 [18.16382888 21.38212621 21.08212621 20.08212621]
 [18.71382888 21.28212621 20.83212621 20.28212621]
 [20.054013   20.56350325 17.36350325 18.754013  ]
 [18.26382888 21.33212621 19.98212621 20.53212621]
 [18.46382888 21.43212621 20.98212621 19.63212621]
 [19.6        18.7        16.7        19.6       ]
 [17.9        22.55       17.6        19.25      ]]
budget;973.09;973.62;972.76;968.87;973.16;946.47;970.33;971.85;969.21;970.57;973.19;969.20;970.99;953.54
size;61;56;53;59;45;63;53;57;58;53;58;58;56;59
#search;maxiter
#search;maxiter
#search;maxiter
#search;maxiter
#added;1
#search;maxiter
#added;1
#search;maxiter
#added;1
#search;maxiter
#search;maxiter
#search;maxiter
#search;maxiter
#search;maxiter
#search;maxiter
#search;maxiter
#search;maxiter
#search;maxiter
w;32
#search;maxiter
44.938445806503296
[[20.06350586 21.38204546 20.53212621 20.68212621]
 [19.91350586 21.52109402 21.07117478 20.67117478]
 [19.06382888 20.83212621 19.73212621 20.83212621]
 [20.61382888 21.18212621 19.93212621 20.28212621]
 [18.4        21.8        19.2        19.1       ]
 [19.66350586 21.50332928 21.15341004 20.60341004]
 [20.75       20.85       19.15       20.9       ]
 [19.21382888 21.68212621 20.93212621 20.03212621]
 [19.76350586 21.53204546 20.43212621 20.38212621]
 [20.29967697 21.52286277 20.57294352 20.42294352]
 [17.4893976  21.8787952  18.68575904 17.3287952 ]
 [18.86382888 20.53212621 19.73212621 21.33212621]
 [19.59967697 21.63896781 19.88904857 19.68904857]
 [17.9        22.55       17.6        19.25      ]
 [18.56124296 21.74879492 18.51345347 19.29879492]]
budget;952.40;961.33;971.47;968.72;970.80;970.65;968.53;968.87;915.97;969.40;972.83;972.22;969.34;953.54;969.76
size;63;63;62;62;60;63;60;59;64;63;51;61;63;59;59
#search;maxiter
#search;maxiter
#search;maxiter
#search;maxiter
#search;maxiter
#search;maxiter
#search;maxiter
#clust;conv2;size20;goal10
#search;maxiter
#search;maxiter
#clust;conv2;size20;goal10
#search;maxiter
#search;maxiter
#search;maxiter
#search;maxiter
#search;maxiter
#search;maxiter
#search;maxiter
#search;maxiter
#search;maxiter
#search;maxiter
#search;maxiter
#clust;conv2;size20;goal10
#search;maxiter
#search;maxiter
#search;maxiter
#search;maxiter
#search;maxiter
#search;maxiter
#search;maxiter
#search;maxiter
#search;maxiter
#search;maxiter
#search;maxiter
w;64
#search;maxiter
93.28801083564758
[[21.         21.85       21.6        19.75      ]
 [20.61382888 21.18212621 19.93212621 20.28212621]
 [20.1        21.4        20.1        20.35      ]
 [19.96382888 21.08212621 20.28212621 19.98212621]
 [19.82302029 21.11510145 20.71510145 20.31510145]
 [19.61382888 21.93212621 20.23212621 20.08212621]
 [19.9        22.95       19.3        20.4       ]
 [19.14967697 22.47120307 19.97128383 20.72128383]
 [19.75       22.8        19.4        20.8       ]
 [19.66350586 21.12109402 20.72117478 20.92117478]
 [20.35       21.25       18.85       20.9       ]
 [19.95       21.5        18.85       19.85      ]
 [19.25       22.84121201 18.94121201 20.44121201]
 [20.75       20.75       20.25       19.85      ]
 [18.96382888 20.33212621 21.68212621 19.18212621]
 [19.36466487 21.32332433 20.42332433 20.12332433]
 [19.276972   21.40375937 19.94772387 20.1545851 ]]
budget;973.28;968.72;973.24;972.78;968.39;951.94;970.62;950.11;969.23;969.53;963.79;970.25;964.85;967.98;968.04;970.02;972.65
size;62;62;60;60;60;63;62;64;62;64;58;60;62;58;57;60;58
usage;shake;swapRandom=7
usage;shake;swapQuarter=19
usage;shake;swapThird=22
usage;shake;swapHalf=6
usage;shake;swapGroup=10
usage;shake;incrMin=15
usage;shake;incrMax=6
usage;shake;incrRnd=3
usage;shake;rndMin=18
usage;shake;rndMax=4
usage;shake;rndRnd=5
usage;shake;liftIncr=6
usage;shake;liftRnd=7
usage;search;swapOne=29
usage;search;inclRndMin=17
usage;search;inclRndMax=25
usage;search;inclRndRnd=29
usage;search;inclLowMin=48
usage;search;inclLowMax=12
usage;search;inclLowRnd=35
usage;search;inclHighMin=32
usage;search;inclHighMax=31
usage;search;inclHighRnd=24
usage;search;fundAtMin=14
usage;search;fundAtMax=35
usage;search;fundAtRnd=19
usage;search;exclRnd=21
usage;search;exclLow=21
usage;search;exclHigh=35
usage;search;inflGrMin=36
usage;search;inflGrMax=25
usage;search;inflGrRnd=19
usage;search;deflGrMin=14
usage;search;deflGrMax=28
usage;search;deflGrRnd=10
usage;search;exchGrMin=41
usage;search;exchGrMax=17
usage;search;exchGrRnd=33
usage;search;incrMin=68
usage;search;incrMax=56
usage;search;incrRnd=85
usage;search;rndMin=101
usage;search;rndMax=73
usage;search;rndRnd=66
usage;search;liftIncr=97
usage;search;liftRnd=104
end;93.293/224;63/64;1/26
electre;-9.0;[[21.   21.85 21.6  19.75]];973.2799999999996;62
included;[1011111111111111111111111111111111111111111111101111111111111111, 1111101111101111111111111111111111111111111111111111111111111111, 1111111110111111111111111111111101111011111111011111111111111111, 1111111110111111111111111111111101111011111111011111111111111111, 1111111111111111111111110111111111111111111111111111101111011101, 1111111111111111111111111111111101111111111111111111111111111111, 1111101111111111111111111111111111111111111111011111111111111111, 1111111111111111111111111111111111111111111111111111111111111111, 1111111111111111111111111111111111110111111111011111111111111111, 1111111111111111111111111111111111111111111111111111111111111111, 1011101111101111101111111111111111111111111100111111111111111111, 1111100111111111111111111111111111111111111111111111101011111111, 1111111111111111111111111111111111110111111111011111111111111111, 1011111111111111111111111110110110111111111111111110111111101111, 1111101111111111111111111110111101111111101111101111111111111100, 1111111111111111111111110111111111111111111111111111101111011101, 1011111111111111111011111110110110111111111111111111111111101111]
electre;-6.0;[[20.61382888 21.18212621 19.93212621 20.28212621]];968.7221599258264;62
included;[1011111111111111111111111111111111111111111111101111111111111111, 1111101111101111111111111111111111111111111111111111111111111111, 1111111110111111111111111111111101111011111111011111111111111111, 1111111110111111111111111111111101111011111111011111111111111111, 1111111111111111111111110111111111111111111111111111101111011101, 1111111111111111111111111111111101111111111111111111111111111111, 1111101111111111111111111111111111111111111111011111111111111111, 1111111111111111111111111111111111111111111111111111111111111111, 1111111111111111111111111111111111110111111111011111111111111111, 1111111111111111111111111111111111111111111111111111111111111111, 1011101111101111101111111111111111111111111100111111111111111111, 1111100111111111111111111111111111111111111111111111101011111111, 1111111111111111111111111111111111110111111111011111111111111111, 1011111111111111111111111110110110111111111111111110111111101111, 1111101111111111111111111110111101111111101111101111111111111100, 1111111111111111111111110111111111111111111111111111101111011101, 1011111111111111111011111110110110111111111111111111111111101111]
electre;-5.0;[[20.1  21.4  20.1  20.35]];973.2399999999996;60
included;[1011111111111111111111111111111111111111111111101111111111111111, 1111101111101111111111111111111111111111111111111111111111111111, 1111111110111111111111111111111101111011111111011111111111111111, 1111111110111111111111111111111101111011111111011111111111111111, 1111111111111111111111110111111111111111111111111111101111011101, 1111111111111111111111111111111101111111111111111111111111111111, 1111101111111111111111111111111111111111111111011111111111111111, 1111111111111111111111111111111111111111111111111111111111111111, 1111111111111111111111111111111111110111111111011111111111111111, 1111111111111111111111111111111111111111111111111111111111111111, 1011101111101111101111111111111111111111111100111111111111111111, 1111100111111111111111111111111111111111111111111111101011111111, 1111111111111111111111111111111111110111111111011111111111111111, 1011111111111111111111111110110110111111111111111110111111101111, 1111101111111111111111111110111101111111101111101111111111111100, 1111111111111111111111110111111111111111111111111111101111011101, 1011111111111111111011111110110110111111111111111111111111101111]
electre;8.0;[[19.96382888 21.08212621 20.28212621 19.98212621]];972.7821599258261;60
included;[1011111111111111111111111111111111111111111111101111111111111111, 1111101111101111111111111111111111111111111111111111111111111111, 1111111110111111111111111111111101111011111111011111111111111111, 1111111110111111111111111111111101111011111111011111111111111111, 1111111111111111111111110111111111111111111111111111101111011101, 1111111111111111111111111111111101111111111111111111111111111111, 1111101111111111111111111111111111111111111111011111111111111111, 1111111111111111111111111111111111111111111111111111111111111111, 1111111111111111111111111111111111110111111111011111111111111111, 1111111111111111111111111111111111111111111111111111111111111111, 1011101111101111101111111111111111111111111100111111111111111111, 1111100111111111111111111111111111111111111111111111101011111111, 1111111111111111111111111111111111110111111111011111111111111111, 1011111111111111111111111110110110111111111111111110111111101111, 1111101111111111111111111110111101111111101111101111111111111100, 1111111111111111111111110111111111111111111111111111101111011101, 1011111111111111111011111110110110111111111111111111111111101111]
electre;4.0;[[19.82302029 21.11510145 20.71510145 20.31510145]];968.3856614933956;60
included;[1011111111111111111111111111111111111111111111101111111111111111, 1111101111101111111111111111111111111111111111111111111111111111, 1111111110111111111111111111111101111011111111011111111111111111, 1111111110111111111111111111111101111011111111011111111111111111, 1111111111111111111111110111111111111111111111111111101111011101, 1111111111111111111111111111111101111111111111111111111111111111, 1111101111111111111111111111111111111111111111011111111111111111, 1111111111111111111111111111111111111111111111111111111111111111, 1111111111111111111111111111111111110111111111011111111111111111, 1111111111111111111111111111111111111111111111111111111111111111, 1011101111101111101111111111111111111111111100111111111111111111, 1111100111111111111111111111111111111111111111111111101011111111, 1111111111111111111111111111111111110111111111011111111111111111, 1011111111111111111111111110110110111111111111111110111111101111, 1111101111111111111111111110111101111111101111101111111111111100, 1111111111111111111111110111111111111111111111111111101111011101, 1011111111111111111011111110110110111111111111111111111111101111]
electre;4.0;[[19.61382888 21.93212621 20.23212621 20.08212621]];951.9421599258264;63
included;[1011111111111111111111111111111111111111111111101111111111111111, 1111101111101111111111111111111111111111111111111111111111111111, 1111111110111111111111111111111101111011111111011111111111111111, 1111111110111111111111111111111101111011111111011111111111111111, 1111111111111111111111110111111111111111111111111111101111011101, 1111111111111111111111111111111101111111111111111111111111111111, 1111101111111111111111111111111111111111111111011111111111111111, 1111111111111111111111111111111111111111111111111111111111111111, 1111111111111111111111111111111111110111111111011111111111111111, 1111111111111111111111111111111111111111111111111111111111111111, 1011101111101111101111111111111111111111111100111111111111111111, 1111100111111111111111111111111111111111111111111111101011111111, 1111111111111111111111111111111111110111111111011111111111111111, 1011111111111111111111111110110110111111111111111110111111101111, 1111101111111111111111111110111101111111101111101111111111111100, 1111111111111111111111110111111111111111111111111111101111011101, 1011111111111111111011111110110110111111111111111111111111101111]
electre;-11.0;[[19.9  22.95 19.3  20.4 ]];970.6199999999997;62
included;[1011111111111111111111111111111111111111111111101111111111111111, 1111101111101111111111111111111111111111111111111111111111111111, 1111111110111111111111111111111101111011111111011111111111111111, 1111111110111111111111111111111101111011111111011111111111111111, 1111111111111111111111110111111111111111111111111111101111011101, 1111111111111111111111111111111101111111111111111111111111111111, 1111101111111111111111111111111111111111111111011111111111111111, 1111111111111111111111111111111111111111111111111111111111111111, 1111111111111111111111111111111111110111111111011111111111111111, 1111111111111111111111111111111111111111111111111111111111111111, 1011101111101111101111111111111111111111111100111111111111111111, 1111100111111111111111111111111111111111111111111111101011111111, 1111111111111111111111111111111111110111111111011111111111111111, 1011111111111111111111111110110110111111111111111110111111101111, 1111101111111111111111111110111101111111101111101111111111111100, 1111111111111111111111110111111111111111111111111111101111011101, 1011111111111111111011111110110110111111111111111111111111101111]
electre;1.0;[[19.14967697 22.47120307 19.97128383 20.72128383]];950.1120272329356;64
included;[1011111111111111111111111111111111111111111111101111111111111111, 1111101111101111111111111111111111111111111111111111111111111111, 1111111110111111111111111111111101111011111111011111111111111111, 1111111110111111111111111111111101111011111111011111111111111111, 1111111111111111111111110111111111111111111111111111101111011101, 1111111111111111111111111111111101111111111111111111111111111111, 1111101111111111111111111111111111111111111111011111111111111111, 1111111111111111111111111111111111111111111111111111111111111111, 1111111111111111111111111111111111110111111111011111111111111111, 1111111111111111111111111111111111111111111111111111111111111111, 1011101111101111101111111111111111111111111100111111111111111111, 1111100111111111111111111111111111111111111111111111101011111111, 1111111111111111111111111111111111110111111111011111111111111111, 1011111111111111111111111110110110111111111111111110111111101111, 1111101111111111111111111110111101111111101111101111111111111100, 1111111111111111111111110111111111111111111111111111101111011101, 1011111111111111111011111110110110111111111111111111111111101111]
electre;-8.0;[[19.75 22.8  19.4  20.8 ]];969.2299999999997;62
included;[1011111111111111111111111111111111111111111111101111111111111111, 1111101111101111111111111111111111111111111111111111111111111111, 1111111110111111111111111111111101111011111111011111111111111111, 1111111110111111111111111111111101111011111111011111111111111111, 1111111111111111111111110111111111111111111111111111101111011101, 1111111111111111111111111111111101111111111111111111111111111111, 1111101111111111111111111111111111111111111111011111111111111111, 1111111111111111111111111111111111111111111111111111111111111111, 1111111111111111111111111111111111110111111111011111111111111111, 1111111111111111111111111111111111111111111111111111111111111111, 1011101111101111101111111111111111111111111100111111111111111111, 1111100111111111111111111111111111111111111111111111101011111111, 1111111111111111111111111111111111110111111111011111111111111111, 1011111111111111111111111110110110111111111111111110111111101111, 1111101111111111111111111110111101111111101111101111111111111100, 1111111111111111111111110111111111111111111111111111101111011101, 1011111111111111111011111110110110111111111111111111111111101111]
electre;-2.0;[[19.66350586 21.12109402 20.72117478 20.92117478]];969.5279573494274;64
included;[1011111111111111111111111111111111111111111111101111111111111111, 1111101111101111111111111111111111111111111111111111111111111111, 1111111110111111111111111111111101111011111111011111111111111111, 1111111110111111111111111111111101111011111111011111111111111111, 1111111111111111111111110111111111111111111111111111101111011101, 1111111111111111111111111111111101111111111111111111111111111111, 1111101111111111111111111111111111111111111111011111111111111111, 1111111111111111111111111111111111111111111111111111111111111111, 1111111111111111111111111111111111110111111111011111111111111111, 1111111111111111111111111111111111111111111111111111111111111111, 1011101111101111101111111111111111111111111100111111111111111111, 1111100111111111111111111111111111111111111111111111101011111111, 1111111111111111111111111111111111110111111111011111111111111111, 1011111111111111111111111110110110111111111111111110111111101111, 1111101111111111111111111110111101111111101111101111111111111100, 1111111111111111111111110111111111111111111111111111101111011101, 1011111111111111111011111110110110111111111111111111111111101111]
electre;-12.0;[[20.35 21.25 18.85 20.9 ]];963.7899999999996;58
included;[1011111111111111111111111111111111111111111111101111111111111111, 1111101111101111111111111111111111111111111111111111111111111111, 1111111110111111111111111111111101111011111111011111111111111111, 1111111110111111111111111111111101111011111111011111111111111111, 1111111111111111111111110111111111111111111111111111101111011101, 1111111111111111111111111111111101111111111111111111111111111111, 1111101111111111111111111111111111111111111111011111111111111111, 1111111111111111111111111111111111111111111111111111111111111111, 1111111111111111111111111111111111110111111111011111111111111111, 1111111111111111111111111111111111111111111111111111111111111111, 1011101111101111101111111111111111111111111100111111111111111111, 1111100111111111111111111111111111111111111111111111101011111111, 1111111111111111111111111111111111110111111111011111111111111111, 1011111111111111111111111110110110111111111111111110111111101111, 1111101111111111111111111110111101111111101111101111111111111100, 1111111111111111111111110111111111111111111111111111101111011101, 1011111111111111111011111110110110111111111111111111111111101111]
electre;6.0;[[19.95 21.5  18.85 19.85]];970.2499999999999;60
included;[1011111111111111111111111111111111111111111111101111111111111111, 1111101111101111111111111111111111111111111111111111111111111111, 1111111110111111111111111111111101111011111111011111111111111111, 1111111110111111111111111111111101111011111111011111111111111111, 1111111111111111111111110111111111111111111111111111101111011101, 1111111111111111111111111111111101111111111111111111111111111111, 1111101111111111111111111111111111111111111111011111111111111111, 1111111111111111111111111111111111111111111111111111111111111111, 1111111111111111111111111111111111110111111111011111111111111111, 1111111111111111111111111111111111111111111111111111111111111111, 1011101111101111101111111111111111111111111100111111111111111111, 1111100111111111111111111111111111111111111111111111101011111111, 1111111111111111111111111111111111110111111111011111111111111111, 1011111111111111111111111110110110111111111111111110111111101111, 1111101111111111111111111110111101111111101111101111111111111100, 1111111111111111111111110111111111111111111111111111101111011101, 1011111111111111111011111110110110111111111111111111111111101111]
electre;-3.0;[[19.25       22.84121201 18.94121201 20.44121201]];964.8471770146551;62
included;[1011111111111111111111111111111111111111111111101111111111111111, 1111101111101111111111111111111111111111111111111111111111111111, 1111111110111111111111111111111101111011111111011111111111111111, 1111111110111111111111111111111101111011111111011111111111111111, 1111111111111111111111110111111111111111111111111111101111011101, 1111111111111111111111111111111101111111111111111111111111111111, 1111101111111111111111111111111111111111111111011111111111111111, 1111111111111111111111111111111111111111111111111111111111111111, 1111111111111111111111111111111111110111111111011111111111111111, 1111111111111111111111111111111111111111111111111111111111111111, 1011101111101111101111111111111111111111111100111111111111111111, 1111100111111111111111111111111111111111111111111111101011111111, 1111111111111111111111111111111111110111111111011111111111111111, 1011111111111111111111111110110110111111111111111110111111101111, 1111101111111111111111111110111101111111101111101111111111111100, 1111111111111111111111110111111111111111111111111111101111011101, 1011111111111111111011111110110110111111111111111111111111101111]
electre;1.0;[[20.75 20.75 20.25 19.85]];967.9799999999994;58
included;[1011111111111111111111111111111111111111111111101111111111111111, 1111101111101111111111111111111111111111111111111111111111111111, 1111111110111111111111111111111101111011111111011111111111111111, 1111111110111111111111111111111101111011111111011111111111111111, 1111111111111111111111110111111111111111111111111111101111011101, 1111111111111111111111111111111101111111111111111111111111111111, 1111101111111111111111111111111111111111111111011111111111111111, 1111111111111111111111111111111111111111111111111111111111111111, 1111111111111111111111111111111111110111111111011111111111111111, 1111111111111111111111111111111111111111111111111111111111111111, 1011101111101111101111111111111111111111111100111111111111111111, 1111100111111111111111111111111111111111111111111111101011111111, 1111111111111111111111111111111111110111111111011111111111111111, 1011111111111111111111111110110110111111111111111110111111101111, 1111101111111111111111111110111101111111101111101111111111111100, 1111111111111111111111110111111111111111111111111111101111011101, 1011111111111111111011111110110110111111111111111111111111101111]
electre;11.0;[[18.96382888 20.33212621 21.68212621 19.18212621]];968.0421599258267;57
included;[1011111111111111111111111111111111111111111111101111111111111111, 1111101111101111111111111111111111111111111111111111111111111111, 1111111110111111111111111111111101111011111111011111111111111111, 1111111110111111111111111111111101111011111111011111111111111111, 1111111111111111111111110111111111111111111111111111101111011101, 1111111111111111111111111111111101111111111111111111111111111111, 1111101111111111111111111111111111111111111111011111111111111111, 1111111111111111111111111111111111111111111111111111111111111111, 1111111111111111111111111111111111110111111111011111111111111111, 1111111111111111111111111111111111111111111111111111111111111111, 1011101111101111101111111111111111111111111100111111111111111111, 1111100111111111111111111111111111111111111111111111101011111111, 1111111111111111111111111111111111110111111111011111111111111111, 1011111111111111111111111110110110111111111111111110111111101111, 1111101111111111111111111110111101111111101111101111111111111100, 1111111111111111111111110111111111111111111111111111101111011101, 1011111111111111111011111110110110111111111111111111111111101111]
electre;11.0;[[19.36466487 21.32332433 20.42332433 20.12332433]];970.0237017081581;60
included;[1011111111111111111111111111111111111111111111101111111111111111, 1111101111101111111111111111111111111111111111111111111111111111, 1111111110111111111111111111111101111011111111011111111111111111, 1111111110111111111111111111111101111011111111011111111111111111, 1111111111111111111111110111111111111111111111111111101111011101, 1111111111111111111111111111111101111111111111111111111111111111, 1111101111111111111111111111111111111111111111011111111111111111, 1111111111111111111111111111111111111111111111111111111111111111, 1111111111111111111111111111111111110111111111011111111111111111, 1111111111111111111111111111111111111111111111111111111111111111, 1011101111101111101111111111111111111111111100111111111111111111, 1111100111111111111111111111111111111111111111111111101011111111, 1111111111111111111111111111111111110111111111011111111111111111, 1011111111111111111111111110110110111111111111111110111111101111, 1111101111111111111111111110111101111111101111101111111111111100, 1111111111111111111111110111111111111111111111111111101111011101, 1011111111111111111011111110110110111111111111111111111111101111]
electre;10.0;[[19.276972   21.40375937 19.94772387 20.1545851 ]];972.6478769639488;58
included;[1011111111111111111111111111111111111111111111101111111111111111, 1111101111101111111111111111111111111111111111111111111111111111, 1111111110111111111111111111111101111011111111011111111111111111, 1111111110111111111111111111111101111011111111011111111111111111, 1111111111111111111111110111111111111111111111111111101111011101, 1111111111111111111111111111111101111111111111111111111111111111, 1111101111111111111111111111111111111111111111011111111111111111, 1111111111111111111111111111111111111111111111111111111111111111, 1111111111111111111111111111111111110111111111011111111111111111, 1111111111111111111111111111111111111111111111111111111111111111, 1011101111101111101111111111111111111111111100111111111111111111, 1111100111111111111111111111111111111111111111111111101011111111, 1111111111111111111111111111111111110111111111011111111111111111, 1011111111111111111111111110110110111111111111111110111111101111, 1111101111111111111111111110111101111111101111101111111111111100, 1111111111111111111111110111111111111111111111111111101111011101, 1011111111111111111011111110110110111111111111111111111111101111]
