#search;maxiter
1.7640304565429688
[[20.55       20.05       18.15       19.55      ]
 [21.15       19.95       18.65       21.5       ]
 [19.65       19.65       16.55       21.6       ]
 [19.         21.3        16.95       19.55      ]
 [20.65       20.95       17.75       19.6       ]
 [22.35       20.7        17.75       20.6       ]
 [22.2        20.85       17.75       19.8       ]
 [20.16780466 20.16712187 18.81712187 21.18560933]
 [19.65       22.25       17.25       19.4       ]
 [22.2        19.9        17.55       21.55      ]
 [21.1        20.75       16.9        20.8       ]]
budget;948.23;946.80;951.00;945.80;951.13;949.14;945.21;949.10;949.56;950.92;947.19
size;59;59;59;60;58;60;59;60;60;59;61
w;1
#search;maxiter
3.234907388687134
[[20.55       20.05       18.15       19.55      ]
 [21.15       19.95       18.65       21.5       ]
 [20.50084579 21.01081133 16.21134235 19.32360436]
 [20.65       20.95       17.75       19.6       ]
 [22.35       20.7        17.75       20.6       ]
 [20.04962063 20.67835335 17.84962063 19.73812664]
 [22.2        20.85       17.75       19.8       ]
 [20.03644629 19.87688708 18.87567907 21.61312828]
 [20.16780466 20.16712187 18.81712187 21.18560933]
 [19.65789249 19.07688708 18.39712526 21.76312828]
 [19.65       22.25       17.25       19.4       ]
 [22.2        19.9        17.55       21.55      ]
 [21.1        20.75       16.9        20.8       ]
 [20.30766744 20.95239884 16.28213611 19.2495381 ]
 [20.35791858 19.84479644 18.8316743  19.04479644]
 [19.96339793 21.80669897 17.79071835 20.05669897]]
budget;948.23;946.80;947.39;951.13;949.14;940.80;945.21;949.33;949.10;949.71;949.56;950.92;947.19;950.29;948.98;948.99
size;59;59;55;58;60;54;59;56;60;55;60;59;61;54;51;53
w;2
#search;maxiter
5.099013328552246
[[21.15       19.95       18.65       21.5       ]
 [20.65       20.95       17.75       19.6       ]
 [21.65       20.4        18.7        20.75      ]
 [22.35       20.7        17.75       20.6       ]
 [22.15       21.15       17.4        21.1       ]
 [20.04962063 20.67835335 17.84962063 19.73812664]
 [21.4959682  20.9452854  17.75793956 20.08560933]
 [21.8        21.55       17.75       20.9       ]
 [22.2        20.85       17.75       19.8       ]
 [20.03644629 19.87688708 18.87567907 21.61312828]
 [20.16780466 20.16712187 18.81712187 21.18560933]
 [19.65789249 19.07688708 18.39712526 21.76312828]
 [19.65       22.25       17.25       19.4       ]
 [20.85       19.75       18.8        20.1       ]
 [22.85       20.65       18.15       21.9       ]
 [19.8        21.75       16.9        20.35      ]
 [20.35791858 19.84479644 18.8316743  19.04479644]
 [19.96339793 21.80669897 17.79071835 20.05669897]]
budget;946.80;951.13;951.55;949.14;948.90;940.80;946.43;951.22;945.21;949.33;949.10;949.71;949.56;950.88;950.69;948.36;948.98;948.99
size;59;58;59;60;61;54;56;60;59;56;60;55;60;57;59;53;51;53
#clust;conv2;size20;goal10
#search;maxiter
w;4
#search;maxiter
7.586852073669434
[[18.68874536 17.54291819 17.08363059 22.38877514]
 [21.15       19.95       18.65       21.5       ]
 [20.65       20.95       17.75       19.6       ]
 [22.35       20.7        17.75       20.6       ]
 [20.02492118 18.5317582  17.63972534 22.11804559]
 [21.8        21.55       17.75       20.9       ]
 [20.16780466 20.16712187 18.81712187 21.18560933]
 [19.04366068 17.4755061  17.33972534 22.73678508]
 [20.85       19.75       18.8        20.1       ]
 [22.85       20.65       18.15       21.9       ]
 [20.35791858 19.84479644 18.8316743  19.04479644]
 [19.96339793 21.80669897 17.79071835 20.05669897]]
budget;948.67;946.80;951.13;949.14;936.03;951.22;949.10;939.67;950.88;950.69;948.98;948.99
size;50;59;58;60;57;60;60;50;57;59;51;53
#search;maxiter
#search;maxiter
#search;maxiter
w;8
#search;maxiter
13.119215250015259
[[21.8        21.55       17.75       20.9       ]
 [20.16780466 20.16712187 18.81712187 21.18560933]
 [19.04366068 17.4755061  17.33972534 22.73678508]
 [20.46780466 20.36712187 18.76712187 20.98560933]
 [20.56780466 20.36712187 18.51712187 20.68560933]
 [20.3215231  20.18426991 18.83426991 20.74418335]
 [21.15       19.95       18.65       21.5       ]
 [20.43385249 21.64701113 16.56029689 18.87169985]
 [20.43414107 21.60422181 16.45192677 18.8605371 ]
 [22.         19.15       18.65       20.5       ]
 [20.85       19.75       18.8        20.1       ]
 [20.35791858 19.84479644 18.8316743  19.04479644]
 [20.65       20.95       17.75       19.6       ]
 [22.35       20.7        17.75       20.6       ]
 [20.75       18.05       18.85       19.35      ]
 [22.85       20.65       18.15       21.9       ]
 [19.96339793 21.80669897 17.79071835 20.05669897]
 [18.68874536 17.54291819 17.08363059 22.38877514]
 [20.02492118 18.5317582  17.63972534 22.11804559]]
budget;951.22;949.10;939.67;932.77;932.38;941.96;946.80;944.65;942.62;949.94;950.88;948.98;951.13;949.14;935.82;950.69;948.99;948.67;936.03
size;60;60;50;60;60;60;59;51;51;58;57;51;58;60;53;59;53;50;57
#clust;conv3;size20;goal10
#search;maxiter
#search;maxiter
#clust;conv1;size20;goal10
#search;maxiter
#search;maxiter
#clust;conv3;size20;goal10
#search;maxiter
#clust;conv3;size20;goal10
#search;maxiter
#search;maxiter
w;16
#clust;conv1;size20;goal10
#clust;conv1;size20;goal10
#search;maxiter
24.835965394973755
[[21.99138797 21.73885769 16.02050416 19.29391826]
 [21.58484302 20.28484302 19.23484302 20.98484302]
 [21.41848085 22.53424043 17.37369617 19.04478468]
 [20.98544016 21.74176066 18.8        20.82720082]
 [21.24457642 21.34176066 19.45       21.84547334]
 [21.25       21.7        17.6        21.85      ]
 [20.65       21.8        19.75       21.05      ]
 [21.65       20.2        19.35       21.75      ]
 [22.10819988 20.0562521  18.56058711 21.95819988]
 [21.54138797 21.33885769 16.27050416 21.14391826]
 [22.22088381 21.36835352 16.75       19.57341409]
 [20.68311345 20.45       16.65       22.2662269 ]
 [22.05       19.15       18.6        22.45      ]]
budget;949.81;951.20;937.30;949.48;950.71;950.84;948.02;947.90;948.71;949.24;947.90;950.35;951.57
size;52;57;58;58;59;61;57;57;62;48;48;59;57
#search;maxiter
#clust;conv1;size20;goal10
#clust;conv2;size20;goal10
#search;maxiter
#search;maxiter
#search;maxiter
#clust;conv1;size22;goal10
#search;maxiter
#clust;conv2;size21;goal10
#search;maxiter
#search;maxiter
#search;maxiter
#clust;conv2;size20;goal10
#search;maxiter
#clust;conv6;size20;goal10
#search;maxiter
#search;maxiter
#clust;conv1;size20;goal10
#search;maxiter
#search;maxiter
#search;maxiter
#search;maxiter
w;32
#search;maxiter
50.83208107948303
[[23.35       20.25       18.8        23.3       ]
 [21.81413328 22.3219376  20.20010208 23.25010208]
 [22.9        20.5        18.8        22.75      ]
 [23.3        20.5        18.65       22.9       ]
 [22.9        21.4        17.65       23.65      ]
 [23.55       20.         18.15       23.05      ]
 [22.97816448 21.65       19.02816448 21.62816448]
 [23.7359688  22.0219376  18.9719376  22.1219376 ]
 [23.8        21.4        18.1        21.5       ]
 [23.45       22.3        18.6        21.15      ]
 [23.8        21.8        17.1        22.        ]
 [22.72816448 22.9        19.07816448 22.62816448]
 [23.07816448 21.45       17.52816448 22.17816448]]
budget;942.70;950.43;946.83;946.87;945.95;945.06;943.83;948.00;947.45;950.57;947.43;951.03;948.94
size;60;59;59;58;57;57;58;59;59;58;56;60;58
#search;maxiter
#search;maxiter
#search;maxiter
#search;maxiter
#search;maxiter
#search;maxiter
#search;maxiter
#search;maxiter
#search;maxiter
#search;maxiter
#search;maxiter
#search;maxiter
#search;maxiter
#search;maxiter
#search;maxiter
#search;maxiter
#search;maxiter
#search;maxiter
#search;maxiter
#search;maxiter
#search;maxiter
#search;maxiter
#search;maxiter
#search;maxiter
#search;maxiter
#search;maxiter
#search;maxiter
#search;maxiter
#search;maxiter
#search;maxiter
#clust;conv1;size20;goal10
#clust;conv1;size20;goal10
#clust;conv2;size20;goal10
#search;maxiter
w;64
#clust;conv1;size20;goal10
#search;maxiter
86.831045627594
[[21.66082025 22.01862457 18.78353692 21.75010208]
 [23.73018418 21.71615298 18.59301448 22.3719376 ]
 [22.36413328 22.6719376  18.60010208 22.65010208]
 [23.65       21.2        18.7        22.2       ]
 [22.28962517 22.44200187 19.64200187 21.660253  ]
 [23.50753665 22.73174887 19.25991335 21.52816448]
 [22.97816448 21.75       18.37816448 21.57816448]
 [21.63319943 21.90503495 18.70333922 21.92816448]
 [23.3        20.5        18.65       22.9       ]
 [22.23258847 22.15680069 19.83517248 21.57816448]
 [21.72930485 22.65351707 19.56875436 21.17816448]
 [22.17816448 21.85       18.82816448 22.42816448]
 [23.3859688  21.2719376  17.4719376  22.4219376 ]
 [21.8359688  22.91134796 18.6719376  22.86664278]
 [24.46548917 21.23106982 18.21570624 21.18882009]]
budget;950.88;950.60;947.37;950.17;948.88;950.80;946.36;947.01;946.87;949.94;951.12;942.53;949.55;947.66;949.30
size;58;59;59;56;59;58;58;59;58;59;59;59;58;57;58
usage;shake;swapRandom=8
usage;shake;swapQuarter=29
usage;shake;swapThird=9
usage;shake;swapHalf=8
usage;shake;swapGroup=10
usage;shake;incrMin=4
usage;shake;incrMax=7
usage;shake;incrRnd=6
usage;shake;rndMin=19
usage;shake;rndMax=9
usage;shake;rndRnd=6
usage;shake;liftIncr=7
usage;shake;liftRnd=6
usage;search;swapOne=13
usage;search;inclRndMin=19
usage;search;inclRndMax=17
usage;search;inclRndRnd=15
usage;search;inclLowMin=48
usage;search;inclLowMax=17
usage;search;inclLowRnd=27
usage;search;inclHighMin=51
usage;search;inclHighMax=13
usage;search;inclHighRnd=17
usage;search;fundAtMin=1
usage;search;fundAtMax=37
usage;search;fundAtRnd=27
usage;search;exclRnd=20
usage;search;exclLow=33
usage;search;exclHigh=19
usage;search;inflGrMin=43
usage;search;inflGrMax=26
usage;search;inflGrRnd=55
usage;search;deflGrMin=30
usage;search;deflGrMax=13
usage;search;deflGrRnd=24
usage;search;exchGrMin=35
usage;search;exchGrMax=20
usage;search;exchGrRnd=30
usage;search;incrMin=51
usage;search;incrMax=80
usage;search;incrRnd=69
usage;search;rndMin=78
usage;search;rndMax=55
usage;search;rndRnd=42
usage;search;liftIncr=133
usage;search;liftRnd=142
end;86.835/224;63/64;0/26
electre;9.0;[[21.66082025 22.01862457 18.78353692 21.75010208]];950.8755025218474;58
included;[1111111111101110101111111110111111111111111111111111101111111011, 1111011111001111111111111110111111111111111111111111101111111111, 1111111111101111101111111111110111111101111111111111111110111111, 1111111111001111111011111111110111011101111110111111101111111111, 1111111111011111111011111111110111111111111111111101111111111011, 1111111111011111111011111111110111011111111111111111111111111001, 1111111111111111111111111111110111111101111111011111101111111001, 1111111111111111111111111111110111111101111111011111101111111011, 1111111111101111111111111111110111111101011111101111101111111111, 1111111111011111111011111111110111011111111111111111111111111011, 1111111111011111111011111111110111011111111111111111111111111011, 1111111111101111101111111111010111111101111111111111111111111111, 1111011111001111111111111110111111111111111111111111101111110111, 1111111111101111101111111110111111111110111111111101101111111011, 1111111011111111111111111111110111111111111110111101101110111111]
electre;-9.0;[[23.73018418 21.71615298 18.59301448 22.3719376 ]];950.596872959662;59
included;[1111111111101110101111111110111111111111111111111111101111111011, 1111011111001111111111111110111111111111111111111111101111111111, 1111111111101111101111111111110111111101111111111111111110111111, 1111111111001111111011111111110111011101111110111111101111111111, 1111111111011111111011111111110111111111111111111101111111111011, 1111111111011111111011111111110111011111111111111111111111111001, 1111111111111111111111111111110111111101111111011111101111111001, 1111111111111111111111111111110111111101111111011111101111111011, 1111111111101111111111111111110111111101011111101111101111111111, 1111111111011111111011111111110111011111111111111111111111111011, 1111111111011111111011111111110111011111111111111111111111111011, 1111111111101111101111111111010111111101111111111111111111111111, 1111011111001111111111111110111111111111111111111111101111110111, 1111111111101111101111111110111111111110111111111101101111111011, 1111111011111111111111111111110111111111111110111101101110111111]
electre;-6.0;[[22.36413328 22.6719376  18.60010208 22.65010208]];947.3655893249891;59
included;[1111111111101110101111111110111111111111111111111111101111111011, 1111011111001111111111111110111111111111111111111111101111111111, 1111111111101111101111111111110111111101111111111111111110111111, 1111111111001111111011111111110111011101111110111111101111111111, 1111111111011111111011111111110111111111111111111101111111111011, 1111111111011111111011111111110111011111111111111111111111111001, 1111111111111111111111111111110111111101111111011111101111111001, 1111111111111111111111111111110111111101111111011111101111111011, 1111111111101111111111111111110111111101011111101111101111111111, 1111111111011111111011111111110111011111111111111111111111111011, 1111111111011111111011111111110111011111111111111111111111111011, 1111111111101111101111111111010111111101111111111111111111111111, 1111011111001111111111111110111111111111111111111111101111110111, 1111111111101111101111111110111111111110111111111101101111111011, 1111111011111111111111111111110111111111111110111101101110111111]
electre;-1.0;[[23.65 21.2  18.7  22.2 ]];950.1700000000003;56
included;[1111111111101110101111111110111111111111111111111111101111111011, 1111011111001111111111111110111111111111111111111111101111111111, 1111111111101111101111111111110111111101111111111111111110111111, 1111111111001111111011111111110111011101111110111111101111111111, 1111111111011111111011111111110111111111111111111101111111111011, 1111111111011111111011111111110111011111111111111111111111111001, 1111111111111111111111111111110111111101111111011111101111111001, 1111111111111111111111111111110111111101111111011111101111111011, 1111111111101111111111111111110111111101011111101111101111111111, 1111111111011111111011111111110111011111111111111111111111111011, 1111111111011111111011111111110111011111111111111111111111111011, 1111111111101111101111111111010111111101111111111111111111111111, 1111011111001111111111111110111111111111111111111111101111110111, 1111111111101111101111111110111111111110111111111101101111111011, 1111111011111111111111111111110111111111111110111101101110111111]
electre;-2.0;[[22.28962517 22.44200187 19.64200187 21.660253  ]];948.8787664106193;59
included;[1111111111101110101111111110111111111111111111111111101111111011, 1111011111001111111111111110111111111111111111111111101111111111, 1111111111101111101111111111110111111101111111111111111110111111, 1111111111001111111011111111110111011101111110111111101111111111, 1111111111011111111011111111110111111111111111111101111111111011, 1111111111011111111011111111110111011111111111111111111111111001, 1111111111111111111111111111110111111101111111011111101111111001, 1111111111111111111111111111110111111101111111011111101111111011, 1111111111101111111111111111110111111101011111101111101111111111, 1111111111011111111011111111110111011111111111111111111111111011, 1111111111011111111011111111110111011111111111111111111111111011, 1111111111101111101111111111010111111101111111111111111111111111, 1111011111001111111111111110111111111111111111111111101111110111, 1111111111101111101111111110111111111110111111111101101111111011, 1111111011111111111111111111110111111111111110111101101110111111]
electre;-10.0;[[23.50753665 22.73174887 19.25991335 21.52816448]];950.8013948842622;58
included;[1111111111101110101111111110111111111111111111111111101111111011, 1111011111001111111111111110111111111111111111111111101111111111, 1111111111101111101111111111110111111101111111111111111110111111, 1111111111001111111011111111110111011101111110111111101111111111, 1111111111011111111011111111110111111111111111111101111111111011, 1111111111011111111011111111110111011111111111111111111111111001, 1111111111111111111111111111110111111101111111011111101111111001, 1111111111111111111111111111110111111101111111011111101111111011, 1111111111101111111111111111110111111101011111101111101111111111, 1111111111011111111011111111110111011111111111111111111111111011, 1111111111011111111011111111110111011111111111111111111111111011, 1111111111101111101111111111010111111101111111111111111111111111, 1111011111001111111111111110111111111111111111111111101111110111, 1111111111101111101111111110111111111110111111111101101111111011, 1111111011111111111111111111110111111111111110111101101110111111]
electre;7.0;[[22.97816448 21.75       18.37816448 21.57816448]];946.3641342417667;58
included;[1111111111101110101111111110111111111111111111111111101111111011, 1111011111001111111111111110111111111111111111111111101111111111, 1111111111101111101111111111110111111101111111111111111110111111, 1111111111001111111011111111110111011101111110111111101111111111, 1111111111011111111011111111110111111111111111111101111111111011, 1111111111011111111011111111110111011111111111111111111111111001, 1111111111111111111111111111110111111101111111011111101111111001, 1111111111111111111111111111110111111101111111011111101111111011, 1111111111101111111111111111110111111101011111101111101111111111, 1111111111011111111011111111110111011111111111111111111111111011, 1111111111011111111011111111110111011111111111111111111111111011, 1111111111101111101111111111010111111101111111111111111111111111, 1111011111001111111111111110111111111111111111111111101111110111, 1111111111101111101111111110111111111110111111111101101111111011, 1111111011111111111111111111110111111111111110111101101110111111]
electre;11.0;[[21.63319943 21.90503495 18.70333922 21.92816448]];947.0119030818963;59
included;[1111111111101110101111111110111111111111111111111111101111111011, 1111011111001111111111111110111111111111111111111111101111111111, 1111111111101111101111111111110111111101111111111111111110111111, 1111111111001111111011111111110111011101111110111111101111111111, 1111111111011111111011111111110111111111111111111101111111111011, 1111111111011111111011111111110111011111111111111111111111111001, 1111111111111111111111111111110111111101111111011111101111111001, 1111111111111111111111111111110111111101111111011111101111111011, 1111111111101111111111111111110111111101011111101111101111111111, 1111111111011111111011111111110111011111111111111111111111111011, 1111111111011111111011111111110111011111111111111111111111111011, 1111111111101111101111111111010111111101111111111111111111111111, 1111011111001111111111111110111111111111111111111111101111110111, 1111111111101111101111111110111111111110111111111101101111111011, 1111111011111111111111111111110111111111111110111101101110111111]
electre;3.0;[[23.3  20.5  18.65 22.9 ]];946.8700000000001;58
included;[1111111111101110101111111110111111111111111111111111101111111011, 1111011111001111111111111110111111111111111111111111101111111111, 1111111111101111101111111111110111111101111111111111111110111111, 1111111111001111111011111111110111011101111110111111101111111111, 1111111111011111111011111111110111111111111111111101111111111011, 1111111111011111111011111111110111011111111111111111111111111001, 1111111111111111111111111111110111111101111111011111101111111001, 1111111111111111111111111111110111111101111111011111101111111011, 1111111111101111111111111111110111111101011111101111101111111111, 1111111111011111111011111111110111011111111111111111111111111011, 1111111111011111111011111111110111011111111111111111111111111011, 1111111111101111101111111111010111111101111111111111111111111111, 1111011111001111111111111110111111111111111111111111101111110111, 1111111111101111101111111110111111111110111111111101101111111011, 1111111011111111111111111111110111111111111110111101101110111111]
electre;1.0;[[22.23258847 22.15680069 19.83517248 21.57816448]];949.9382965518877;59
included;[1111111111101110101111111110111111111111111111111111101111111011, 1111011111001111111111111110111111111111111111111111101111111111, 1111111111101111101111111111110111111101111111111111111110111111, 1111111111001111111011111111110111011101111110111111101111111111, 1111111111011111111011111111110111111111111111111101111111111011, 1111111111011111111011111111110111011111111111111111111111111001, 1111111111111111111111111111110111111101111111011111101111111001, 1111111111111111111111111111110111111101111111011111101111111011, 1111111111101111111111111111110111111101011111101111101111111111, 1111111111011111111011111111110111011111111111111111111111111011, 1111111111011111111011111111110111011111111111111111111111111011, 1111111111101111101111111111010111111101111111111111111111111111, 1111011111001111111111111110111111111111111111111111101111110111, 1111111111101111101111111110111111111110111111111101101111111011, 1111111011111111111111111111110111111111111110111101101110111111]
electre;5.0;[[21.72930485 22.65351707 19.56875436 21.17816448]];951.1206377363512;59
included;[1111111111101110101111111110111111111111111111111111101111111011, 1111011111001111111111111110111111111111111111111111101111111111, 1111111111101111101111111111110111111101111111111111111110111111, 1111111111001111111011111111110111011101111110111111101111111111, 1111111111011111111011111111110111111111111111111101111111111011, 1111111111011111111011111111110111011111111111111111111111111001, 1111111111111111111111111111110111111101111111011111101111111001, 1111111111111111111111111111110111111101111111011111101111111011, 1111111111101111111111111111110111111101011111101111101111111111, 1111111111011111111011111111110111011111111111111111111111111011, 1111111111011111111011111111110111011111111111111111111111111011, 1111111111101111101111111111010111111101111111111111111111111111, 1111011111001111111111111110111111111111111111111111101111110111, 1111111111101111101111111110111111111110111111111101101111111011, 1111111011111111111111111111110111111111111110111101101110111111]
electre;1.0;[[22.17816448 21.85       18.82816448 22.42816448]];942.5341342417667;59
included;[1111111111101110101111111110111111111111111111111111101111111011, 1111011111001111111111111110111111111111111111111111101111111111, 1111111111101111101111111111110111111101111111111111111110111111, 1111111111001111111011111111110111011101111110111111101111111111, 1111111111011111111011111111110111111111111111111101111111111011, 1111111111011111111011111111110111011111111111111111111111111001, 1111111111111111111111111111110111111101111111011111101111111001, 1111111111111111111111111111110111111101111111011111101111111011, 1111111111101111111111111111110111111101011111101111101111111111, 1111111111011111111011111111110111011111111111111111111111111011, 1111111111011111111011111111110111011111111111111111111111111011, 1111111111101111101111111111010111111101111111111111111111111111, 1111011111001111111111111110111111111111111111111111101111110111, 1111111111101111101111111110111111111110111111111101101111111011, 1111111011111111111111111111110111111111111110111101101110111111]
electre;-3.0;[[23.3859688 21.2719376 17.4719376 22.4219376]];949.5514550832227;58
included;[1111111111101110101111111110111111111111111111111111101111111011, 1111011111001111111111111110111111111111111111111111101111111111, 1111111111101111101111111111110111111101111111111111111110111111, 1111111111001111111011111111110111011101111110111111101111111111, 1111111111011111111011111111110111111111111111111101111111111011, 1111111111011111111011111111110111011111111111111111111111111001, 1111111111111111111111111111110111111101111111011111101111111001, 1111111111111111111111111111110111111101111111011111101111111011, 1111111111101111111111111111110111111101011111101111101111111111, 1111111111011111111011111111110111011111111111111111111111111011, 1111111111011111111011111111110111011111111111111111111111111011, 1111111111101111101111111111010111111101111111111111111111111111, 1111011111001111111111111110111111111111111111111111101111110111, 1111111111101111101111111110111111111110111111111101101111111011, 1111111011111111111111111111110111111111111110111101101110111111]
electre;-7.0;[[21.8359688  22.91134796 18.6719376  22.86664278]];947.6578625552239;57
included;[1111111111101110101111111110111111111111111111111111101111111011, 1111011111001111111111111110111111111111111111111111101111111111, 1111111111101111101111111111110111111101111111111111111110111111, 1111111111001111111011111111110111011101111110111111101111111111, 1111111111011111111011111111110111111111111111111101111111111011, 1111111111011111111011111111110111011111111111111111111111111001, 1111111111111111111111111111110111111101111111011111101111111001, 1111111111111111111111111111110111111101111111011111101111111011, 1111111111101111111111111111110111111101011111101111101111111111, 1111111111011111111011111111110111011111111111111111111111111011, 1111111111011111111011111111110111011111111111111111111111111011, 1111111111101111101111111111010111111101111111111111111111111111, 1111011111001111111111111110111111111111111111111111101111110111, 1111111111101111101111111110111111111110111111111101101111111011, 1111111011111111111111111111110111111111111110111101101110111111]
electre;1.0;[[24.46548917 21.23106982 18.21570624 21.18882009]];949.297497454245;58
included;[1111111111101110101111111110111111111111111111111111101111111011, 1111011111001111111111111110111111111111111111111111101111111111, 1111111111101111101111111111110111111101111111111111111110111111, 1111111111001111111011111111110111011101111110111111101111111111, 1111111111011111111011111111110111111111111111111101111111111011, 1111111111011111111011111111110111011111111111111111111111111001, 1111111111111111111111111111110111111101111111011111101111111001, 1111111111111111111111111111110111111101111111011111101111111011, 1111111111101111111111111111110111111101011111101111101111111111, 1111111111011111111011111111110111011111111111111111111111111011, 1111111111011111111011111111110111011111111111111111111111111011, 1111111111101111101111111111010111111101111111111111111111111111, 1111011111001111111111111110111111111111111111111111101111110111, 1111111111101111101111111110111111111110111111111101101111111011, 1111111011111111111111111111110111111111111110111101101110111111]
