#clust;conv2;size20;goal10
#search;maxiter
2.2401123046875
[[17.3        19.55       16.5        19.15      ]
 [16.65       19.3        18.1        16.95      ]
 [15.9        19.95       17.4        18.65      ]
 [16.45530893 19.62849428 18.07849428 17.27849428]
 [17.06485219 19.74652993 17.56480402 19.60047446]
 [17.15       19.2        16.9        18.45      ]
 [16.13765658 18.95       16.4        19.65062633]
 [16.5        19.4        18.1        17.45      ]
 [16.54845957 19.71153723 17.87307446 17.57307446]
 [16.3        19.4        17.7        18.65      ]
 [16.5        20.5        18.05       17.9       ]
 [16.06130265 20.04200172 18.14200172 18.20521243]]
budget;965.14;955.90;968.52;966.75;943.47;957.74;933.26;969.80;956.57;967.28;934.61;966.64
size;61;58;62;58;62;62;64;57;61;60;62;59
w;1
#search;maxiter
3.308825969696045
[[17.3        19.55       16.5        19.15      ]
 [16.65       19.3        18.1        16.95      ]
 [15.9        19.95       17.4        18.65      ]
 [16.45530893 19.62849428 18.07849428 17.27849428]
 [17.62324088 17.02324088 15.34648176 18.82718541]
 [17.06485219 19.74652993 17.56480402 19.60047446]
 [17.15       19.2        16.9        18.45      ]
 [16.13765658 18.95       16.4        19.65062633]
 [16.5        19.4        18.1        17.45      ]
 [18.07324088 17.92324088 16.34648176 18.62718541]
 [16.54845957 19.71153723 17.87307446 17.57307446]
 [16.3        19.4        17.7        18.65      ]
 [16.5        20.5        18.05       17.9       ]
 [16.06130265 20.04200172 18.14200172 18.20521243]]
budget;965.14;955.90;968.52;966.75;972.33;943.47;957.74;933.26;969.80;962.65;956.57;967.28;934.61;966.64
size;61;58;62;58;50;62;62;64;57;57;61;60;62;59
w;2
#search;maxiter
4.405984878540039
[[17.3        19.55       16.5        19.15      ]
 [16.65       19.3        18.1        16.95      ]
 [15.9        19.95       17.4        18.65      ]
 [16.45530893 19.62849428 18.07849428 17.27849428]
 [17.62324088 17.02324088 15.34648176 18.82718541]
 [17.06485219 19.74652993 17.56480402 19.60047446]
 [17.15       19.2        16.9        18.45      ]
 [16.13765658 18.95       16.4        19.65062633]
 [16.5        19.4        18.1        17.45      ]
 [18.07324088 17.92324088 16.34648176 18.62718541]
 [16.54845957 19.71153723 17.87307446 17.57307446]
 [16.3        19.4        17.7        18.65      ]
 [16.5        20.5        18.05       17.9       ]
 [16.06130265 20.04200172 18.14200172 18.20521243]]
budget;965.14;955.90;968.52;966.75;972.33;943.47;957.74;933.26;969.80;962.65;956.57;967.28;934.61;966.64
size;61;58;62;58;50;62;62;64;57;57;61;60;62;59
#search;maxiter
w;4
#search;maxiter
6.834518671035767
[[17.3        19.55       16.5        19.15      ]
 [16.65       19.3        18.1        16.95      ]
 [18.10807853 16.49793444 14.7121875  17.82024657]
 [15.9        19.95       17.4        18.65      ]
 [16.45530893 19.62849428 18.07849428 17.27849428]
 [17.62324088 17.02324088 15.34648176 18.82718541]
 [17.06485219 19.74652993 17.56480402 19.60047446]
 [17.15       19.2        16.9        18.45      ]
 [16.13765658 18.95       16.4        19.65062633]
 [16.5        19.4        18.1        17.45      ]
 [18.07324088 17.92324088 16.34648176 18.62718541]
 [16.54845957 19.71153723 17.87307446 17.57307446]
 [16.3        19.4        17.7        18.65      ]
 [16.5        20.5        18.05       17.9       ]
 [16.06130265 20.04200172 18.14200172 18.20521243]]
budget;965.14;955.90;968.20;968.52;966.75;972.33;943.47;957.74;933.26;969.80;962.65;956.57;967.28;934.61;966.64
size;61;58;50;62;58;50;62;62;64;57;57;61;60;62;59
#search;maxiter
#search;maxiter
#clust;conv1;size20;goal10
#search;maxiter
w;8
#search;maxiter
12.241621971130371
[[16.6        19.05       16.9        18.15      ]
 [16.65530893 19.82849428 18.07849428 17.12849428]
 [16.45530893 19.62849428 18.07849428 17.27849428]
 [16.50530893 19.97849428 17.47849428 16.97849428]
 [16.40530893 19.97849428 17.72849428 17.07849428]
 [16.50530893 19.82849428 18.07849428 17.22849428]
 [16.13765658 18.95       16.4        19.65062633]
 [17.91130265 19.69200172 18.44200172 17.15521243]
 [18.56130265 19.49200172 17.94200172 17.95521243]
 [16.54845957 19.71153723 17.87307446 17.57307446]
 [16.3        19.4        17.7        18.65      ]
 [16.5        19.4        18.1        17.45      ]
 [16.06130265 20.04200172 18.14200172 18.20521243]]
budget;960.63;953.16;966.75;951.09;953.22;959.48;933.26;957.58;943.31;956.57;967.28;969.80;966.64
size;59;59;58;59;59;60;64;59;61;61;60;57;59
#search;maxiter
#search;maxiter
#search;maxiter
#search;maxiter
#search;maxiter
#search;maxiter
#search;maxiter
w;16
#search;maxiter
20.24684238433838
[[16.6        19.05       16.9        18.15      ]
 [16.65530893 19.82849428 18.07849428 17.12849428]
 [16.45530893 19.62849428 18.07849428 17.27849428]
 [16.50530893 19.97849428 17.47849428 16.97849428]
 [16.40530893 19.97849428 17.72849428 17.07849428]
 [16.50530893 19.82849428 18.07849428 17.22849428]
 [16.13765658 18.95       16.4        19.65062633]
 [17.91130265 19.69200172 18.44200172 17.15521243]
 [18.56130265 19.49200172 17.94200172 17.95521243]
 [16.54845957 19.71153723 17.87307446 17.57307446]
 [16.3        19.4        17.7        18.65      ]
 [16.5        19.4        18.1        17.45      ]
 [16.06130265 20.04200172 18.14200172 18.20521243]]
budget;960.63;953.16;966.75;951.09;953.22;959.48;933.26;957.58;943.31;956.57;967.28;969.80;966.64
size;59;59;58;59;59;60;64;59;61;61;60;57;59
#search;maxiter
#search;maxiter
#search;maxiter
#search;maxiter
#search;maxiter
#clust;conv3;size21;goal10
#clust;conv1;size20;goal10
#search;maxiter
#search;maxiter
#search;maxiter
#search;maxiter
#clust;conv1;size22;goal10
#search;maxiter
#search;maxiter
#search;maxiter
#search;maxiter
#search;maxiter
#search;maxiter
w;32
#search;maxiter
41.95524573326111
[[18.45       20.15       18.1        18.85      ]
 [18.74427454 20.09427454 19.42230518 19.01082927]
 [19.25       20.35       18.6        18.2       ]
 [19.99427454 20.24427454 19.07230518 18.71082927]
 [19.39427454 20.04427454 19.57230518 18.81082927]
 [18.6        19.85       18.4        19.5       ]
 [18.05       20.7        18.5        17.05      ]
 [19.39427454 19.99427454 19.22230518 18.26082927]
 [17.85       20.65       18.5        18.5       ]
 [18.89427454 20.59427454 19.32230518 18.21082927]
 [18.95       19.55       18.15       19.15      ]
 [18.14427454 20.26634469 18.99437533 18.28289941]
 [18.64427454 20.33192923 18.95995988 18.24848396]
 [18.59427454 20.59427454 19.72230518 17.91082927]]
budget;968.55;970.11;971.51;973.18;972.81;973.01;973.27;970.90;971.21;971.63;972.94;966.70;971.65;972.19
size;63;63;61;63;63;63;59;63;64;63;61;63;63;63
#search;maxiter
#search;maxiter
#search;maxiter
#search;maxiter
#search;maxiter
#search;maxiter
#search;maxiter
#search;maxiter
#search;maxiter
#clust;conv1;size20;goal10
#search;maxiter
#search;maxiter
#search;maxiter
#search;maxiter
#search;maxiter
#search;maxiter
#search;maxiter
#search;maxiter
#search;maxiter
#search;maxiter
#search;maxiter
#clust;conv1;size20;goal10
#search;maxiter
#search;maxiter
#clust;conv3;size21;goal10
#search;maxiter
#search;maxiter
#clust;conv1;size20;goal10
#search;maxiter
#search;maxiter
#clust;conv1;size20;goal10
#search;maxiter
#search;maxiter
#added;1
#search;maxiter
#search;maxiter
#search;maxiter
w;64
#clust;conv2;size21;goal10
#search;maxiter
96.13340973854065
[[19.99010286 19.33208229 19.03208229 19.47005143]
 [17.84143478 20.55531368 18.74989905 19.40113202]
 [19.74010286 18.83208229 19.13208229 18.57005143]
 [19.69010286 19.48208229 19.13208229 18.32005143]
 [19.59520153 18.83718096 19.13208229 18.37413037]
 [18.34427454 20.14427454 19.02230518 19.11082927]
 [20.09010286 20.08208229 19.03208229 18.27005143]
 [18.22282779 20.8208219  17.61540727 19.3208219 ]
 [19.35       19.9        19.5        19.3       ]
 [19.54010286 19.28208229 19.73208229 19.07005143]
 [19.99889736 19.4861535  18.63208229 18.57884594]
 [19.54010286 20.28208229 18.68208229 18.72005143]
 [18.86448413 20.40646355 18.65104892 19.9063015 ]
 [18.59427454 20.59427454 19.72230518 17.91082927]
 [20.05388874 20.51758349 18.01216885 20.31340183]
 [18.95093213 20.59291155 18.43749692 20.0808807 ]]
budget;963.52;971.39;937.28;940.01;933.18;972.68;966.44;970.47;973.55;970.37;972.28;964.86;969.84;972.19;969.15;962.93
size;56;61;56;57;57;63;57;64;64;57;57;60;62;63;57;61
usage;shake;swapRandom=9
usage;shake;swapQuarter=33
usage;shake;swapThird=6
usage;shake;swapHalf=7
usage;shake;swapGroup=9
usage;shake;incrMin=20
usage;shake;incrMax=3
usage;shake;incrRnd=6
usage;shake;rndMin=11
usage;shake;rndMax=8
usage;shake;rndRnd=8
usage;shake;liftIncr=3
usage;shake;liftRnd=5
usage;search;swapOne=29
usage;search;inclRndMin=42
usage;search;inclRndMax=24
usage;search;inclRndRnd=27
usage;search;inclLowMin=16
usage;search;inclLowMax=28
usage;search;inclLowRnd=49
usage;search;inclHighMin=17
usage;search;inclHighMax=33
usage;search;inclHighRnd=12
usage;search;fundAtMin=12
usage;search;fundAtMax=22
usage;search;fundAtRnd=1
usage;search;exclRnd=22
usage;search;exclLow=33
usage;search;exclHigh=38
usage;search;inflGrMin=39
usage;search;inflGrMax=23
usage;search;inflGrRnd=17
usage;search;deflGrMin=40
usage;search;deflGrMax=30
usage;search;deflGrRnd=23
usage;search;exchGrMin=32
usage;search;exchGrMax=19
usage;search;exchGrRnd=22
usage;search;incrMin=65
usage;search;incrMax=64
usage;search;incrRnd=95
usage;search;rndMin=88
usage;search;rndMax=61
usage;search;rndRnd=78
usage;search;liftIncr=80
usage;search;liftRnd=119
end;96.138/224;63/64;0/26
electre;-9.0;[[19.99010286 19.33208229 19.03208229 19.47005143]];963.5189836819155;56
included;[1111101110101111111111011111111110111111111111111110111111111100, 1111111111111101111111111110111111111111111111111111111111110111, 1111101110111111111111011111111100111111111111111110111111111100, 1111101110111111111111011110111110111111111111111110111111111110, 1111101110111111111111011111111110111111111111111110111111111100, 1111111111111111111111111111011111111111111111111111111111111111, 1111101110111111111111011111111110111111111111111110111111011101, 1111111111111111111111111111111111111111111111111111111111111111, 1111111111111111111111111111111111111111111111111111111111111111, 1111111110111111111111011111111110111111111111111110111101111100, 1111101110111110111111011111111110111111111111111110111111111101, 1111111110111111111111110111101110111111111111111111111111111111, 1111101111111111111111111111111011111111111111111111111111111111, 1111111111111111111111111111111111111111111111111111111110111111, 0011101111111111111111111110111110111111111111111111011111110111, 0111101111111111111111011111111111111111111111111111111111111111]
electre;4.0;[[17.84143478 20.55531368 18.74989905 19.40113202]];971.3922740731555;61
included;[1111101110101111111111011111111110111111111111111110111111111100, 1111111111111101111111111110111111111111111111111111111111110111, 1111101110111111111111011111111100111111111111111110111111111100, 1111101110111111111111011110111110111111111111111110111111111110, 1111101110111111111111011111111110111111111111111110111111111100, 1111111111111111111111111111011111111111111111111111111111111111, 1111101110111111111111011111111110111111111111111110111111011101, 1111111111111111111111111111111111111111111111111111111111111111, 1111111111111111111111111111111111111111111111111111111111111111, 1111111110111111111111011111111110111111111111111110111101111100, 1111101110111110111111011111111110111111111111111110111111111101, 1111111110111111111111110111101110111111111111111111111111111111, 1111101111111111111111111111111011111111111111111111111111111111, 1111111111111111111111111111111111111111111111111111111110111111, 0011101111111111111111111110111110111111111111111111011111110111, 0111101111111111111111011111111111111111111111111111111111111111]
electre;5.0;[[19.74010286 18.83208229 19.13208229 18.57005143]];937.2789836819155;56
included;[1111101110101111111111011111111110111111111111111110111111111100, 1111111111111101111111111110111111111111111111111111111111110111, 1111101110111111111111011111111100111111111111111110111111111100, 1111101110111111111111011110111110111111111111111110111111111110, 1111101110111111111111011111111110111111111111111110111111111100, 1111111111111111111111111111011111111111111111111111111111111111, 1111101110111111111111011111111110111111111111111110111111011101, 1111111111111111111111111111111111111111111111111111111111111111, 1111111111111111111111111111111111111111111111111111111111111111, 1111111110111111111111011111111110111111111111111110111101111100, 1111101110111110111111011111111110111111111111111110111111111101, 1111111110111111111111110111101110111111111111111111111111111111, 1111101111111111111111111111111011111111111111111111111111111111, 1111111111111111111111111111111111111111111111111111111110111111, 0011101111111111111111111110111110111111111111111111011111110111, 0111101111111111111111011111111111111111111111111111111111111111]
electre;5.0;[[19.69010286 19.48208229 19.13208229 18.32005143]];940.0089836819155;57
included;[1111101110101111111111011111111110111111111111111110111111111100, 1111111111111101111111111110111111111111111111111111111111110111, 1111101110111111111111011111111100111111111111111110111111111100, 1111101110111111111111011110111110111111111111111110111111111110, 1111101110111111111111011111111110111111111111111110111111111100, 1111111111111111111111111111011111111111111111111111111111111111, 1111101110111111111111011111111110111111111111111110111111011101, 1111111111111111111111111111111111111111111111111111111111111111, 1111111111111111111111111111111111111111111111111111111111111111, 1111111110111111111111011111111110111111111111111110111101111100, 1111101110111110111111011111111110111111111111111110111111111101, 1111111110111111111111110111101110111111111111111111111111111111, 1111101111111111111111111111111011111111111111111111111111111111, 1111111111111111111111111111111111111111111111111111111110111111, 0011101111111111111111111110111110111111111111111111011111110111, 0111101111111111111111011111111111111111111111111111111111111111]
electre;10.0;[[19.59520153 18.83718096 19.13208229 18.37413037]];933.1843681082025;57
included;[1111101110101111111111011111111110111111111111111110111111111100, 1111111111111101111111111110111111111111111111111111111111110111, 1111101110111111111111011111111100111111111111111110111111111100, 1111101110111111111111011110111110111111111111111110111111111110, 1111101110111111111111011111111110111111111111111110111111111100, 1111111111111111111111111111011111111111111111111111111111111111, 1111101110111111111111011111111110111111111111111110111111011101, 1111111111111111111111111111111111111111111111111111111111111111, 1111111111111111111111111111111111111111111111111111111111111111, 1111111110111111111111011111111110111111111111111110111101111100, 1111101110111110111111011111111110111111111111111110111111111101, 1111111110111111111111110111101110111111111111111111111111111111, 1111101111111111111111111111111011111111111111111111111111111111, 1111111111111111111111111111111111111111111111111111111110111111, 0011101111111111111111111110111110111111111111111111011111110111, 0111101111111111111111011111111111111111111111111111111111111111]
electre;8.0;[[18.34427454 20.14427454 19.02230518 19.11082927]];972.6778090971324;63
included;[1111101110101111111111011111111110111111111111111110111111111100, 1111111111111101111111111110111111111111111111111111111111110111, 1111101110111111111111011111111100111111111111111110111111111100, 1111101110111111111111011110111110111111111111111110111111111110, 1111101110111111111111011111111110111111111111111110111111111100, 1111111111111111111111111111011111111111111111111111111111111111, 1111101110111111111111011111111110111111111111111110111111011101, 1111111111111111111111111111111111111111111111111111111111111111, 1111111111111111111111111111111111111111111111111111111111111111, 1111111110111111111111011111111110111111111111111110111101111100, 1111101110111110111111011111111110111111111111111110111111111101, 1111111110111111111111110111101110111111111111111111111111111111, 1111101111111111111111111111111011111111111111111111111111111111, 1111111111111111111111111111111111111111111111111111111110111111, 0011101111111111111111111110111110111111111111111111011111110111, 0111101111111111111111011111111111111111111111111111111111111111]
electre;-4.0;[[20.09010286 20.08208229 19.03208229 18.27005143]];966.4389836819154;57
included;[1111101110101111111111011111111110111111111111111110111111111100, 1111111111111101111111111110111111111111111111111111111111110111, 1111101110111111111111011111111100111111111111111110111111111100, 1111101110111111111111011110111110111111111111111110111111111110, 1111101110111111111111011111111110111111111111111110111111111100, 1111111111111111111111111111011111111111111111111111111111111111, 1111101110111111111111011111111110111111111111111110111111011101, 1111111111111111111111111111111111111111111111111111111111111111, 1111111111111111111111111111111111111111111111111111111111111111, 1111111110111111111111011111111110111111111111111110111101111100, 1111101110111110111111011111111110111111111111111110111111111101, 1111111110111111111111110111101110111111111111111111111111111111, 1111101111111111111111111111111011111111111111111111111111111111, 1111111111111111111111111111111111111111111111111111111110111111, 0011101111111111111111111110111110111111111111111111011111110111, 0111101111111111111111011111111111111111111111111111111111111111]
electre;1.0;[[18.22282779 20.8208219  17.61540727 19.3208219 ]];970.4742284139764;64
included;[1111101110101111111111011111111110111111111111111110111111111100, 1111111111111101111111111110111111111111111111111111111111110111, 1111101110111111111111011111111100111111111111111110111111111100, 1111101110111111111111011110111110111111111111111110111111111110, 1111101110111111111111011111111110111111111111111110111111111100, 1111111111111111111111111111011111111111111111111111111111111111, 1111101110111111111111011111111110111111111111111110111111011101, 1111111111111111111111111111111111111111111111111111111111111111, 1111111111111111111111111111111111111111111111111111111111111111, 1111111110111111111111011111111110111111111111111110111101111100, 1111101110111110111111011111111110111111111111111110111111111101, 1111111110111111111111110111101110111111111111111111111111111111, 1111101111111111111111111111111011111111111111111111111111111111, 1111111111111111111111111111111111111111111111111111111110111111, 0011101111111111111111111110111110111111111111111111011111110111, 0111101111111111111111011111111111111111111111111111111111111111]
electre;-2.0;[[19.35 19.9  19.5  19.3 ]];973.55;64
included;[1111101110101111111111011111111110111111111111111110111111111100, 1111111111111101111111111110111111111111111111111111111111110111, 1111101110111111111111011111111100111111111111111110111111111100, 1111101110111111111111011110111110111111111111111110111111111110, 1111101110111111111111011111111110111111111111111110111111111100, 1111111111111111111111111111011111111111111111111111111111111111, 1111101110111111111111011111111110111111111111111110111111011101, 1111111111111111111111111111111111111111111111111111111111111111, 1111111111111111111111111111111111111111111111111111111111111111, 1111111110111111111111011111111110111111111111111110111101111100, 1111101110111110111111011111111110111111111111111110111111111101, 1111111110111111111111110111101110111111111111111111111111111111, 1111101111111111111111111111111011111111111111111111111111111111, 1111111111111111111111111111111111111111111111111111111110111111, 0011101111111111111111111110111110111111111111111111011111110111, 0111101111111111111111011111111111111111111111111111111111111111]
electre;6.0;[[19.54010286 19.28208229 19.73208229 19.07005143]];970.3689836819157;57
included;[1111101110101111111111011111111110111111111111111110111111111100, 1111111111111101111111111110111111111111111111111111111111110111, 1111101110111111111111011111111100111111111111111110111111111100, 1111101110111111111111011110111110111111111111111110111111111110, 1111101110111111111111011111111110111111111111111110111111111100, 1111111111111111111111111111011111111111111111111111111111111111, 1111101110111111111111011111111110111111111111111110111111011101, 1111111111111111111111111111111111111111111111111111111111111111, 1111111111111111111111111111111111111111111111111111111111111111, 1111111110111111111111011111111110111111111111111110111101111100, 1111101110111110111111011111111110111111111111111110111111111101, 1111111110111111111111110111101110111111111111111111111111111111, 1111101111111111111111111111111011111111111111111111111111111111, 1111111111111111111111111111111111111111111111111111111110111111, 0011101111111111111111111110111110111111111111111111011111110111, 0111101111111111111111011111111111111111111111111111111111111111]
electre;-1.0;[[19.99889736 19.4861535  18.63208229 18.57884594]];972.2824141133549;57
included;[1111101110101111111111011111111110111111111111111110111111111100, 1111111111111101111111111110111111111111111111111111111111110111, 1111101110111111111111011111111100111111111111111110111111111100, 1111101110111111111111011110111110111111111111111110111111111110, 1111101110111111111111011111111110111111111111111110111111111100, 1111111111111111111111111111011111111111111111111111111111111111, 1111101110111111111111011111111110111111111111111110111111011101, 1111111111111111111111111111111111111111111111111111111111111111, 1111111111111111111111111111111111111111111111111111111111111111, 1111111110111111111111011111111110111111111111111110111101111100, 1111101110111110111111011111111110111111111111111110111111111101, 1111111110111111111111110111101110111111111111111111111111111111, 1111101111111111111111111111111011111111111111111111111111111111, 1111111111111111111111111111111111111111111111111111111110111111, 0011101111111111111111111110111110111111111111111111011111110111, 0111101111111111111111011111111111111111111111111111111111111111]
electre;-5.0;[[19.54010286 20.28208229 18.68208229 18.72005143]];964.8589836819154;60
included;[1111101110101111111111011111111110111111111111111110111111111100, 1111111111111101111111111110111111111111111111111111111111110111, 1111101110111111111111011111111100111111111111111110111111111100, 1111101110111111111111011110111110111111111111111110111111111110, 1111101110111111111111011111111110111111111111111110111111111100, 1111111111111111111111111111011111111111111111111111111111111111, 1111101110111111111111011111111110111111111111111110111111011101, 1111111111111111111111111111111111111111111111111111111111111111, 1111111111111111111111111111111111111111111111111111111111111111, 1111111110111111111111011111111110111111111111111110111101111100, 1111101110111110111111011111111110111111111111111110111111111101, 1111111110111111111111110111101110111111111111111111111111111111, 1111101111111111111111111111111011111111111111111111111111111111, 1111111111111111111111111111111111111111111111111111111110111111, 0011101111111111111111111110111110111111111111111111011111110111, 0111101111111111111111011111111111111111111111111111111111111111]
electre;-6.0;[[18.86448413 20.40646355 18.65104892 19.9063015 ]];969.8435649937844;62
included;[1111101110101111111111011111111110111111111111111110111111111100, 1111111111111101111111111110111111111111111111111111111111110111, 1111101110111111111111011111111100111111111111111110111111111100, 1111101110111111111111011110111110111111111111111110111111111110, 1111101110111111111111011111111110111111111111111110111111111100, 1111111111111111111111111111011111111111111111111111111111111111, 1111101110111111111111011111111110111111111111111110111111011101, 1111111111111111111111111111111111111111111111111111111111111111, 1111111111111111111111111111111111111111111111111111111111111111, 1111111110111111111111011111111110111111111111111110111101111100, 1111101110111110111111011111111110111111111111111110111111111101, 1111111110111111111111110111101110111111111111111111111111111111, 1111101111111111111111111111111011111111111111111111111111111111, 1111111111111111111111111111111111111111111111111111111110111111, 0011101111111111111111111110111110111111111111111111011111110111, 0111101111111111111111011111111111111111111111111111111111111111]
electre;13.0;[[18.59427454 20.59427454 19.72230518 17.91082927]];972.1878090971321;63
included;[1111101110101111111111011111111110111111111111111110111111111100, 1111111111111101111111111110111111111111111111111111111111110111, 1111101110111111111111011111111100111111111111111110111111111100, 1111101110111111111111011110111110111111111111111110111111111110, 1111101110111111111111011111111110111111111111111110111111111100, 1111111111111111111111111111011111111111111111111111111111111111, 1111101110111111111111011111111110111111111111111110111111011101, 1111111111111111111111111111111111111111111111111111111111111111, 1111111111111111111111111111111111111111111111111111111111111111, 1111111110111111111111011111111110111111111111111110111101111100, 1111101110111110111111011111111110111111111111111110111111111101, 1111111110111111111111110111101110111111111111111111111111111111, 1111101111111111111111111111111011111111111111111111111111111111, 1111111111111111111111111111111111111111111111111111111110111111, 0011101111111111111111111110111110111111111111111111011111110111, 0111101111111111111111011111111111111111111111111111111111111111]
electre;-15.0;[[20.05388874 20.51758349 18.01216885 20.31340183]];969.1462432826763;57
included;[1111101110101111111111011111111110111111111111111110111111111100, 1111111111111101111111111110111111111111111111111111111111110111, 1111101110111111111111011111111100111111111111111110111111111100, 1111101110111111111111011110111110111111111111111110111111111110, 1111101110111111111111011111111110111111111111111110111111111100, 1111111111111111111111111111011111111111111111111111111111111111, 1111101110111111111111011111111110111111111111111110111111011101, 1111111111111111111111111111111111111111111111111111111111111111, 1111111111111111111111111111111111111111111111111111111111111111, 1111111110111111111111011111111110111111111111111110111101111100, 1111101110111110111111011111111110111111111111111110111111111101, 1111111110111111111111110111101110111111111111111111111111111111, 1111101111111111111111111111111011111111111111111111111111111111, 1111111111111111111111111111111111111111111111111111111110111111, 0011101111111111111111111110111110111111111111111111011111110111, 0111101111111111111111011111111111111111111111111111111111111111]
electre;-10.0;[[18.95093213 20.59291155 18.43749692 20.0808807 ]];962.9283650242085;61
included;[1111101110101111111111011111111110111111111111111110111111111100, 1111111111111101111111111110111111111111111111111111111111110111, 1111101110111111111111011111111100111111111111111110111111111100, 1111101110111111111111011110111110111111111111111110111111111110, 1111101110111111111111011111111110111111111111111110111111111100, 1111111111111111111111111111011111111111111111111111111111111111, 1111101110111111111111011111111110111111111111111110111111011101, 1111111111111111111111111111111111111111111111111111111111111111, 1111111111111111111111111111111111111111111111111111111111111111, 1111111110111111111111011111111110111111111111111110111101111100, 1111101110111110111111011111111110111111111111111110111111111101, 1111111110111111111111110111101110111111111111111111111111111111, 1111101111111111111111111111111011111111111111111111111111111111, 1111111111111111111111111111111111111111111111111111111110111111, 0011101111111111111111111110111110111111111111111111011111110111, 0111101111111111111111011111111111111111111111111111111111111111]
