#search;maxiter
10.962745189666748
[[70.25       83.3        75.         75.6       ]
 [72.9        81.7        72.05       78.25      ]
 [70.85       79.45       76.1        79.        ]
 [71.6        81.05       75.5        79.75      ]
 [71.75       80.05       74.         77.35      ]
 [72.7        80.5        74.55       76.7       ]
 [72.9        79.5        75.65       78.35      ]
 [73.6        81.35       73.65       78.        ]
 [72.85       79.9        75.8        78.1       ]
 [71.95       79.15       75.55       78.85      ]
 [73.95       77.95       75.7        77.3       ]
 [71.1        81.45       74.8        79.05      ]
 [73.45       79.4        72.7        79.3       ]
 [71.65       83.6        73.75       78.        ]
 [70.4        79.25       78.5        78.65      ]
 [72.6        79.4        76.05       76.65      ]
 [71.3        81.4        75.1        79.75      ]
 [72.2046706  74.87201369 76.00133933 77.03003422]
 [70.75       80.75       74.35       80.1       ]]
budget;3869.97;3869.98;3869.27;3870.80;3868.86;3870.25;3870.33;3866.94;3869.15;3870.79;3870.66;3869.20;3868.68;3869.24;3871.11;3870.51;3866.36;3866.33;3870.30
size;243;243;245;244;244;243;240;240;240;241;243;243;242;243;240;240;242;237;242
w;1
#clust;conv2;size20;goal10
#search;maxiter
16.694565296173096
[[71.4        81.40579896 74.97644974 78.25      ]
 [71.1        81.45       74.8        79.05      ]
 [69.61983122 79.80354503 76.38624346 80.1638094 ]
 [73.6        81.35       73.65       78.        ]
 [73.45       79.4        72.7        79.3       ]
 [71.3        81.4        75.1        79.75      ]
 [71.65       83.6        73.75       78.        ]
 [71.95       79.15       75.55       78.85      ]
 [72.2046706  74.87201369 76.00133933 77.03003422]
 [71.85       79.60579896 74.77644974 77.35      ]
 [70.4        79.25       78.5        78.65      ]
 [71.45       81.10579896 74.57644974 77.85      ]
 [70.75       80.75       74.35       80.1       ]
 [72.6        79.4        76.05       76.65      ]]
budget;3865.20;3869.20;3871.23;3866.94;3868.68;3866.36;3869.24;3870.79;3866.33;3868.25;3871.11;3868.21;3870.30;3870.51
size;255;243;234;240;242;242;243;241;237;252;240;253;242;240
w;2
#search;maxiter
21.47125744819641
[[71.4        81.40579896 74.97644974 78.25      ]
 [71.1        81.45       74.8        79.05      ]
 [69.61983122 79.80354503 76.38624346 80.1638094 ]
 [73.6        81.35       73.65       78.        ]
 [73.45       79.4        72.7        79.3       ]
 [71.3        81.4        75.1        79.75      ]
 [71.65       83.6        73.75       78.        ]
 [71.95       79.15       75.55       78.85      ]
 [72.2046706  74.87201369 76.00133933 77.03003422]
 [71.85       79.60579896 74.77644974 77.35      ]
 [70.4        79.25       78.5        78.65      ]
 [71.45       81.10579896 74.57644974 77.85      ]
 [70.75       80.75       74.35       80.1       ]
 [72.6        79.4        76.05       76.65      ]]
budget;3865.20;3869.20;3871.23;3866.94;3868.68;3866.36;3869.24;3870.79;3866.33;3868.25;3871.11;3868.21;3870.30;3870.51
size;255;243;234;240;242;242;243;241;237;252;240;253;242;240
#search;maxiter
w;4
#search;maxiter
30.129740476608276
[[71.4        81.40579896 74.97644974 78.25      ]
 [71.1        81.45       74.8        79.05      ]
 [69.61983122 79.80354503 76.38624346 80.1638094 ]
 [73.6        81.35       73.65       78.        ]
 [73.45       79.4        72.7        79.3       ]
 [71.3        81.4        75.1        79.75      ]
 [71.65       83.6        73.75       78.        ]
 [71.95       79.15       75.55       78.85      ]
 [72.2046706  74.87201369 76.00133933 77.03003422]
 [71.85       79.60579896 74.77644974 77.35      ]
 [70.4        79.25       78.5        78.65      ]
 [71.45       81.10579896 74.57644974 77.85      ]
 [70.75       80.75       74.35       80.1       ]
 [72.6        79.4        76.05       76.65      ]]
budget;3865.20;3869.20;3871.23;3866.94;3868.68;3866.36;3869.24;3870.79;3866.33;3868.25;3871.11;3868.21;3870.30;3870.51
size;255;243;234;240;242;242;243;241;237;252;240;253;242;240
#search;maxiter
#clust;conv1;size20;goal10
#clust;conv1;size21;goal10
#search;maxiter
#search;maxiter
w;8
#search;maxiter
50.682204246520996
[[71.4262546  78.53888819 77.26922873 78.02803853]
 [73.45       79.4        72.7        79.3       ]
 [72.2046706  74.87201369 76.00133933 77.03003422]
 [70.4        79.25       78.5        78.65      ]
 [71.45       81.10579896 74.57644974 77.85      ]
 [70.75       80.75       74.35       80.1       ]
 [72.6        79.4        76.05       76.65      ]
 [73.25       80.05885517 75.27354207 79.25      ]
 [73.65       79.30885517 75.42354207 79.15      ]
 [71.98434819 80.12958967 75.58217121 78.98690671]]
budget;3852.90;3868.68;3866.33;3871.11;3868.21;3870.30;3870.51;3727.37;3758.22;3865.28
size;249;242;237;240;253;242;240;254;252;252
#clust;conv2;size21;goal10
#search;maxiter
#clust;conv1;size20;goal10
#search;maxiter
#clust;conv2;size21;goal10
#clust;conv2;size20;goal10
#search;maxiter
#clust;conv1;size20;goal10
#search;maxiter
#search;maxiter
#search;maxiter
#search;maxiter
w;16
#search;maxiter
110.94255685806274
[[73.4        82.55       78.5        82.4       ]
 [73.51229286 83.87928492 77.25743664 83.95      ]
 [73.68530924 82.29123694 77.3        82.01327309]
 [74.31229286 82.62928492 74.40743664 81.45      ]
 [73.92417973 81.99671892 76.65       83.99671892]
 [73.98530924 82.39123694 78.55       81.81327309]
 [73.68530924 82.64123694 78.4        81.96327309]
 [75.82417973 80.59671892 78.5        80.84671892]
 [74.68530924 82.39123694 78.25       81.81327309]
 [74.18530924 82.49123694 78.4        81.31327309]
 [74.8        81.9        78.75       81.65      ]
 [73.98530924 82.49123694 78.05       81.71327309]
 [73.95       81.8        78.5        82.15      ]]
budget;3870.26;3868.11;3867.37;3871.20;3869.81;3870.44;3867.58;3870.78;3870.64;3870.91;3868.08;3870.43;3869.61
size;244;246;244;239;244;245;245;243;244;244;243;244;244
#search;maxiter
#search;maxiter
#search;maxiter
#search;maxiter
#search;maxiter
#search;maxiter
#search;maxiter
#search;maxiter
#search;maxiter
#search;maxiter
#search;maxiter
#search;maxiter
#search;maxiter
#search;maxiter
#search;maxiter
w;32
#search;maxiter
175.5788881778717
[[73.4        82.55       78.5        82.4       ]
 [73.51229286 83.87928492 77.25743664 83.95      ]
 [73.68530924 82.29123694 77.3        82.01327309]
 [74.31229286 82.62928492 74.40743664 81.45      ]
 [73.92417973 81.99671892 76.65       83.99671892]
 [73.98530924 82.39123694 78.55       81.81327309]
 [73.68530924 82.64123694 78.4        81.96327309]
 [75.82417973 80.59671892 78.5        80.84671892]
 [74.68530924 82.39123694 78.25       81.81327309]
 [74.18530924 82.49123694 78.4        81.31327309]
 [74.8        81.9        78.75       81.65      ]
 [73.98530924 82.49123694 78.05       81.71327309]
 [73.95       81.8        78.5        82.15      ]]
budget;3870.26;3868.11;3867.37;3871.20;3869.81;3870.44;3867.58;3870.78;3870.64;3870.91;3868.08;3870.43;3869.61
size;244;246;244;239;244;245;245;243;244;244;243;244;244
#search;maxiter
#search;maxiter
#search;maxiter
#search;maxiter
#search;maxiter
#search;maxiter
#search;maxiter
#search;maxiter
#search;maxiter
#search;maxiter
#search;maxiter
#search;maxiter
#search;maxiter
#search;maxiter
#search;maxiter
#search;maxiter
#search;maxiter
#search;maxiter
#search;maxiter
#search;maxiter
#search;maxiter
#search;maxiter
#search;maxiter
#search;maxiter
#search;maxiter
#search;maxiter
#search;maxiter
#search;maxiter
#search;maxiter
#search;maxiter
#search;maxiter
w;64
#search;maxiter
335.5451476573944
[[73.4        82.55       78.5        82.4       ]
 [73.51229286 83.87928492 77.25743664 83.95      ]
 [73.68530924 82.29123694 77.3        82.01327309]
 [74.31229286 82.62928492 74.40743664 81.45      ]
 [73.92417973 81.99671892 76.65       83.99671892]
 [74.58530924 82.94123694 79.1        79.76327309]
 [73.98530924 82.39123694 78.55       81.81327309]
 [73.68530924 82.64123694 78.4        81.96327309]
 [75.82417973 80.59671892 78.5        80.84671892]
 [74.68530924 82.39123694 78.25       81.81327309]
 [72.5        79.9        79.05       81.15      ]
 [74.18530924 82.49123694 78.4        81.31327309]
 [74.8        81.9        78.75       81.65      ]
 [72.4        85.5        76.45       78.5       ]
 [73.98530924 82.49123694 78.05       81.71327309]
 [73.95       81.8        78.5        82.15      ]]
budget;3870.26;3868.11;3867.37;3871.20;3869.81;3870.23;3870.44;3867.58;3870.78;3870.64;3866.17;3870.91;3868.08;3869.79;3870.43;3869.61
size;244;246;244;239;244;252;245;245;243;244;247;244;243;237;244;244
usage;shake;swapRandom=10
usage;shake;swapQuarter=8
usage;shake;swapThird=27
usage;shake;swapHalf=11
usage;shake;swapGroup=8
usage;shake;incrMin=12
usage;shake;incrMax=5
usage;shake;incrRnd=7
usage;shake;rndMin=9
usage;shake;rndMax=9
usage;shake;rndRnd=8
usage;shake;liftIncr=5
usage;shake;liftRnd=9
usage;search;swapOne=34
usage;search;inclRndMin=25
usage;search;inclRndMax=31
usage;search;inclRndRnd=14
usage;search;inclLowMin=27
usage;search;inclLowMax=30
usage;search;inclLowRnd=24
usage;search;inclHighMin=19
usage;search;inclHighMax=27
usage;search;inclHighRnd=26
usage;search;fundAtMin=24
usage;search;fundAtMax=28
usage;search;fundAtRnd=28
usage;search;exclRnd=26
usage;search;exclLow=21
usage;search;exclHigh=27
usage;search;inflGrMin=16
usage;search;inflGrMax=24
usage;search;inflGrRnd=24
usage;search;deflGrMin=49
usage;search;deflGrMax=28
usage;search;deflGrRnd=18
usage;search;exchGrMin=60
usage;search;exchGrMax=17
usage;search;exchGrRnd=3
usage;search;incrMin=74
usage;search;incrMax=76
usage;search;incrRnd=77
usage;search;rndMin=67
usage;search;rndMax=57
usage;search;rndRnd=67
usage;search;liftIncr=155
usage;search;liftRnd=77
end;335.561/448;63/64;1/26
electre;0.0;[[73.4  82.55 78.5  82.4 ]];3870.2599999999975;244
included;[1111111111111111111111111111111101111111111111111110111111111111111111111111111111111111111111110111101111111101111111111111111111111011111111111101111111111111101111111111111111111111111111111111101111111011111111111110111111111111111110111111111111111111, 1111111111111111111111111111111111111111111111110110111111111111111111111111010111111111111111111111111111011100111111011111111111111111111111111111111111111111101111111111111111111111111110111111111111111111111111111111111111111111111111111111111111111111, 1111111111111111111111111111111101111111111111111110111111111111111111111111111111111111111111110111101111111101111111111111111111111111111111111101111111111111101111111111111111111111111111111111101111111011111111111111111101111111111110011111111111111111, 0111111111110111111111111111111111111111111111111110101111111111101111111111010111111111111111011111111101011110111111111111111111111111111101111011101111111111101111011111111111111111111111111111111111111111111111111111111111111110111111111111111111111111, 1111111111111111111111111111111111111111111111111110111111111111111111111111110111111111111111111111111101110101110111011111111111111111111111111111101111111111101111111111111111111111111101111111111111111111111111111111111111111110111111111111111110111111, 1111111111111111111111111111111111111111111111110110111111111111111111111111111111111111111111111111101111111111111111111111111111111111111111111111111111111111101111111111111111111111111111111111111111111111111111111111111111111111111111111111111111111111, 1111111111111111111111111111111101111111111111111111111111111111111111111111111111111111111111110111101111111101111111111111111111111011111111111101111111111111101111111111111111111111111111111111101111111011111111111111111111111111111110011111111111111111, 1111111111111111111111111111111101111111111111111110111111111111111111111111111111111111111111110111101111111101111111111111111111111011111111111101111111111111101111111111111111111111111111111111101111111011111111111111111111111111111110111111111111111111, 1111111111111111111111111111111111111111111111111111111111111110111111111111011110111111111111111111101111011111110011111111111111111111110111111011111111111111101111111111111111111111111110111111111111111111111111111111111111111110111111111111111110111111, 1111111111111111111111111111111101111111111111111110111111111111111111111111111111111111111111110111101111111101111111111111111111111101111111111101111111111111101111111111111111111111111111111111101111111011111111111111111111111111111110011111111111111111, 1111111110111111111111111111111111111111111111111101111111111111111111111111111101111111111111111111111111111111111111111111111111111111111111111111111111111011111011111110111111111111111110111111111111111111111111111111111111111111111111011111101111111111, 1111111111111111111111111111111101111111111111111110111111111111111111111111111111111111111111110111101111111101111111111111111111111011111111111101111111111111101111111111111111111111111111111111101111111111111111111111111011111111111110011111111111111111, 1111111111111111111111111111111101111111111111111110111111111111111111111111111111111111111111110111101111111101111111111111111111111011111111111101111111111011101111111111111111111111111111111111101111111011111111111111111111111111111110011111111111111111, 1111111111101111111111111111110111111111111111010111111111111111101101111111110111111111111111110111111111110101110011011111011011111111111111111111101111111111111111110111111111111111111111111111101111111111111111111111111111111110111111111111111111111111, 1111111111111111111111111111111101111111111111111110111111111111111111111111111111111111111111110111111111101101111111111111111111111011111111111101111111111111101111111111111111111111111111111111101111111011111111111111111111111111111110011111111111111111, 1111111111111111111111111111111101111111111111111110111111111111111111111111111111111111111111111111101111111101111111111111111111111011111111111101111111111111101111111111111111111111111111111111101111111011111111101111111111111111111110011111111111111111]
electre;-4.0;[[73.51229286 83.87928492 77.25743664 83.95      ]];3868.10955577166;246
included;[1111111111111111111111111111111101111111111111111110111111111111111111111111111111111111111111110111101111111101111111111111111111111011111111111101111111111111101111111111111111111111111111111111101111111011111111111110111111111111111110111111111111111111, 1111111111111111111111111111111111111111111111110110111111111111111111111111010111111111111111111111111111011100111111011111111111111111111111111111111111111111101111111111111111111111111110111111111111111111111111111111111111111111111111111111111111111111, 1111111111111111111111111111111101111111111111111110111111111111111111111111111111111111111111110111101111111101111111111111111111111111111111111101111111111111101111111111111111111111111111111111101111111011111111111111111101111111111110011111111111111111, 0111111111110111111111111111111111111111111111111110101111111111101111111111010111111111111111011111111101011110111111111111111111111111111101111011101111111111101111011111111111111111111111111111111111111111111111111111111111111110111111111111111111111111, 1111111111111111111111111111111111111111111111111110111111111111111111111111110111111111111111111111111101110101110111011111111111111111111111111111101111111111101111111111111111111111111101111111111111111111111111111111111111111110111111111111111110111111, 1111111111111111111111111111111111111111111111110110111111111111111111111111111111111111111111111111101111111111111111111111111111111111111111111111111111111111101111111111111111111111111111111111111111111111111111111111111111111111111111111111111111111111, 1111111111111111111111111111111101111111111111111111111111111111111111111111111111111111111111110111101111111101111111111111111111111011111111111101111111111111101111111111111111111111111111111111101111111011111111111111111111111111111110011111111111111111, 1111111111111111111111111111111101111111111111111110111111111111111111111111111111111111111111110111101111111101111111111111111111111011111111111101111111111111101111111111111111111111111111111111101111111011111111111111111111111111111110111111111111111111, 1111111111111111111111111111111111111111111111111111111111111110111111111111011110111111111111111111101111011111110011111111111111111111110111111011111111111111101111111111111111111111111110111111111111111111111111111111111111111110111111111111111110111111, 1111111111111111111111111111111101111111111111111110111111111111111111111111111111111111111111110111101111111101111111111111111111111101111111111101111111111111101111111111111111111111111111111111101111111011111111111111111111111111111110011111111111111111, 1111111110111111111111111111111111111111111111111101111111111111111111111111111101111111111111111111111111111111111111111111111111111111111111111111111111111011111011111110111111111111111110111111111111111111111111111111111111111111111111011111101111111111, 1111111111111111111111111111111101111111111111111110111111111111111111111111111111111111111111110111101111111101111111111111111111111011111111111101111111111111101111111111111111111111111111111111101111111111111111111111111011111111111110011111111111111111, 1111111111111111111111111111111101111111111111111110111111111111111111111111111111111111111111110111101111111101111111111111111111111011111111111101111111111011101111111111111111111111111111111111101111111011111111111111111111111111111110011111111111111111, 1111111111101111111111111111110111111111111111010111111111111111101101111111110111111111111111110111111111110101110011011111011011111111111111111111101111111111111111110111111111111111111111111111101111111111111111111111111111111110111111111111111111111111, 1111111111111111111111111111111101111111111111111110111111111111111111111111111111111111111111110111111111101101111111111111111111111011111111111101111111111111101111111111111111111111111111111111101111111011111111111111111111111111111110011111111111111111, 1111111111111111111111111111111101111111111111111110111111111111111111111111111111111111111111111111101111111101111111111111111111111011111111111101111111111111101111111111111111111111111111111111101111111011111111101111111111111111111110011111111111111111]
electre;10.0;[[73.68530924 82.29123694 77.3        82.01327309]];3867.3723080327795;244
included;[1111111111111111111111111111111101111111111111111110111111111111111111111111111111111111111111110111101111111101111111111111111111111011111111111101111111111111101111111111111111111111111111111111101111111011111111111110111111111111111110111111111111111111, 1111111111111111111111111111111111111111111111110110111111111111111111111111010111111111111111111111111111011100111111011111111111111111111111111111111111111111101111111111111111111111111110111111111111111111111111111111111111111111111111111111111111111111, 1111111111111111111111111111111101111111111111111110111111111111111111111111111111111111111111110111101111111101111111111111111111111111111111111101111111111111101111111111111111111111111111111111101111111011111111111111111101111111111110011111111111111111, 0111111111110111111111111111111111111111111111111110101111111111101111111111010111111111111111011111111101011110111111111111111111111111111101111011101111111111101111011111111111111111111111111111111111111111111111111111111111111110111111111111111111111111, 1111111111111111111111111111111111111111111111111110111111111111111111111111110111111111111111111111111101110101110111011111111111111111111111111111101111111111101111111111111111111111111101111111111111111111111111111111111111111110111111111111111110111111, 1111111111111111111111111111111111111111111111110110111111111111111111111111111111111111111111111111101111111111111111111111111111111111111111111111111111111111101111111111111111111111111111111111111111111111111111111111111111111111111111111111111111111111, 1111111111111111111111111111111101111111111111111111111111111111111111111111111111111111111111110111101111111101111111111111111111111011111111111101111111111111101111111111111111111111111111111111101111111011111111111111111111111111111110011111111111111111, 1111111111111111111111111111111101111111111111111110111111111111111111111111111111111111111111110111101111111101111111111111111111111011111111111101111111111111101111111111111111111111111111111111101111111011111111111111111111111111111110111111111111111111, 1111111111111111111111111111111111111111111111111111111111111110111111111111011110111111111111111111101111011111110011111111111111111111110111111011111111111111101111111111111111111111111110111111111111111111111111111111111111111110111111111111111110111111, 1111111111111111111111111111111101111111111111111110111111111111111111111111111111111111111111110111101111111101111111111111111111111101111111111101111111111111101111111111111111111111111111111111101111111011111111111111111111111111111110011111111111111111, 1111111110111111111111111111111111111111111111111101111111111111111111111111111101111111111111111111111111111111111111111111111111111111111111111111111111111011111011111110111111111111111110111111111111111111111111111111111111111111111111011111101111111111, 1111111111111111111111111111111101111111111111111110111111111111111111111111111111111111111111110111101111111101111111111111111111111011111111111101111111111111101111111111111111111111111111111111101111111111111111111111111011111111111110011111111111111111, 1111111111111111111111111111111101111111111111111110111111111111111111111111111111111111111111110111101111111101111111111111111111111011111111111101111111111011101111111111111111111111111111111111101111111011111111111111111111111111111110011111111111111111, 1111111111101111111111111111110111111111111111010111111111111111101101111111110111111111111111110111111111110101110011011111011011111111111111111111101111111111111111110111111111111111111111111111101111111111111111111111111111111110111111111111111111111111, 1111111111111111111111111111111101111111111111111110111111111111111111111111111111111111111111110111111111101101111111111111111111111011111111111101111111111111101111111111111111111111111111111111101111111011111111111111111111111111111110011111111111111111, 1111111111111111111111111111111101111111111111111110111111111111111111111111111111111111111111111111101111111101111111111111111111111011111111111101111111111111101111111111111111111111111111111111101111111011111111101111111111111111111110011111111111111111]
electre;3.0;[[74.31229286 82.62928492 74.40743664 81.45      ]];3871.19955577166;239
included;[1111111111111111111111111111111101111111111111111110111111111111111111111111111111111111111111110111101111111101111111111111111111111011111111111101111111111111101111111111111111111111111111111111101111111011111111111110111111111111111110111111111111111111, 1111111111111111111111111111111111111111111111110110111111111111111111111111010111111111111111111111111111011100111111011111111111111111111111111111111111111111101111111111111111111111111110111111111111111111111111111111111111111111111111111111111111111111, 1111111111111111111111111111111101111111111111111110111111111111111111111111111111111111111111110111101111111101111111111111111111111111111111111101111111111111101111111111111111111111111111111111101111111011111111111111111101111111111110011111111111111111, 0111111111110111111111111111111111111111111111111110101111111111101111111111010111111111111111011111111101011110111111111111111111111111111101111011101111111111101111011111111111111111111111111111111111111111111111111111111111111110111111111111111111111111, 1111111111111111111111111111111111111111111111111110111111111111111111111111110111111111111111111111111101110101110111011111111111111111111111111111101111111111101111111111111111111111111101111111111111111111111111111111111111111110111111111111111110111111, 1111111111111111111111111111111111111111111111110110111111111111111111111111111111111111111111111111101111111111111111111111111111111111111111111111111111111111101111111111111111111111111111111111111111111111111111111111111111111111111111111111111111111111, 1111111111111111111111111111111101111111111111111111111111111111111111111111111111111111111111110111101111111101111111111111111111111011111111111101111111111111101111111111111111111111111111111111101111111011111111111111111111111111111110011111111111111111, 1111111111111111111111111111111101111111111111111110111111111111111111111111111111111111111111110111101111111101111111111111111111111011111111111101111111111111101111111111111111111111111111111111101111111011111111111111111111111111111110111111111111111111, 1111111111111111111111111111111111111111111111111111111111111110111111111111011110111111111111111111101111011111110011111111111111111111110111111011111111111111101111111111111111111111111110111111111111111111111111111111111111111110111111111111111110111111, 1111111111111111111111111111111101111111111111111110111111111111111111111111111111111111111111110111101111111101111111111111111111111101111111111101111111111111101111111111111111111111111111111111101111111011111111111111111111111111111110011111111111111111, 1111111110111111111111111111111111111111111111111101111111111111111111111111111101111111111111111111111111111111111111111111111111111111111111111111111111111011111011111110111111111111111110111111111111111111111111111111111111111111111111011111101111111111, 1111111111111111111111111111111101111111111111111110111111111111111111111111111111111111111111110111101111111101111111111111111111111011111111111101111111111111101111111111111111111111111111111111101111111111111111111111111011111111111110011111111111111111, 1111111111111111111111111111111101111111111111111110111111111111111111111111111111111111111111110111101111111101111111111111111111111011111111111101111111111011101111111111111111111111111111111111101111111011111111111111111111111111111110011111111111111111, 1111111111101111111111111111110111111111111111010111111111111111101101111111110111111111111111110111111111110101110011011111011011111111111111111111101111111111111111110111111111111111111111111111101111111111111111111111111111111110111111111111111111111111, 1111111111111111111111111111111101111111111111111110111111111111111111111111111111111111111111110111111111101101111111111111111111111011111111111101111111111111101111111111111111111111111111111111101111111011111111111111111111111111111110011111111111111111, 1111111111111111111111111111111101111111111111111110111111111111111111111111111111111111111111111111101111111101111111111111111111111011111111111101111111111111101111111111111111111111111111111111101111111011111111101111111111111111111110011111111111111111]
electre;-3.0;[[73.92417973 81.99671892 76.65       83.99671892]];3869.8109824275166;244
included;[1111111111111111111111111111111101111111111111111110111111111111111111111111111111111111111111110111101111111101111111111111111111111011111111111101111111111111101111111111111111111111111111111111101111111011111111111110111111111111111110111111111111111111, 1111111111111111111111111111111111111111111111110110111111111111111111111111010111111111111111111111111111011100111111011111111111111111111111111111111111111111101111111111111111111111111110111111111111111111111111111111111111111111111111111111111111111111, 1111111111111111111111111111111101111111111111111110111111111111111111111111111111111111111111110111101111111101111111111111111111111111111111111101111111111111101111111111111111111111111111111111101111111011111111111111111101111111111110011111111111111111, 0111111111110111111111111111111111111111111111111110101111111111101111111111010111111111111111011111111101011110111111111111111111111111111101111011101111111111101111011111111111111111111111111111111111111111111111111111111111111110111111111111111111111111, 1111111111111111111111111111111111111111111111111110111111111111111111111111110111111111111111111111111101110101110111011111111111111111111111111111101111111111101111111111111111111111111101111111111111111111111111111111111111111110111111111111111110111111, 1111111111111111111111111111111111111111111111110110111111111111111111111111111111111111111111111111101111111111111111111111111111111111111111111111111111111111101111111111111111111111111111111111111111111111111111111111111111111111111111111111111111111111, 1111111111111111111111111111111101111111111111111111111111111111111111111111111111111111111111110111101111111101111111111111111111111011111111111101111111111111101111111111111111111111111111111111101111111011111111111111111111111111111110011111111111111111, 1111111111111111111111111111111101111111111111111110111111111111111111111111111111111111111111110111101111111101111111111111111111111011111111111101111111111111101111111111111111111111111111111111101111111011111111111111111111111111111110111111111111111111, 1111111111111111111111111111111111111111111111111111111111111110111111111111011110111111111111111111101111011111110011111111111111111111110111111011111111111111101111111111111111111111111110111111111111111111111111111111111111111110111111111111111110111111, 1111111111111111111111111111111101111111111111111110111111111111111111111111111111111111111111110111101111111101111111111111111111111101111111111101111111111111101111111111111111111111111111111111101111111011111111111111111111111111111110011111111111111111, 1111111110111111111111111111111111111111111111111101111111111111111111111111111101111111111111111111111111111111111111111111111111111111111111111111111111111011111011111110111111111111111110111111111111111111111111111111111111111111111111011111101111111111, 1111111111111111111111111111111101111111111111111110111111111111111111111111111111111111111111110111101111111101111111111111111111111011111111111101111111111111101111111111111111111111111111111111101111111111111111111111111011111111111110011111111111111111, 1111111111111111111111111111111101111111111111111110111111111111111111111111111111111111111111110111101111111101111111111111111111111011111111111101111111111011101111111111111111111111111111111111101111111011111111111111111111111111111110011111111111111111, 1111111111101111111111111111110111111111111111010111111111111111101101111111110111111111111111110111111111110101110011011111011011111111111111111111101111111111111111110111111111111111111111111111101111111111111111111111111111111110111111111111111111111111, 1111111111111111111111111111111101111111111111111110111111111111111111111111111111111111111111110111111111101101111111111111111111111011111111111101111111111111101111111111111111111111111111111111101111111011111111111111111111111111111110011111111111111111, 1111111111111111111111111111111101111111111111111110111111111111111111111111111111111111111111111111101111111101111111111111111111111011111111111101111111111111101111111111111111111111111111111111101111111011111111101111111111111111111110011111111111111111]
electre;-1.0;[[74.58530924 82.94123694 79.1        79.76327309]];3870.232308032781;252
included;[1111111111111111111111111111111101111111111111111110111111111111111111111111111111111111111111110111101111111101111111111111111111111011111111111101111111111111101111111111111111111111111111111111101111111011111111111110111111111111111110111111111111111111, 1111111111111111111111111111111111111111111111110110111111111111111111111111010111111111111111111111111111011100111111011111111111111111111111111111111111111111101111111111111111111111111110111111111111111111111111111111111111111111111111111111111111111111, 1111111111111111111111111111111101111111111111111110111111111111111111111111111111111111111111110111101111111101111111111111111111111111111111111101111111111111101111111111111111111111111111111111101111111011111111111111111101111111111110011111111111111111, 0111111111110111111111111111111111111111111111111110101111111111101111111111010111111111111111011111111101011110111111111111111111111111111101111011101111111111101111011111111111111111111111111111111111111111111111111111111111111110111111111111111111111111, 1111111111111111111111111111111111111111111111111110111111111111111111111111110111111111111111111111111101110101110111011111111111111111111111111111101111111111101111111111111111111111111101111111111111111111111111111111111111111110111111111111111110111111, 1111111111111111111111111111111111111111111111110110111111111111111111111111111111111111111111111111101111111111111111111111111111111111111111111111111111111111101111111111111111111111111111111111111111111111111111111111111111111111111111111111111111111111, 1111111111111111111111111111111101111111111111111111111111111111111111111111111111111111111111110111101111111101111111111111111111111011111111111101111111111111101111111111111111111111111111111111101111111011111111111111111111111111111110011111111111111111, 1111111111111111111111111111111101111111111111111110111111111111111111111111111111111111111111110111101111111101111111111111111111111011111111111101111111111111101111111111111111111111111111111111101111111011111111111111111111111111111110111111111111111111, 1111111111111111111111111111111111111111111111111111111111111110111111111111011110111111111111111111101111011111110011111111111111111111110111111011111111111111101111111111111111111111111110111111111111111111111111111111111111111110111111111111111110111111, 1111111111111111111111111111111101111111111111111110111111111111111111111111111111111111111111110111101111111101111111111111111111111101111111111101111111111111101111111111111111111111111111111111101111111011111111111111111111111111111110011111111111111111, 1111111110111111111111111111111111111111111111111101111111111111111111111111111101111111111111111111111111111111111111111111111111111111111111111111111111111011111011111110111111111111111110111111111111111111111111111111111111111111111111011111101111111111, 1111111111111111111111111111111101111111111111111110111111111111111111111111111111111111111111110111101111111101111111111111111111111011111111111101111111111111101111111111111111111111111111111111101111111111111111111111111011111111111110011111111111111111, 1111111111111111111111111111111101111111111111111110111111111111111111111111111111111111111111110111101111111101111111111111111111111011111111111101111111111011101111111111111111111111111111111111101111111011111111111111111111111111111110011111111111111111, 1111111111101111111111111111110111111111111111010111111111111111101101111111110111111111111111110111111111110101110011011111011011111111111111111111101111111111111111110111111111111111111111111111101111111111111111111111111111111110111111111111111111111111, 1111111111111111111111111111111101111111111111111110111111111111111111111111111111111111111111110111111111101101111111111111111111111011111111111101111111111111101111111111111111111111111111111111101111111011111111111111111111111111111110011111111111111111, 1111111111111111111111111111111101111111111111111110111111111111111111111111111111111111111111111111101111111101111111111111111111111011111111111101111111111111101111111111111111111111111111111111101111111011111111101111111111111111111110011111111111111111]
electre;-3.0;[[73.98530924 82.39123694 78.55       81.81327309]];3870.4423080327792;245
included;[1111111111111111111111111111111101111111111111111110111111111111111111111111111111111111111111110111101111111101111111111111111111111011111111111101111111111111101111111111111111111111111111111111101111111011111111111110111111111111111110111111111111111111, 1111111111111111111111111111111111111111111111110110111111111111111111111111010111111111111111111111111111011100111111011111111111111111111111111111111111111111101111111111111111111111111110111111111111111111111111111111111111111111111111111111111111111111, 1111111111111111111111111111111101111111111111111110111111111111111111111111111111111111111111110111101111111101111111111111111111111111111111111101111111111111101111111111111111111111111111111111101111111011111111111111111101111111111110011111111111111111, 0111111111110111111111111111111111111111111111111110101111111111101111111111010111111111111111011111111101011110111111111111111111111111111101111011101111111111101111011111111111111111111111111111111111111111111111111111111111111110111111111111111111111111, 1111111111111111111111111111111111111111111111111110111111111111111111111111110111111111111111111111111101110101110111011111111111111111111111111111101111111111101111111111111111111111111101111111111111111111111111111111111111111110111111111111111110111111, 1111111111111111111111111111111111111111111111110110111111111111111111111111111111111111111111111111101111111111111111111111111111111111111111111111111111111111101111111111111111111111111111111111111111111111111111111111111111111111111111111111111111111111, 1111111111111111111111111111111101111111111111111111111111111111111111111111111111111111111111110111101111111101111111111111111111111011111111111101111111111111101111111111111111111111111111111111101111111011111111111111111111111111111110011111111111111111, 1111111111111111111111111111111101111111111111111110111111111111111111111111111111111111111111110111101111111101111111111111111111111011111111111101111111111111101111111111111111111111111111111111101111111011111111111111111111111111111110111111111111111111, 1111111111111111111111111111111111111111111111111111111111111110111111111111011110111111111111111111101111011111110011111111111111111111110111111011111111111111101111111111111111111111111110111111111111111111111111111111111111111110111111111111111110111111, 1111111111111111111111111111111101111111111111111110111111111111111111111111111111111111111111110111101111111101111111111111111111111101111111111101111111111111101111111111111111111111111111111111101111111011111111111111111111111111111110011111111111111111, 1111111110111111111111111111111111111111111111111101111111111111111111111111111101111111111111111111111111111111111111111111111111111111111111111111111111111011111011111110111111111111111110111111111111111111111111111111111111111111111111011111101111111111, 1111111111111111111111111111111101111111111111111110111111111111111111111111111111111111111111110111101111111101111111111111111111111011111111111101111111111111101111111111111111111111111111111111101111111111111111111111111011111111111110011111111111111111, 1111111111111111111111111111111101111111111111111110111111111111111111111111111111111111111111110111101111111101111111111111111111111011111111111101111111111011101111111111111111111111111111111111101111111011111111111111111111111111111110011111111111111111, 1111111111101111111111111111110111111111111111010111111111111111101101111111110111111111111111110111111111110101110011011111011011111111111111111111101111111111111111110111111111111111111111111111101111111111111111111111111111111110111111111111111111111111, 1111111111111111111111111111111101111111111111111110111111111111111111111111111111111111111111110111111111101101111111111111111111111011111111111101111111111111101111111111111111111111111111111111101111111011111111111111111111111111111110011111111111111111, 1111111111111111111111111111111101111111111111111110111111111111111111111111111111111111111111111111101111111101111111111111111111111011111111111101111111111111101111111111111111111111111111111111101111111011111111101111111111111111111110011111111111111111]
electre;-2.0;[[73.68530924 82.64123694 78.4        81.96327309]];3867.5823080327796;245
included;[1111111111111111111111111111111101111111111111111110111111111111111111111111111111111111111111110111101111111101111111111111111111111011111111111101111111111111101111111111111111111111111111111111101111111011111111111110111111111111111110111111111111111111, 1111111111111111111111111111111111111111111111110110111111111111111111111111010111111111111111111111111111011100111111011111111111111111111111111111111111111111101111111111111111111111111110111111111111111111111111111111111111111111111111111111111111111111, 1111111111111111111111111111111101111111111111111110111111111111111111111111111111111111111111110111101111111101111111111111111111111111111111111101111111111111101111111111111111111111111111111111101111111011111111111111111101111111111110011111111111111111, 0111111111110111111111111111111111111111111111111110101111111111101111111111010111111111111111011111111101011110111111111111111111111111111101111011101111111111101111011111111111111111111111111111111111111111111111111111111111111110111111111111111111111111, 1111111111111111111111111111111111111111111111111110111111111111111111111111110111111111111111111111111101110101110111011111111111111111111111111111101111111111101111111111111111111111111101111111111111111111111111111111111111111110111111111111111110111111, 1111111111111111111111111111111111111111111111110110111111111111111111111111111111111111111111111111101111111111111111111111111111111111111111111111111111111111101111111111111111111111111111111111111111111111111111111111111111111111111111111111111111111111, 1111111111111111111111111111111101111111111111111111111111111111111111111111111111111111111111110111101111111101111111111111111111111011111111111101111111111111101111111111111111111111111111111111101111111011111111111111111111111111111110011111111111111111, 1111111111111111111111111111111101111111111111111110111111111111111111111111111111111111111111110111101111111101111111111111111111111011111111111101111111111111101111111111111111111111111111111111101111111011111111111111111111111111111110111111111111111111, 1111111111111111111111111111111111111111111111111111111111111110111111111111011110111111111111111111101111011111110011111111111111111111110111111011111111111111101111111111111111111111111110111111111111111111111111111111111111111110111111111111111110111111, 1111111111111111111111111111111101111111111111111110111111111111111111111111111111111111111111110111101111111101111111111111111111111101111111111101111111111111101111111111111111111111111111111111101111111011111111111111111111111111111110011111111111111111, 1111111110111111111111111111111111111111111111111101111111111111111111111111111101111111111111111111111111111111111111111111111111111111111111111111111111111011111011111110111111111111111110111111111111111111111111111111111111111111111111011111101111111111, 1111111111111111111111111111111101111111111111111110111111111111111111111111111111111111111111110111101111111101111111111111111111111011111111111101111111111111101111111111111111111111111111111111101111111111111111111111111011111111111110011111111111111111, 1111111111111111111111111111111101111111111111111110111111111111111111111111111111111111111111110111101111111101111111111111111111111011111111111101111111111011101111111111111111111111111111111111101111111011111111111111111111111111111110011111111111111111, 1111111111101111111111111111110111111111111111010111111111111111101101111111110111111111111111110111111111110101110011011111011011111111111111111111101111111111111111110111111111111111111111111111101111111111111111111111111111111110111111111111111111111111, 1111111111111111111111111111111101111111111111111110111111111111111111111111111111111111111111110111111111101101111111111111111111111011111111111101111111111111101111111111111111111111111111111111101111111011111111111111111111111111111110011111111111111111, 1111111111111111111111111111111101111111111111111110111111111111111111111111111111111111111111111111101111111101111111111111111111111011111111111101111111111111101111111111111111111111111111111111101111111011111111101111111111111111111110011111111111111111]
electre;-3.0;[[75.82417973 80.59671892 78.5        80.84671892]];3870.780982427517;243
included;[1111111111111111111111111111111101111111111111111110111111111111111111111111111111111111111111110111101111111101111111111111111111111011111111111101111111111111101111111111111111111111111111111111101111111011111111111110111111111111111110111111111111111111, 1111111111111111111111111111111111111111111111110110111111111111111111111111010111111111111111111111111111011100111111011111111111111111111111111111111111111111101111111111111111111111111110111111111111111111111111111111111111111111111111111111111111111111, 1111111111111111111111111111111101111111111111111110111111111111111111111111111111111111111111110111101111111101111111111111111111111111111111111101111111111111101111111111111111111111111111111111101111111011111111111111111101111111111110011111111111111111, 0111111111110111111111111111111111111111111111111110101111111111101111111111010111111111111111011111111101011110111111111111111111111111111101111011101111111111101111011111111111111111111111111111111111111111111111111111111111111110111111111111111111111111, 1111111111111111111111111111111111111111111111111110111111111111111111111111110111111111111111111111111101110101110111011111111111111111111111111111101111111111101111111111111111111111111101111111111111111111111111111111111111111110111111111111111110111111, 1111111111111111111111111111111111111111111111110110111111111111111111111111111111111111111111111111101111111111111111111111111111111111111111111111111111111111101111111111111111111111111111111111111111111111111111111111111111111111111111111111111111111111, 1111111111111111111111111111111101111111111111111111111111111111111111111111111111111111111111110111101111111101111111111111111111111011111111111101111111111111101111111111111111111111111111111111101111111011111111111111111111111111111110011111111111111111, 1111111111111111111111111111111101111111111111111110111111111111111111111111111111111111111111110111101111111101111111111111111111111011111111111101111111111111101111111111111111111111111111111111101111111011111111111111111111111111111110111111111111111111, 1111111111111111111111111111111111111111111111111111111111111110111111111111011110111111111111111111101111011111110011111111111111111111110111111011111111111111101111111111111111111111111110111111111111111111111111111111111111111110111111111111111110111111, 1111111111111111111111111111111101111111111111111110111111111111111111111111111111111111111111110111101111111101111111111111111111111101111111111101111111111111101111111111111111111111111111111111101111111011111111111111111111111111111110011111111111111111, 1111111110111111111111111111111111111111111111111101111111111111111111111111111101111111111111111111111111111111111111111111111111111111111111111111111111111011111011111110111111111111111110111111111111111111111111111111111111111111111111011111101111111111, 1111111111111111111111111111111101111111111111111110111111111111111111111111111111111111111111110111101111111101111111111111111111111011111111111101111111111111101111111111111111111111111111111111101111111111111111111111111011111111111110011111111111111111, 1111111111111111111111111111111101111111111111111110111111111111111111111111111111111111111111110111101111111101111111111111111111111011111111111101111111111011101111111111111111111111111111111111101111111011111111111111111111111111111110011111111111111111, 1111111111101111111111111111110111111111111111010111111111111111101101111111110111111111111111110111111111110101110011011111011011111111111111111111101111111111111111110111111111111111111111111111101111111111111111111111111111111110111111111111111111111111, 1111111111111111111111111111111101111111111111111110111111111111111111111111111111111111111111110111111111101101111111111111111111111011111111111101111111111111101111111111111111111111111111111111101111111011111111111111111111111111111110011111111111111111, 1111111111111111111111111111111101111111111111111110111111111111111111111111111111111111111111111111101111111101111111111111111111111011111111111101111111111111101111111111111111111111111111111111101111111011111111101111111111111111111110011111111111111111]
electre;-6.0;[[74.68530924 82.39123694 78.25       81.81327309]];3870.642308032779;244
included;[1111111111111111111111111111111101111111111111111110111111111111111111111111111111111111111111110111101111111101111111111111111111111011111111111101111111111111101111111111111111111111111111111111101111111011111111111110111111111111111110111111111111111111, 1111111111111111111111111111111111111111111111110110111111111111111111111111010111111111111111111111111111011100111111011111111111111111111111111111111111111111101111111111111111111111111110111111111111111111111111111111111111111111111111111111111111111111, 1111111111111111111111111111111101111111111111111110111111111111111111111111111111111111111111110111101111111101111111111111111111111111111111111101111111111111101111111111111111111111111111111111101111111011111111111111111101111111111110011111111111111111, 0111111111110111111111111111111111111111111111111110101111111111101111111111010111111111111111011111111101011110111111111111111111111111111101111011101111111111101111011111111111111111111111111111111111111111111111111111111111111110111111111111111111111111, 1111111111111111111111111111111111111111111111111110111111111111111111111111110111111111111111111111111101110101110111011111111111111111111111111111101111111111101111111111111111111111111101111111111111111111111111111111111111111110111111111111111110111111, 1111111111111111111111111111111111111111111111110110111111111111111111111111111111111111111111111111101111111111111111111111111111111111111111111111111111111111101111111111111111111111111111111111111111111111111111111111111111111111111111111111111111111111, 1111111111111111111111111111111101111111111111111111111111111111111111111111111111111111111111110111101111111101111111111111111111111011111111111101111111111111101111111111111111111111111111111111101111111011111111111111111111111111111110011111111111111111, 1111111111111111111111111111111101111111111111111110111111111111111111111111111111111111111111110111101111111101111111111111111111111011111111111101111111111111101111111111111111111111111111111111101111111011111111111111111111111111111110111111111111111111, 1111111111111111111111111111111111111111111111111111111111111110111111111111011110111111111111111111101111011111110011111111111111111111110111111011111111111111101111111111111111111111111110111111111111111111111111111111111111111110111111111111111110111111, 1111111111111111111111111111111101111111111111111110111111111111111111111111111111111111111111110111101111111101111111111111111111111101111111111101111111111111101111111111111111111111111111111111101111111011111111111111111111111111111110011111111111111111, 1111111110111111111111111111111111111111111111111101111111111111111111111111111101111111111111111111111111111111111111111111111111111111111111111111111111111011111011111110111111111111111110111111111111111111111111111111111111111111111111011111101111111111, 1111111111111111111111111111111101111111111111111110111111111111111111111111111111111111111111110111101111111101111111111111111111111011111111111101111111111111101111111111111111111111111111111111101111111111111111111111111011111111111110011111111111111111, 1111111111111111111111111111111101111111111111111110111111111111111111111111111111111111111111110111101111111101111111111111111111111011111111111101111111111011101111111111111111111111111111111111101111111011111111111111111111111111111110011111111111111111, 1111111111101111111111111111110111111111111111010111111111111111101101111111110111111111111111110111111111110101110011011111011011111111111111111111101111111111111111110111111111111111111111111111101111111111111111111111111111111110111111111111111111111111, 1111111111111111111111111111111101111111111111111110111111111111111111111111111111111111111111110111111111101101111111111111111111111011111111111101111111111111101111111111111111111111111111111111101111111011111111111111111111111111111110011111111111111111, 1111111111111111111111111111111101111111111111111110111111111111111111111111111111111111111111111111101111111101111111111111111111111011111111111101111111111111101111111111111111111111111111111111101111111011111111101111111111111111111110011111111111111111]
electre;13.0;[[72.5  79.9  79.05 81.15]];3866.1699999999987;247
included;[1111111111111111111111111111111101111111111111111110111111111111111111111111111111111111111111110111101111111101111111111111111111111011111111111101111111111111101111111111111111111111111111111111101111111011111111111110111111111111111110111111111111111111, 1111111111111111111111111111111111111111111111110110111111111111111111111111010111111111111111111111111111011100111111011111111111111111111111111111111111111111101111111111111111111111111110111111111111111111111111111111111111111111111111111111111111111111, 1111111111111111111111111111111101111111111111111110111111111111111111111111111111111111111111110111101111111101111111111111111111111111111111111101111111111111101111111111111111111111111111111111101111111011111111111111111101111111111110011111111111111111, 0111111111110111111111111111111111111111111111111110101111111111101111111111010111111111111111011111111101011110111111111111111111111111111101111011101111111111101111011111111111111111111111111111111111111111111111111111111111111110111111111111111111111111, 1111111111111111111111111111111111111111111111111110111111111111111111111111110111111111111111111111111101110101110111011111111111111111111111111111101111111111101111111111111111111111111101111111111111111111111111111111111111111110111111111111111110111111, 1111111111111111111111111111111111111111111111110110111111111111111111111111111111111111111111111111101111111111111111111111111111111111111111111111111111111111101111111111111111111111111111111111111111111111111111111111111111111111111111111111111111111111, 1111111111111111111111111111111101111111111111111111111111111111111111111111111111111111111111110111101111111101111111111111111111111011111111111101111111111111101111111111111111111111111111111111101111111011111111111111111111111111111110011111111111111111, 1111111111111111111111111111111101111111111111111110111111111111111111111111111111111111111111110111101111111101111111111111111111111011111111111101111111111111101111111111111111111111111111111111101111111011111111111111111111111111111110111111111111111111, 1111111111111111111111111111111111111111111111111111111111111110111111111111011110111111111111111111101111011111110011111111111111111111110111111011111111111111101111111111111111111111111110111111111111111111111111111111111111111110111111111111111110111111, 1111111111111111111111111111111101111111111111111110111111111111111111111111111111111111111111110111101111111101111111111111111111111101111111111101111111111111101111111111111111111111111111111111101111111011111111111111111111111111111110011111111111111111, 1111111110111111111111111111111111111111111111111101111111111111111111111111111101111111111111111111111111111111111111111111111111111111111111111111111111111011111011111110111111111111111110111111111111111111111111111111111111111111111111011111101111111111, 1111111111111111111111111111111101111111111111111110111111111111111111111111111111111111111111110111101111111101111111111111111111111011111111111101111111111111101111111111111111111111111111111111101111111111111111111111111011111111111110011111111111111111, 1111111111111111111111111111111101111111111111111110111111111111111111111111111111111111111111110111101111111101111111111111111111111011111111111101111111111011101111111111111111111111111111111111101111111011111111111111111111111111111110011111111111111111, 1111111111101111111111111111110111111111111111010111111111111111101101111111110111111111111111110111111111110101110011011111011011111111111111111111101111111111111111110111111111111111111111111111101111111111111111111111111111111110111111111111111111111111, 1111111111111111111111111111111101111111111111111110111111111111111111111111111111111111111111110111111111101101111111111111111111111011111111111101111111111111101111111111111111111111111111111111101111111011111111111111111111111111111110011111111111111111, 1111111111111111111111111111111101111111111111111110111111111111111111111111111111111111111111111111101111111101111111111111111111111011111111111101111111111111101111111111111111111111111111111111101111111011111111101111111111111111111110011111111111111111]
electre;0.0;[[74.18530924 82.49123694 78.4        81.31327309]];3870.9123080327795;244
included;[1111111111111111111111111111111101111111111111111110111111111111111111111111111111111111111111110111101111111101111111111111111111111011111111111101111111111111101111111111111111111111111111111111101111111011111111111110111111111111111110111111111111111111, 1111111111111111111111111111111111111111111111110110111111111111111111111111010111111111111111111111111111011100111111011111111111111111111111111111111111111111101111111111111111111111111110111111111111111111111111111111111111111111111111111111111111111111, 1111111111111111111111111111111101111111111111111110111111111111111111111111111111111111111111110111101111111101111111111111111111111111111111111101111111111111101111111111111111111111111111111111101111111011111111111111111101111111111110011111111111111111, 0111111111110111111111111111111111111111111111111110101111111111101111111111010111111111111111011111111101011110111111111111111111111111111101111011101111111111101111011111111111111111111111111111111111111111111111111111111111111110111111111111111111111111, 1111111111111111111111111111111111111111111111111110111111111111111111111111110111111111111111111111111101110101110111011111111111111111111111111111101111111111101111111111111111111111111101111111111111111111111111111111111111111110111111111111111110111111, 1111111111111111111111111111111111111111111111110110111111111111111111111111111111111111111111111111101111111111111111111111111111111111111111111111111111111111101111111111111111111111111111111111111111111111111111111111111111111111111111111111111111111111, 1111111111111111111111111111111101111111111111111111111111111111111111111111111111111111111111110111101111111101111111111111111111111011111111111101111111111111101111111111111111111111111111111111101111111011111111111111111111111111111110011111111111111111, 1111111111111111111111111111111101111111111111111110111111111111111111111111111111111111111111110111101111111101111111111111111111111011111111111101111111111111101111111111111111111111111111111111101111111011111111111111111111111111111110111111111111111111, 1111111111111111111111111111111111111111111111111111111111111110111111111111011110111111111111111111101111011111110011111111111111111111110111111011111111111111101111111111111111111111111110111111111111111111111111111111111111111110111111111111111110111111, 1111111111111111111111111111111101111111111111111110111111111111111111111111111111111111111111110111101111111101111111111111111111111101111111111101111111111111101111111111111111111111111111111111101111111011111111111111111111111111111110011111111111111111, 1111111110111111111111111111111111111111111111111101111111111111111111111111111101111111111111111111111111111111111111111111111111111111111111111111111111111011111011111110111111111111111110111111111111111111111111111111111111111111111111011111101111111111, 1111111111111111111111111111111101111111111111111110111111111111111111111111111111111111111111110111101111111101111111111111111111111011111111111101111111111111101111111111111111111111111111111111101111111111111111111111111011111111111110011111111111111111, 1111111111111111111111111111111101111111111111111110111111111111111111111111111111111111111111110111101111111101111111111111111111111011111111111101111111111011101111111111111111111111111111111111101111111011111111111111111111111111111110011111111111111111, 1111111111101111111111111111110111111111111111010111111111111111101101111111110111111111111111110111111111110101110011011111011011111111111111111111101111111111111111110111111111111111111111111111101111111111111111111111111111111110111111111111111111111111, 1111111111111111111111111111111101111111111111111110111111111111111111111111111111111111111111110111111111101101111111111111111111111011111111111101111111111111101111111111111111111111111111111111101111111011111111111111111111111111111110011111111111111111, 1111111111111111111111111111111101111111111111111110111111111111111111111111111111111111111111111111101111111101111111111111111111111011111111111101111111111111101111111111111111111111111111111111101111111011111111101111111111111111111110011111111111111111]
electre;-11.0;[[74.8  81.9  78.75 81.65]];3868.079999999997;243
included;[1111111111111111111111111111111101111111111111111110111111111111111111111111111111111111111111110111101111111101111111111111111111111011111111111101111111111111101111111111111111111111111111111111101111111011111111111110111111111111111110111111111111111111, 1111111111111111111111111111111111111111111111110110111111111111111111111111010111111111111111111111111111011100111111011111111111111111111111111111111111111111101111111111111111111111111110111111111111111111111111111111111111111111111111111111111111111111, 1111111111111111111111111111111101111111111111111110111111111111111111111111111111111111111111110111101111111101111111111111111111111111111111111101111111111111101111111111111111111111111111111111101111111011111111111111111101111111111110011111111111111111, 0111111111110111111111111111111111111111111111111110101111111111101111111111010111111111111111011111111101011110111111111111111111111111111101111011101111111111101111011111111111111111111111111111111111111111111111111111111111111110111111111111111111111111, 1111111111111111111111111111111111111111111111111110111111111111111111111111110111111111111111111111111101110101110111011111111111111111111111111111101111111111101111111111111111111111111101111111111111111111111111111111111111111110111111111111111110111111, 1111111111111111111111111111111111111111111111110110111111111111111111111111111111111111111111111111101111111111111111111111111111111111111111111111111111111111101111111111111111111111111111111111111111111111111111111111111111111111111111111111111111111111, 1111111111111111111111111111111101111111111111111111111111111111111111111111111111111111111111110111101111111101111111111111111111111011111111111101111111111111101111111111111111111111111111111111101111111011111111111111111111111111111110011111111111111111, 1111111111111111111111111111111101111111111111111110111111111111111111111111111111111111111111110111101111111101111111111111111111111011111111111101111111111111101111111111111111111111111111111111101111111011111111111111111111111111111110111111111111111111, 1111111111111111111111111111111111111111111111111111111111111110111111111111011110111111111111111111101111011111110011111111111111111111110111111011111111111111101111111111111111111111111110111111111111111111111111111111111111111110111111111111111110111111, 1111111111111111111111111111111101111111111111111110111111111111111111111111111111111111111111110111101111111101111111111111111111111101111111111101111111111111101111111111111111111111111111111111101111111011111111111111111111111111111110011111111111111111, 1111111110111111111111111111111111111111111111111101111111111111111111111111111101111111111111111111111111111111111111111111111111111111111111111111111111111011111011111110111111111111111110111111111111111111111111111111111111111111111111011111101111111111, 1111111111111111111111111111111101111111111111111110111111111111111111111111111111111111111111110111101111111101111111111111111111111011111111111101111111111111101111111111111111111111111111111111101111111111111111111111111011111111111110011111111111111111, 1111111111111111111111111111111101111111111111111110111111111111111111111111111111111111111111110111101111111101111111111111111111111011111111111101111111111011101111111111111111111111111111111111101111111011111111111111111111111111111110011111111111111111, 1111111111101111111111111111110111111111111111010111111111111111101101111111110111111111111111110111111111110101110011011111011011111111111111111111101111111111111111110111111111111111111111111111101111111111111111111111111111111110111111111111111111111111, 1111111111111111111111111111111101111111111111111110111111111111111111111111111111111111111111110111111111101101111111111111111111111011111111111101111111111111101111111111111111111111111111111111101111111011111111111111111111111111111110011111111111111111, 1111111111111111111111111111111101111111111111111110111111111111111111111111111111111111111111111111101111111101111111111111111111111011111111111101111111111111101111111111111111111111111111111111101111111011111111101111111111111111111110011111111111111111]
electre;1.0;[[72.4  85.5  76.45 78.5 ]];3869.7900000000022;237
included;[1111111111111111111111111111111101111111111111111110111111111111111111111111111111111111111111110111101111111101111111111111111111111011111111111101111111111111101111111111111111111111111111111111101111111011111111111110111111111111111110111111111111111111, 1111111111111111111111111111111111111111111111110110111111111111111111111111010111111111111111111111111111011100111111011111111111111111111111111111111111111111101111111111111111111111111110111111111111111111111111111111111111111111111111111111111111111111, 1111111111111111111111111111111101111111111111111110111111111111111111111111111111111111111111110111101111111101111111111111111111111111111111111101111111111111101111111111111111111111111111111111101111111011111111111111111101111111111110011111111111111111, 0111111111110111111111111111111111111111111111111110101111111111101111111111010111111111111111011111111101011110111111111111111111111111111101111011101111111111101111011111111111111111111111111111111111111111111111111111111111111110111111111111111111111111, 1111111111111111111111111111111111111111111111111110111111111111111111111111110111111111111111111111111101110101110111011111111111111111111111111111101111111111101111111111111111111111111101111111111111111111111111111111111111111110111111111111111110111111, 1111111111111111111111111111111111111111111111110110111111111111111111111111111111111111111111111111101111111111111111111111111111111111111111111111111111111111101111111111111111111111111111111111111111111111111111111111111111111111111111111111111111111111, 1111111111111111111111111111111101111111111111111111111111111111111111111111111111111111111111110111101111111101111111111111111111111011111111111101111111111111101111111111111111111111111111111111101111111011111111111111111111111111111110011111111111111111, 1111111111111111111111111111111101111111111111111110111111111111111111111111111111111111111111110111101111111101111111111111111111111011111111111101111111111111101111111111111111111111111111111111101111111011111111111111111111111111111110111111111111111111, 1111111111111111111111111111111111111111111111111111111111111110111111111111011110111111111111111111101111011111110011111111111111111111110111111011111111111111101111111111111111111111111110111111111111111111111111111111111111111110111111111111111110111111, 1111111111111111111111111111111101111111111111111110111111111111111111111111111111111111111111110111101111111101111111111111111111111101111111111101111111111111101111111111111111111111111111111111101111111011111111111111111111111111111110011111111111111111, 1111111110111111111111111111111111111111111111111101111111111111111111111111111101111111111111111111111111111111111111111111111111111111111111111111111111111011111011111110111111111111111110111111111111111111111111111111111111111111111111011111101111111111, 1111111111111111111111111111111101111111111111111110111111111111111111111111111111111111111111110111101111111101111111111111111111111011111111111101111111111111101111111111111111111111111111111111101111111111111111111111111011111111111110011111111111111111, 1111111111111111111111111111111101111111111111111110111111111111111111111111111111111111111111110111101111111101111111111111111111111011111111111101111111111011101111111111111111111111111111111111101111111011111111111111111111111111111110011111111111111111, 1111111111101111111111111111110111111111111111010111111111111111101101111111110111111111111111110111111111110101110011011111011011111111111111111111101111111111111111110111111111111111111111111111101111111111111111111111111111111110111111111111111111111111, 1111111111111111111111111111111101111111111111111110111111111111111111111111111111111111111111110111111111101101111111111111111111111011111111111101111111111111101111111111111111111111111111111111101111111011111111111111111111111111111110011111111111111111, 1111111111111111111111111111111101111111111111111110111111111111111111111111111111111111111111111111101111111101111111111111111111111011111111111101111111111111101111111111111111111111111111111111101111111011111111101111111111111111111110011111111111111111]
electre;4.0;[[73.98530924 82.49123694 78.05       81.71327309]];3870.4323080327795;244
included;[1111111111111111111111111111111101111111111111111110111111111111111111111111111111111111111111110111101111111101111111111111111111111011111111111101111111111111101111111111111111111111111111111111101111111011111111111110111111111111111110111111111111111111, 1111111111111111111111111111111111111111111111110110111111111111111111111111010111111111111111111111111111011100111111011111111111111111111111111111111111111111101111111111111111111111111110111111111111111111111111111111111111111111111111111111111111111111, 1111111111111111111111111111111101111111111111111110111111111111111111111111111111111111111111110111101111111101111111111111111111111111111111111101111111111111101111111111111111111111111111111111101111111011111111111111111101111111111110011111111111111111, 0111111111110111111111111111111111111111111111111110101111111111101111111111010111111111111111011111111101011110111111111111111111111111111101111011101111111111101111011111111111111111111111111111111111111111111111111111111111111110111111111111111111111111, 1111111111111111111111111111111111111111111111111110111111111111111111111111110111111111111111111111111101110101110111011111111111111111111111111111101111111111101111111111111111111111111101111111111111111111111111111111111111111110111111111111111110111111, 1111111111111111111111111111111111111111111111110110111111111111111111111111111111111111111111111111101111111111111111111111111111111111111111111111111111111111101111111111111111111111111111111111111111111111111111111111111111111111111111111111111111111111, 1111111111111111111111111111111101111111111111111111111111111111111111111111111111111111111111110111101111111101111111111111111111111011111111111101111111111111101111111111111111111111111111111111101111111011111111111111111111111111111110011111111111111111, 1111111111111111111111111111111101111111111111111110111111111111111111111111111111111111111111110111101111111101111111111111111111111011111111111101111111111111101111111111111111111111111111111111101111111011111111111111111111111111111110111111111111111111, 1111111111111111111111111111111111111111111111111111111111111110111111111111011110111111111111111111101111011111110011111111111111111111110111111011111111111111101111111111111111111111111110111111111111111111111111111111111111111110111111111111111110111111, 1111111111111111111111111111111101111111111111111110111111111111111111111111111111111111111111110111101111111101111111111111111111111101111111111101111111111111101111111111111111111111111111111111101111111011111111111111111111111111111110011111111111111111, 1111111110111111111111111111111111111111111111111101111111111111111111111111111101111111111111111111111111111111111111111111111111111111111111111111111111111011111011111110111111111111111110111111111111111111111111111111111111111111111111011111101111111111, 1111111111111111111111111111111101111111111111111110111111111111111111111111111111111111111111110111101111111101111111111111111111111011111111111101111111111111101111111111111111111111111111111111101111111111111111111111111011111111111110011111111111111111, 1111111111111111111111111111111101111111111111111110111111111111111111111111111111111111111111110111101111111101111111111111111111111011111111111101111111111011101111111111111111111111111111111111101111111011111111111111111111111111111110011111111111111111, 1111111111101111111111111111110111111111111111010111111111111111101101111111110111111111111111110111111111110101110011011111011011111111111111111111101111111111111111110111111111111111111111111111101111111111111111111111111111111110111111111111111111111111, 1111111111111111111111111111111101111111111111111110111111111111111111111111111111111111111111110111111111101101111111111111111111111011111111111101111111111111101111111111111111111111111111111111101111111011111111111111111111111111111110011111111111111111, 1111111111111111111111111111111101111111111111111110111111111111111111111111111111111111111111111111101111111101111111111111111111111011111111111101111111111111101111111111111111111111111111111111101111111011111111101111111111111111111110011111111111111111]
electre;2.0;[[73.95 81.8  78.5  82.15]];3869.6099999999974;244
included;[1111111111111111111111111111111101111111111111111110111111111111111111111111111111111111111111110111101111111101111111111111111111111011111111111101111111111111101111111111111111111111111111111111101111111011111111111110111111111111111110111111111111111111, 1111111111111111111111111111111111111111111111110110111111111111111111111111010111111111111111111111111111011100111111011111111111111111111111111111111111111111101111111111111111111111111110111111111111111111111111111111111111111111111111111111111111111111, 1111111111111111111111111111111101111111111111111110111111111111111111111111111111111111111111110111101111111101111111111111111111111111111111111101111111111111101111111111111111111111111111111111101111111011111111111111111101111111111110011111111111111111, 0111111111110111111111111111111111111111111111111110101111111111101111111111010111111111111111011111111101011110111111111111111111111111111101111011101111111111101111011111111111111111111111111111111111111111111111111111111111111110111111111111111111111111, 1111111111111111111111111111111111111111111111111110111111111111111111111111110111111111111111111111111101110101110111011111111111111111111111111111101111111111101111111111111111111111111101111111111111111111111111111111111111111110111111111111111110111111, 1111111111111111111111111111111111111111111111110110111111111111111111111111111111111111111111111111101111111111111111111111111111111111111111111111111111111111101111111111111111111111111111111111111111111111111111111111111111111111111111111111111111111111, 1111111111111111111111111111111101111111111111111111111111111111111111111111111111111111111111110111101111111101111111111111111111111011111111111101111111111111101111111111111111111111111111111111101111111011111111111111111111111111111110011111111111111111, 1111111111111111111111111111111101111111111111111110111111111111111111111111111111111111111111110111101111111101111111111111111111111011111111111101111111111111101111111111111111111111111111111111101111111011111111111111111111111111111110111111111111111111, 1111111111111111111111111111111111111111111111111111111111111110111111111111011110111111111111111111101111011111110011111111111111111111110111111011111111111111101111111111111111111111111110111111111111111111111111111111111111111110111111111111111110111111, 1111111111111111111111111111111101111111111111111110111111111111111111111111111111111111111111110111101111111101111111111111111111111101111111111101111111111111101111111111111111111111111111111111101111111011111111111111111111111111111110011111111111111111, 1111111110111111111111111111111111111111111111111101111111111111111111111111111101111111111111111111111111111111111111111111111111111111111111111111111111111011111011111110111111111111111110111111111111111111111111111111111111111111111111011111101111111111, 1111111111111111111111111111111101111111111111111110111111111111111111111111111111111111111111110111101111111101111111111111111111111011111111111101111111111111101111111111111111111111111111111111101111111111111111111111111011111111111110011111111111111111, 1111111111111111111111111111111101111111111111111110111111111111111111111111111111111111111111110111101111111101111111111111111111111011111111111101111111111011101111111111111111111111111111111111101111111011111111111111111111111111111110011111111111111111, 1111111111101111111111111111110111111111111111010111111111111111101101111111110111111111111111110111111111110101110011011111011011111111111111111111101111111111111111110111111111111111111111111111101111111111111111111111111111111110111111111111111111111111, 1111111111111111111111111111111101111111111111111110111111111111111111111111111111111111111111110111111111101101111111111111111111111011111111111101111111111111101111111111111111111111111111111111101111111011111111111111111111111111111110011111111111111111, 1111111111111111111111111111111101111111111111111110111111111111111111111111111111111111111111111111101111111101111111111111111111111011111111111101111111111111101111111111111111111111111111111111101111111011111111101111111111111111111110011111111111111111]
