#search;maxiter
1.5017509460449219
[[25.36477343 25.41141663 25.26064707 27.57951113]]
budget;1011.24
size;53
w;1
#added;1
#search;maxiter
3.5726497173309326
[[26.46477343 27.76141663 25.95062676 28.40448574]
 [26.80606239 25.08846194 26.22971604 26.21428811]
 [26.91477343 23.51141663 25.76064707 27.32951113]
 [26.91477343 23.27295469 25.82295469 26.69181874]
 [26.4268013  25.85377424 26.05300468 26.79918139]]
budget;1007.84;1006.18;998.72;991.07;1002.99
size;54;50;48;49;52
w;2
#search;maxiter
6.897711992263794
[[26.46477343 27.76141663 25.95062676 28.40448574]
 [24.13773218 21.06882227 26.39117196 25.13679458]
 [26.80606239 25.08846194 26.22971604 26.21428811]
 [26.64439459 25.20444121 24.64038023 28.08381251]
 [26.91477343 23.51141663 25.76064707 27.32951113]
 [26.75302972 24.07878715 26.52878715 24.55      ]
 [26.91477343 23.27295469 25.82295469 26.69181874]
 [26.4268013  25.85377424 26.05300468 26.79918139]]
budget;1007.84;1010.66;1006.18;1014.25;998.72;1006.57;991.07;1002.99
size;54;39;50;48;48;46;49;52
#search;maxiter
w;4
#search;maxiter
9.531403541564941
[[26.46477343 27.76141663 25.95062676 28.40448574]
 [24.13773218 21.06882227 26.39117196 25.13679458]
 [24.         24.4        26.45       25.5       ]
 [26.80606239 25.08846194 26.22971604 26.21428811]
 [26.64439459 25.20444121 24.64038023 28.08381251]
 [26.91477343 23.51141663 25.76064707 27.32951113]
 [26.75302972 24.07878715 26.52878715 24.55      ]
 [26.91477343 23.27295469 25.82295469 26.69181874]
 [26.4268013  25.85377424 26.05300468 26.79918139]]
budget;1007.84;1010.66;1009.30;1006.18;1014.25;998.72;1006.57;991.07;1002.99
size;54;39;44;50;48;48;46;49;52
#added;1
#search;maxiter
#added;1
#search;maxiter
#added;1
#search;maxiter
w;8
#search;maxiter
12.647265434265137
[[26.46477343 27.76141663 25.95062676 28.40448574]
 [26.34083949 23.54833567 26.60396362 27.82771537]
 [25.5313314  23.73464671 26.92271675 25.36895858]
 [27.30302972 25.97878715 26.52878715 24.85      ]
 [24.         24.4        26.45       25.5       ]
 [27.20302972 26.02878715 26.17878715 25.85      ]
 [26.80606239 25.08846194 26.22971604 26.21428811]
 [26.91477343 23.27295469 25.82295469 26.69181874]
 [26.64439459 25.20444121 24.64038023 28.08381251]
 [26.91477343 23.51141663 25.76064707 27.32951113]
 [26.73372789 24.34674558 26.44674558 26.98698231]
 [26.4268013  25.85377424 26.05300468 26.79918139]]
budget;1007.84;1013.69;1004.05;997.49;1009.30;1014.64;1006.18;991.07;1014.25;998.72;1011.97;1002.99
size;54;49;43;44;44;47;50;49;48;48;45;52
#search;maxiter
#search;maxiter
#clust;conv1;size21;goal10
#search;maxiter
#search;maxiter
#search;maxiter
#search;maxiter
#search;maxiter
w;16
#search;maxiter
21.249162673950195
[[26.19599937 23.5122022  27.13721776 25.96379381]
 [27.56883857 26.99223062 26.73756851 29.16818083]
 [27.45       27.73846194 24.63769239 29.45728664]
 [27.97247099 27.8        26.82480436 28.77480436]
 [27.75       27.4        24.65       29.        ]
 [27.79878079 25.26688535 26.44770766 29.06501918]
 [27.50624451 28.32752307 24.69594175 28.16446989]
 [28.25       27.18846194 25.18769239 27.85728664]
 [27.89659949 27.30011182 25.34594175 29.89594175]
 [27.29006297 25.89006297 26.96244939 28.61046199]
 [27.52945453 26.58305435 26.72277263 29.17270701]
 [27.19502408 26.58979674 26.78562667 28.95468142]
 [27.94006297 27.92978776 26.35217418 28.72402165]
 [27.49659949 28.26164987 25.00824936 27.95824936]]
budget;1009.00;1002.92;1011.63;1014.22;1011.25;1014.42;1013.70;1014.47;1013.18;1002.12;1014.11;1003.20;1011.90;1013.03
size;43;53;53;56;52;50;50;53;52;54;53;53;56;49
#search;maxiter
#search;maxiter
#search;maxiter
#search;maxiter
#search;maxiter
#search;maxiter
#search;maxiter
#search;maxiter
#search;maxiter
#search;maxiter
#search;maxiter
#search;maxiter
#search;maxiter
#search;maxiter
#search;maxiter
w;32
#search;maxiter
42.73550796508789
[[26.19599937 23.5122022  27.13721776 25.96379381]
 [28.42986468 25.14333612 25.06924783 25.91924783]
 [27.79878079 25.26688535 26.44770766 29.06501918]
 [27.89659949 27.30011182 25.34594175 29.89594175]
 [27.56883857 26.99223062 26.73756851 29.16818083]
 [27.97247099 27.8        26.82480436 28.77480436]
 [28.25       25.         25.9        26.7       ]
 [27.49659949 28.26164987 25.00824936 27.95824936]
 [28.83062412 27.06634973 24.60128624 28.67000726]
 [28.49514269 24.95990266 25.759849   26.95621174]
 [27.50624451 28.32752307 24.69594175 28.16446989]
 [28.25       27.18846194 25.18769239 27.85728664]
 [27.52945453 26.58305435 26.72277263 29.17270701]
 [27.19502408 26.58979674 26.78562667 28.95468142]
 [27.94006297 27.92978776 26.35217418 28.72402165]
 [27.75       27.4        24.65       29.        ]
 [27.29006297 25.89006297 26.96244939 28.61046199]
 [28.1329427  27.05104428 24.32798016 28.93903627]
 [27.45       27.73846194 24.63769239 29.45728664]]
budget;1009.00;1005.74;1014.42;1013.18;1002.92;1014.22;1014.07;1013.03;1013.60;1008.35;1013.70;1014.47;1014.11;1003.20;1011.90;1011.25;1002.12;1013.10;1011.63
size;43;42;50;52;53;56;44;49;47;46;50;53;53;53;56;52;54;46;53
#search;maxiter
#search;maxiter
#search;maxiter
#search;maxiter
#search;maxiter
#clust;conv2;size20;goal10
#search;maxiter
#search;maxiter
#search;maxiter
#search;maxiter
#search;maxiter
#search;maxiter
#search;maxiter
#search;maxiter
#search;maxiter
#search;maxiter
#search;maxiter
#search;maxiter
#search;maxiter
#search;maxiter
#search;maxiter
#search;maxiter
#search;maxiter
#search;maxiter
#search;maxiter
#search;maxiter
#search;maxiter
#search;maxiter
#search;maxiter
#search;maxiter
#search;maxiter
#search;maxiter
w;64
#search;maxiter
76.65514969825745
[[28.29721214 25.94831622 26.31959111 28.86920028]
 [27.45       27.73846194 24.63769239 29.45728664]
 [26.6708632  25.2917264  27.27511006 29.14172799]
 [26.15       26.75       26.65       27.55      ]
 [28.76727409 25.4735848  26.74793428 29.16143904]
 [27.50624451 28.32752307 24.69594175 28.16446989]
 [27.37913521 25.80827042 24.79165408 28.9       ]
 [28.25       27.18846194 25.18769239 27.85728664]
 [27.29006297 25.89006297 26.96244939 28.61046199]
 [28.1329427  27.05104428 24.32798016 28.93903627]
 [27.19502408 26.58979674 26.78562667 28.95468142]
 [26.         27.25       26.5        27.55      ]
 [27.94006297 27.92978776 26.35217418 28.72402165]
 [27.08864204 25.62533859 25.98728769 29.84427801]
 [26.94502408 26.18979674 26.48562667 29.30468142]]
budget;1014.16;1011.63;1014.45;1012.88;1005.60;1013.70;1014.64;1014.47;1002.12;1013.10;1003.20;1012.46;1011.90;1002.28;1013.03
size;53;53;48;50;49;50;48;53;54;46;53;50;56;51;51
usage;shake;swapRandom=9
usage;shake;swapQuarter=14
usage;shake;swapThird=12
usage;shake;swapHalf=12
usage;shake;swapGroup=17
usage;shake;incrMin=15
usage;shake;incrMax=10
usage;shake;incrRnd=6
usage;shake;rndMin=8
usage;shake;rndMax=6
usage;shake;rndRnd=6
usage;shake;liftIncr=8
usage;shake;liftRnd=5
usage;search;swapOne=23
usage;search;inclRndMin=12
usage;search;inclRndMax=17
usage;search;inclRndRnd=6
usage;search;inclLowMin=24
usage;search;inclLowMax=10
usage;search;inclLowRnd=34
usage;search;inclHighMin=1
usage;search;inclHighMax=28
usage;search;inclHighRnd=32
usage;search;fundAtMin=34
usage;search;fundAtMax=27
usage;search;fundAtRnd=35
usage;search;exclRnd=37
usage;search;exclLow=25
usage;search;exclHigh=33
usage;search;inflGrMin=24
usage;search;inflGrMax=43
usage;search;inflGrRnd=37
usage;search;deflGrMin=26
usage;search;deflGrMax=32
usage;search;deflGrRnd=17
usage;search;exchGrMin=34
usage;search;exchGrMax=30
usage;search;exchGrRnd=29
usage;search;incrMin=73
usage;search;incrMax=67
usage;search;incrRnd=95
usage;search;rndMin=83
usage;search;rndMax=86
usage;search;rndRnd=83
usage;search;liftIncr=93
usage;search;liftRnd=70
end;76.659/224;63/64;3/26
electre;0.0;[[28.29721214 25.94831622 26.31959111 28.86920028]];1014.1594189856212;53
included;[1111101111011101011111110111101111111111111111110010011111011111, 0111101111111111011111111111111011011101110111001111111101011111, 1111101001111111111111111101111110001111100111110010111101001110, 1111011100101111111111111101110111101001111011001111011111011111, 1110101110110111110111101101111111110101111111110010111101001111, 0111111101101111010111111101111111011101100011011111111101011111, 0101101110101111011111111111111111111100111011001110111100011110, 1111111111111011111111110111110111111101110011011111111001010111, 1111111111111111111111110110111111111111101101011010111110011110, 1111111101110011010111111101101111011101110011101110110100011101, 1111111011011001011111111001111111111101111111111110011111011111, 1111011100101111111111111101110111101001111011001111011111011111, 1111111111111011111111110110111111111111101111011010111111011111, 0111111010101010111111111101111111111111110011100111011111011111, 1111111111111011111101101100011111111101111111111010111001011110]
electre;-2.0;[[27.45       27.73846194 24.63769239 29.45728664]];1011.6340244636284;53
included;[1111101111011101011111110111101111111111111111110010011111011111, 0111101111111111011111111111111011011101110111001111111101011111, 1111101001111111111111111101111110001111100111110010111101001110, 1111011100101111111111111101110111101001111011001111011111011111, 1110101110110111110111101101111111110101111111110010111101001111, 0111111101101111010111111101111111011101100011011111111101011111, 0101101110101111011111111111111111111100111011001110111100011110, 1111111111111011111111110111110111111101110011011111111001010111, 1111111111111111111111110110111111111111101101011010111110011110, 1111111101110011010111111101101111011101110011101110110100011101, 1111111011011001011111111001111111111101111111111110011111011111, 1111011100101111111111111101110111101001111011001111011111011111, 1111111111111011111111110110111111111111101111011010111111011111, 0111111010101010111111111101111111111111110011100111011111011111, 1111111111111011111101101100011111111101111111111010111001011110]
electre;0.0;[[26.6708632  25.2917264  27.27511006 29.14172799]];1014.446095816336;48
included;[1111101111011101011111110111101111111111111111110010011111011111, 0111101111111111011111111111111011011101110111001111111101011111, 1111101001111111111111111101111110001111100111110010111101001110, 1111011100101111111111111101110111101001111011001111011111011111, 1110101110110111110111101101111111110101111111110010111101001111, 0111111101101111010111111101111111011101100011011111111101011111, 0101101110101111011111111111111111111100111011001110111100011110, 1111111111111011111111110111110111111101110011011111111001010111, 1111111111111111111111110110111111111111101101011010111110011110, 1111111101110011010111111101101111011101110011101110110100011101, 1111111011011001011111111001111111111101111111111110011111011111, 1111011100101111111111111101110111101001111011001111011111011111, 1111111111111011111111110110111111111111101111011010111111011111, 0111111010101010111111111101111111111111110011100111011111011111, 1111111111111011111101101100011111111101111111111010111001011110]
electre;7.0;[[26.15 26.75 26.65 27.55]];1012.8799999999999;50
included;[1111101111011101011111110111101111111111111111110010011111011111, 0111101111111111011111111111111011011101110111001111111101011111, 1111101001111111111111111101111110001111100111110010111101001110, 1111011100101111111111111101110111101001111011001111011111011111, 1110101110110111110111101101111111110101111111110010111101001111, 0111111101101111010111111101111111011101100011011111111101011111, 0101101110101111011111111111111111111100111011001110111100011110, 1111111111111011111111110111110111111101110011011111111001010111, 1111111111111111111111110110111111111111101101011010111110011110, 1111111101110011010111111101101111011101110011101110110100011101, 1111111011011001011111111001111111111101111111111110011111011111, 1111011100101111111111111101110111101001111011001111011111011111, 1111111111111011111111110110111111111111101111011010111111011111, 0111111010101010111111111101111111111111110011100111011111011111, 1111111111111011111101101100011111111101111111111010111001011110]
electre;-2.0;[[28.76727409 25.4735848  26.74793428 29.16143904]];1005.5994119483101;49
included;[1111101111011101011111110111101111111111111111110010011111011111, 0111101111111111011111111111111011011101110111001111111101011111, 1111101001111111111111111101111110001111100111110010111101001110, 1111011100101111111111111101110111101001111011001111011111011111, 1110101110110111110111101101111111110101111111110010111101001111, 0111111101101111010111111101111111011101100011011111111101011111, 0101101110101111011111111111111111111100111011001110111100011110, 1111111111111011111111110111110111111101110011011111111001010111, 1111111111111111111111110110111111111111101101011010111110011110, 1111111101110011010111111101101111011101110011101110110100011101, 1111111011011001011111111001111111111101111111111110011111011111, 1111011100101111111111111101110111101001111011001111011111011111, 1111111111111011111111110110111111111111101111011010111111011111, 0111111010101010111111111101111111111111110011100111011111011111, 1111111111111011111101101100011111111101111111111010111001011110]
electre;0.0;[[27.50624451 28.32752307 24.69594175 28.16446989]];1013.697333707051;50
included;[1111101111011101011111110111101111111111111111110010011111011111, 0111101111111111011111111111111011011101110111001111111101011111, 1111101001111111111111111101111110001111100111110010111101001110, 1111011100101111111111111101110111101001111011001111011111011111, 1110101110110111110111101101111111110101111111110010111101001111, 0111111101101111010111111101111111011101100011011111111101011111, 0101101110101111011111111111111111111100111011001110111100011110, 1111111111111011111111110111110111111101110011011111111001010111, 1111111111111111111111110110111111111111101101011010111110011110, 1111111101110011010111111101101111011101110011101110110100011101, 1111111011011001011111111001111111111101111111111110011111011111, 1111011100101111111111111101110111101001111011001111011111011111, 1111111111111011111111110110111111111111101111011010111111011111, 0111111010101010111111111101111111111111110011100111011111011111, 1111111111111011111101101100011111111101111111111010111001011110]
electre;11.0;[[27.37913521 25.80827042 24.79165408 28.9       ]];1014.6351324946866;48
included;[1111101111011101011111110111101111111111111111110010011111011111, 0111101111111111011111111111111011011101110111001111111101011111, 1111101001111111111111111101111110001111100111110010111101001110, 1111011100101111111111111101110111101001111011001111011111011111, 1110101110110111110111101101111111110101111111110010111101001111, 0111111101101111010111111101111111011101100011011111111101011111, 0101101110101111011111111111111111111100111011001110111100011110, 1111111111111011111111110111110111111101110011011111111001010111, 1111111111111111111111110110111111111111101101011010111110011110, 1111111101110011010111111101101111011101110011101110110100011101, 1111111011011001011111111001111111111101111111111110011111011111, 1111011100101111111111111101110111101001111011001111011111011111, 1111111111111011111111110110111111111111101111011010111111011111, 0111111010101010111111111101111111111111110011100111011111011111, 1111111111111011111101101100011111111101111111111010111001011110]
electre;2.0;[[28.25       27.18846194 25.18769239 27.85728664]];1014.4740244636282;53
included;[1111101111011101011111110111101111111111111111110010011111011111, 0111101111111111011111111111111011011101110111001111111101011111, 1111101001111111111111111101111110001111100111110010111101001110, 1111011100101111111111111101110111101001111011001111011111011111, 1110101110110111110111101101111111110101111111110010111101001111, 0111111101101111010111111101111111011101100011011111111101011111, 0101101110101111011111111111111111111100111011001110111100011110, 1111111111111011111111110111110111111101110011011111111001010111, 1111111111111111111111110110111111111111101101011010111110011110, 1111111101110011010111111101101111011101110011101110110100011101, 1111111011011001011111111001111111111101111111111110011111011111, 1111011100101111111111111101110111101001111011001111011111011111, 1111111111111011111111110110111111111111101111011010111111011111, 0111111010101010111111111101111111111111110011100111011111011111, 1111111111111011111101101100011111111101111111111010111001011110]
electre;3.0;[[27.29006297 25.89006297 26.96244939 28.61046199]];1002.1202095267383;54
included;[1111101111011101011111110111101111111111111111110010011111011111, 0111101111111111011111111111111011011101110111001111111101011111, 1111101001111111111111111101111110001111100111110010111101001110, 1111011100101111111111111101110111101001111011001111011111011111, 1110101110110111110111101101111111110101111111110010111101001111, 0111111101101111010111111101111111011101100011011111111101011111, 0101101110101111011111111111111111111100111011001110111100011110, 1111111111111011111111110111110111111101110011011111111001010111, 1111111111111111111111110110111111111111101101011010111110011110, 1111111101110011010111111101101111011101110011101110110100011101, 1111111011011001011111111001111111111101111111111110011111011111, 1111011100101111111111111101110111101001111011001111011111011111, 1111111111111011111111110110111111111111101111011010111111011111, 0111111010101010111111111101111111111111110011100111011111011111, 1111111111111011111101101100011111111101111111111010111001011110]
electre;4.0;[[28.1329427  27.05104428 24.32798016 28.93903627]];1013.0964134053512;46
included;[1111101111011101011111110111101111111111111111110010011111011111, 0111101111111111011111111111111011011101110111001111111101011111, 1111101001111111111111111101111110001111100111110010111101001110, 1111011100101111111111111101110111101001111011001111011111011111, 1110101110110111110111101101111111110101111111110010111101001111, 0111111101101111010111111101111111011101100011011111111101011111, 0101101110101111011111111111111111111100111011001110111100011110, 1111111111111011111111110111110111111101110011011111111001010111, 1111111111111111111111110110111111111111101101011010111110011110, 1111111101110011010111111101101111011101110011101110110100011101, 1111111011011001011111111001111111111101111111111110011111011111, 1111011100101111111111111101110111101001111011001111011111011111, 1111111111111011111111110110111111111111101111011010111111011111, 0111111010101010111111111101111111111111110011100111011111011111, 1111111111111011111101101100011111111101111111111010111001011110]
electre;-9.0;[[27.19502408 26.58979674 26.78562667 28.95468142]];1003.2027152160458;53
included;[1111101111011101011111110111101111111111111111110010011111011111, 0111101111111111011111111111111011011101110111001111111101011111, 1111101001111111111111111101111110001111100111110010111101001110, 1111011100101111111111111101110111101001111011001111011111011111, 1110101110110111110111101101111111110101111111110010111101001111, 0111111101101111010111111101111111011101100011011111111101011111, 0101101110101111011111111111111111111100111011001110111100011110, 1111111111111011111111110111110111111101110011011111111001010111, 1111111111111111111111110110111111111111101101011010111110011110, 1111111101110011010111111101101111011101110011101110110100011101, 1111111011011001011111111001111111111101111111111110011111011111, 1111011100101111111111111101110111101001111011001111011111011111, 1111111111111011111111110110111111111111101111011010111111011111, 0111111010101010111111111101111111111111110011100111011111011111, 1111111111111011111101101100011111111101111111111010111001011110]
electre;5.0;[[26.   27.25 26.5  27.55]];1012.4599999999999;50
included;[1111101111011101011111110111101111111111111111110010011111011111, 0111101111111111011111111111111011011101110111001111111101011111, 1111101001111111111111111101111110001111100111110010111101001110, 1111011100101111111111111101110111101001111011001111011111011111, 1110101110110111110111101101111111110101111111110010111101001111, 0111111101101111010111111101111111011101100011011111111101011111, 0101101110101111011111111111111111111100111011001110111100011110, 1111111111111011111111110111110111111101110011011111111001010111, 1111111111111111111111110110111111111111101101011010111110011110, 1111111101110011010111111101101111011101110011101110110100011101, 1111111011011001011111111001111111111101111111111110011111011111, 1111011100101111111111111101110111101001111011001111011111011111, 1111111111111011111111110110111111111111101111011010111111011111, 0111111010101010111111111101111111111111110011100111011111011111, 1111111111111011111101101100011111111101111111111010111001011110]
electre;-9.0;[[27.94006297 27.92978776 26.35217418 28.72402165]];1011.8987631283015;56
included;[1111101111011101011111110111101111111111111111110010011111011111, 0111101111111111011111111111111011011101110111001111111101011111, 1111101001111111111111111101111110001111100111110010111101001110, 1111011100101111111111111101110111101001111011001111011111011111, 1110101110110111110111101101111111110101111111110010111101001111, 0111111101101111010111111101111111011101100011011111111101011111, 0101101110101111011111111111111111111100111011001110111100011110, 1111111111111011111111110111110111111101110011011111111001010111, 1111111111111111111111110110111111111111101101011010111110011110, 1111111101110011010111111101101111011101110011101110110100011101, 1111111011011001011111111001111111111101111111111110011111011111, 1111011100101111111111111101110111101001111011001111011111011111, 1111111111111011111111110110111111111111101111011010111111011111, 0111111010101010111111111101111111111111110011100111011111011111, 1111111111111011111101101100011111111101111111111010111001011110]
electre;-2.0;[[27.08864204 25.62533859 25.98728769 29.84427801]];1002.2784264868299;51
included;[1111101111011101011111110111101111111111111111110010011111011111, 0111101111111111011111111111111011011101110111001111111101011111, 1111101001111111111111111101111110001111100111110010111101001110, 1111011100101111111111111101110111101001111011001111011111011111, 1110101110110111110111101101111111110101111111110010111101001111, 0111111101101111010111111101111111011101100011011111111101011111, 0101101110101111011111111111111111111100111011001110111100011110, 1111111111111011111111110111110111111101110011011111111001010111, 1111111111111111111111110110111111111111101101011010111110011110, 1111111101110011010111111101101111011101110011101110110100011101, 1111111011011001011111111001111111111101111111111110011111011111, 1111011100101111111111111101110111101001111011001111011111011111, 1111111111111011111111110110111111111111101111011010111111011111, 0111111010101010111111111101111111111111110011100111011111011111, 1111111111111011111101101100011111111101111111111010111001011110]
electre;-8.0;[[26.94502408 26.18979674 26.48562667 29.30468142]];1013.032715216046;51
included;[1111101111011101011111110111101111111111111111110010011111011111, 0111101111111111011111111111111011011101110111001111111101011111, 1111101001111111111111111101111110001111100111110010111101001110, 1111011100101111111111111101110111101001111011001111011111011111, 1110101110110111110111101101111111110101111111110010111101001111, 0111111101101111010111111101111111011101100011011111111101011111, 0101101110101111011111111111111111111100111011001110111100011110, 1111111111111011111111110111110111111101110011011111111001010111, 1111111111111111111111110110111111111111101101011010111110011110, 1111111101110011010111111101101111011101110011101110110100011101, 1111111011011001011111111001111111111101111111111110011111011111, 1111011100101111111111111101110111101001111011001111011111011111, 1111111111111011111111110110111111111111101111011010111111011111, 0111111010101010111111111101111111111111110011100111011111011111, 1111111111111011111101101100011111111101111111111010111001011110]
