#search;maxiter
3.922727584838867
[[36.23917753 42.34588764 38.55       39.29588764]
 [35.25       42.5        39.3        39.8       ]
 [37.1        41.95       39.75       39.25      ]
 [37.         41.75       40.12128708 40.32405932]
 [33.95       40.4        40.8        37.75      ]
 [36.95       42.65       39.         38.95      ]
 [37.94314164 42.56310662 40.79571663 39.09314164]
 [35.55       42.8        38.45       40.15      ]
 [37.25       42.35       38.9        39.1       ]
 [37.1        41.95       39.65       39.5       ]
 [35.4894552  41.25       40.30312832 39.6894552 ]
 [37.175286   41.925286   40.050572   39.15      ]
 [38.9        42.7        38.9        37.05      ]
 [35.8        41.         40.7        40.85      ]]
budget;1852.11;1854.16;1851.16;1853.43;1849.70;1851.11;1830.92;1853.51;1850.62;1853.27;1853.63;1849.93;1849.75;1853.29
size;119;118;118;119;114;119;127;114;119;118;115;119;119;115
w;1
#search;maxiter
6.035176753997803
[[36.23917753 42.34588764 38.55       39.29588764]
 [35.25       42.5        39.3        39.8       ]
 [37.1        41.95       39.75       39.25      ]
 [37.         41.75       40.12128708 40.32405932]
 [33.95       40.4        40.8        37.75      ]
 [36.95       42.65       39.         38.95      ]
 [37.94314164 42.56310662 40.79571663 39.09314164]
 [35.55       42.8        38.45       40.15      ]
 [37.25       42.35       38.9        39.1       ]
 [37.1        41.95       39.65       39.5       ]
 [35.4894552  41.25       40.30312832 39.6894552 ]
 [37.175286   41.925286   40.050572   39.15      ]
 [38.9        42.7        38.9        37.05      ]
 [35.8        41.         40.7        40.85      ]]
budget;1852.11;1854.16;1851.16;1853.43;1849.70;1851.11;1830.92;1853.51;1850.62;1853.27;1853.63;1849.93;1849.75;1853.29
size;119;118;118;119;114;119;127;114;119;118;115;119;119;115
w;2
#search;maxiter
8.76656174659729
[[36.23917753 42.34588764 38.55       39.29588764]
 [35.04181864 42.95909321 38.85909321 40.02954661]
 [35.25       42.5        39.3        39.8       ]
 [37.1        41.95       39.75       39.25      ]
 [37.         41.75       40.12128708 40.32405932]
 [36.95       42.65       39.         38.95      ]
 [37.94314164 42.56310662 40.79571663 39.09314164]
 [35.55       42.8        38.45       40.15      ]
 [37.25       42.35       38.9        39.1       ]
 [37.1        41.95       39.65       39.5       ]
 [35.4894552  41.25       40.30312832 39.6894552 ]
 [36.45       42.         40.8        38.9       ]
 [37.175286   41.925286   40.050572   39.15      ]
 [36.27914833 42.29574167 41.55       39.49787083]
 [38.9        42.7        38.9        37.05      ]
 [35.8        41.         40.7        40.85      ]]
budget;1852.11;1851.26;1854.16;1851.16;1853.43;1851.11;1830.92;1853.51;1850.62;1853.27;1853.63;1841.62;1849.93;1853.43;1849.75;1853.29
size;119;113;118;118;119;119;127;114;119;118;115;126;119;124;119;115
#search;maxiter
w;4
#search;maxiter
14.116841077804565
[[36.23917753 42.34588764 38.55       39.29588764]
 [35.04181864 42.95909321 38.85909321 40.02954661]
 [35.25       42.5        39.3        39.8       ]
 [37.1        41.95       39.75       39.25      ]
 [37.         41.75       40.12128708 40.32405932]
 [36.95       42.65       39.         38.95      ]
 [37.94314164 42.56310662 40.79571663 39.09314164]
 [35.55       42.8        38.45       40.15      ]
 [37.25       42.35       38.9        39.1       ]
 [37.1        41.95       39.65       39.5       ]
 [35.4894552  41.25       40.30312832 39.6894552 ]
 [36.45       42.         40.8        38.9       ]
 [37.175286   41.925286   40.050572   39.15      ]
 [36.27914833 42.29574167 41.55       39.49787083]
 [38.9        42.7        38.9        37.05      ]
 [35.8        41.         40.7        40.85      ]]
budget;1852.11;1851.26;1854.16;1851.16;1853.43;1851.11;1830.92;1853.51;1850.62;1853.27;1853.63;1841.62;1849.93;1853.43;1849.75;1853.29
size;119;113;118;118;119;119;127;114;119;118;115;126;119;124;119;115
#search;maxiter
#search;maxiter
#search;maxiter
w;8
#search;maxiter
25.96321964263916
[[35.38233986 41.20406087 41.57032749 35.564908  ]
 [35.04181864 42.95909321 38.85909321 40.02954661]
 [36.23917753 42.34588764 38.55       39.29588764]
 [35.25       42.5        39.3        39.8       ]
 [37.1        41.95       39.75       39.25      ]
 [37.         41.75       40.12128708 40.32405932]
 [36.95       42.65       39.         38.95      ]
 [37.94314164 42.56310662 40.79571663 39.09314164]
 [35.55       42.8        38.45       40.15      ]
 [37.25       42.35       38.9        39.1       ]
 [37.1        41.95       39.65       39.5       ]
 [35.4894552  41.25       40.30312832 39.6894552 ]
 [36.45       42.         40.8        38.9       ]
 [37.175286   41.925286   40.050572   39.15      ]
 [36.27914833 42.29574167 41.55       39.49787083]
 [38.9        42.7        38.9        37.05      ]
 [35.8        41.         40.7        40.85      ]]
budget;1853.61;1851.26;1852.11;1854.16;1851.16;1853.43;1851.11;1830.92;1853.51;1850.62;1853.27;1853.63;1841.62;1849.93;1853.43;1849.75;1853.29
size;109;113;119;118;118;119;119;127;114;119;118;115;126;119;124;119;115
#search;maxiter
#clust;conv2;size20;goal10
#search;maxiter
#search;maxiter
#search;maxiter
#search;maxiter
#search;maxiter
#added;1
#search;maxiter
w;16
#search;maxiter
44.07166409492493
[[39.04526027 43.98031484 39.98031484 38.89818439]
 [37.65578034 43.42430104 39.15637976 39.55827518]
 [38.44598652 44.03394607 39.38394607 38.55      ]
 [37.94314164 42.56310662 40.79571663 39.09314164]
 [38.50507171 44.02937202 39.62937202 38.34771298]
 [37.6        42.45       40.25       39.5       ]
 [35.95       41.95       41.7        39.7       ]
 [33.72487144 43.81639438 40.02690892 39.19073447]
 [37.4162221  43.08111048 40.15       40.34055524]
 [39.24598652 43.98394607 39.33394607 38.55      ]
 [36.27914833 42.29574167 41.55       39.49787083]
 [37.38639363 42.26598408 41.66598408 40.31598408]
 [35.8        41.         40.7        40.85      ]
 [36.91292243 42.66461215 40.4        39.30730607]]
budget;1854.16;1840.12;1835.40;1830.92;1835.63;1853.77;1853.67;1851.23;1847.41;1853.90;1853.43;1835.16;1853.29;1852.69
size;124;119;121;127;122;122;124;114;127;122;124;124;115;122
#search;maxiter
#search;maxiter
#search;maxiter
#search;maxiter
#clust;conv1;size20;goal10
#search;maxiter
#search;maxiter
#search;maxiter
#search;maxiter
#search;maxiter
#search;maxiter
#search;maxiter
#search;maxiter
#search;maxiter
#search;maxiter
#search;maxiter
w;32
#clust;conv2;size20;goal10
#search;maxiter
92.76522159576416
[[37.65578034 43.42430104 39.15637976 39.55827518]
 [37.94314164 42.56310662 40.79571663 39.09314164]
 [38.22535016 40.99227544 41.48975091 36.45920071]
 [36.01676724 44.13338362 39.6        39.01676724]
 [37.17832879 40.77377974 40.83840931 38.66190046]
 [36.91151567 40.67548979 41.09246765 38.54699626]
 [37.06685007 41.01172176 40.96370408 37.51701804]
 [36.1        43.25       40.         39.8       ]
 [36.27914833 42.29574167 41.55       39.49787083]
 [35.8        41.         40.7        40.85      ]]
budget;1840.12;1830.92;1836.22;1853.29;1849.48;1844.82;1854.03;1853.18;1853.43;1853.29
size;119;127;119;122;125;124;121;126;124;115
#search;maxiter
#search;maxiter
#search;maxiter
#search;maxiter
#search;maxiter
#clust;conv1;size20;goal10
#search;maxiter
#search;maxiter
#search;maxiter
#search;maxiter
#search;maxiter
#search;maxiter
#search;maxiter
#search;maxiter
#search;maxiter
#clust;conv1;size20;goal10
#search;maxiter
#clust;conv1;size20;goal10
#search;maxiter
#search;maxiter
#search;maxiter
#added;1
#search;maxiter
#added;1
#search;maxiter
#added;1
#search;maxiter
#added;1
#search;maxiter
#added;1
#search;maxiter
#search;maxiter
#search;maxiter
#search;maxiter
#search;maxiter
#search;maxiter
#search;maxiter
#search;maxiter
#search;maxiter
w;64
#search;maxiter
167.5688214302063
[[38.4        44.21582352 41.31582352 40.2848897 ]
 [38.         44.16582352 41.71582352 39.8848897 ]
 [37.98389589 44.21842319 41.10608445 39.42917666]
 [38.08389589 44.46179749 40.94569339 39.5187856 ]
 [35.77668022 44.68834011 40.72668022 41.28834011]
 [38.6128984  43.914492   40.95       39.65      ]
 [38.7        43.55       40.5        39.3       ]
 [37.42668022 43.98834011 41.62668022 40.98834011]
 [38.4128984  43.964492   40.55       39.        ]
 [36.15       44.15       43.         41.25      ]
 [37.35       45.35       42.55       41.15      ]
 [39.3128984  45.114492   41.4        38.7       ]
 [37.55       43.8        42.95       42.05      ]]
budget;1850.30;1853.09;1798.93;1822.26;1854.14;1853.21;1850.87;1849.20;1852.73;1853.87;1854.14;1852.96;1851.07
size;125;125;126;126;122;126;127;122;126;124;126;126;125
usage;shake;swapRandom=4
usage;shake;swapQuarter=16
usage;shake;swapThird=14
usage;shake;swapHalf=16
usage;shake;swapGroup=14
usage;shake;incrMin=15
usage;shake;incrMax=5
usage;shake;incrRnd=4
usage;shake;rndMin=25
usage;shake;rndMax=1
usage;shake;rndRnd=6
usage;shake;liftIncr=3
usage;shake;liftRnd=5
usage;search;swapOne=24
usage;search;inclRndMin=25
usage;search;inclRndMax=15
usage;search;inclRndRnd=13
usage;search;inclLowMin=19
usage;search;inclLowMax=23
usage;search;inclLowRnd=13
usage;search;inclHighMin=29
usage;search;inclHighMax=25
usage;search;inclHighRnd=26
usage;search;fundAtMin=24
usage;search;fundAtMax=16
usage;search;fundAtRnd=19
usage;search;exclRnd=34
usage;search;exclLow=29
usage;search;exclHigh=31
usage;search;inflGrMin=35
usage;search;inflGrMax=17
usage;search;inflGrRnd=30
usage;search;deflGrMin=32
usage;search;deflGrMax=21
usage;search;deflGrRnd=52
usage;search;exchGrMin=24
usage;search;exchGrMax=41
usage;search;exchGrRnd=33
usage;search;incrMin=56
usage;search;incrMax=70
usage;search;incrRnd=58
usage;search;rndMin=80
usage;search;rndMax=98
usage;search;rndRnd=77
usage;search;liftIncr=84
usage;search;liftRnd=127
end;167.576/317;63/64;0/26
electre;-5.0;[[38.4        44.21582352 41.31582352 40.2848897 ]];1850.298615215848;125
included;[11111111111111111111111011111111111111111111111111111111101111111111111110111111111111111111111111111111111111111111111111111111, 11111011111111111111111011111111111111111111111111111111101111111111111111111111111111111111111111111111111111111111111111111111, 11111111111111111111111011111111111111111111111111111111101111111111111111111111111111111111111111111111111111111111111111111111, 11111111111111111111111011111111111111111111111111111111101111111111111111111111111111111111111111111111111111111111111111111111, 11111111111110111111111011111111111111111111111111111111111111111111111111011101110110111111111111111111111111111111111111111111, 11111111111111111111111011111111111111111111111111111111111111111111111111111111111111111111111111111111111111111111011111111111, 11111111111111111111111011111111111111111111111111111111111111111111111111111111111111111111111111111111111111111111111111111111, 11111111111110111111111011111111111111111111111111111111111111111011111111011101110111111111111111111111111111111111111111111111, 11111111111111111111111011111111111111111111111111111111111111111011111111111111111111111111111111111111111111111111111111111111, 11111111111111111111111111111111111111111111111111111111111111111111111111111111111110111111111110111111111111111101111111011111, 11111111111111111111111111111111111111111111111111111111111111111111111111111111111111111111111110111111111111111101111111111111, 11111111111111111111111011111111111111111111111111111111111111111111111111111111111111111110111111111111111111111111111111111111, 11111111111111111110111111111111111111111111111111101111111111111111111111110111111111111111111111111111111111111111111111111111]
electre;0.0;[[38.         44.16582352 41.71582352 39.8848897 ]];1853.0886152158475;125
included;[11111111111111111111111011111111111111111111111111111111101111111111111110111111111111111111111111111111111111111111111111111111, 11111011111111111111111011111111111111111111111111111111101111111111111111111111111111111111111111111111111111111111111111111111, 11111111111111111111111011111111111111111111111111111111101111111111111111111111111111111111111111111111111111111111111111111111, 11111111111111111111111011111111111111111111111111111111101111111111111111111111111111111111111111111111111111111111111111111111, 11111111111110111111111011111111111111111111111111111111111111111111111111011101110110111111111111111111111111111111111111111111, 11111111111111111111111011111111111111111111111111111111111111111111111111111111111111111111111111111111111111111111011111111111, 11111111111111111111111011111111111111111111111111111111111111111111111111111111111111111111111111111111111111111111111111111111, 11111111111110111111111011111111111111111111111111111111111111111011111111011101110111111111111111111111111111111111111111111111, 11111111111111111111111011111111111111111111111111111111111111111011111111111111111111111111111111111111111111111111111111111111, 11111111111111111111111111111111111111111111111111111111111111111111111111111111111110111111111110111111111111111101111111011111, 11111111111111111111111111111111111111111111111111111111111111111111111111111111111111111111111110111111111111111101111111111111, 11111111111111111111111011111111111111111111111111111111111111111111111111111111111111111110111111111111111111111111111111111111, 11111111111111111110111111111111111111111111111111101111111111111111111111110111111111111111111111111111111111111111111111111111]
electre;3.0;[[37.98389589 44.21842319 41.10608445 39.42917666]];1798.9297099963994;126
included;[11111111111111111111111011111111111111111111111111111111101111111111111110111111111111111111111111111111111111111111111111111111, 11111011111111111111111011111111111111111111111111111111101111111111111111111111111111111111111111111111111111111111111111111111, 11111111111111111111111011111111111111111111111111111111101111111111111111111111111111111111111111111111111111111111111111111111, 11111111111111111111111011111111111111111111111111111111101111111111111111111111111111111111111111111111111111111111111111111111, 11111111111110111111111011111111111111111111111111111111111111111111111111011101110110111111111111111111111111111111111111111111, 11111111111111111111111011111111111111111111111111111111111111111111111111111111111111111111111111111111111111111111011111111111, 11111111111111111111111011111111111111111111111111111111111111111111111111111111111111111111111111111111111111111111111111111111, 11111111111110111111111011111111111111111111111111111111111111111011111111011101110111111111111111111111111111111111111111111111, 11111111111111111111111011111111111111111111111111111111111111111011111111111111111111111111111111111111111111111111111111111111, 11111111111111111111111111111111111111111111111111111111111111111111111111111111111110111111111110111111111111111101111111011111, 11111111111111111111111111111111111111111111111111111111111111111111111111111111111111111111111110111111111111111101111111111111, 11111111111111111111111011111111111111111111111111111111111111111111111111111111111111111110111111111111111111111111111111111111, 11111111111111111110111111111111111111111111111111101111111111111111111111110111111111111111111111111111111111111111111111111111]
electre;1.0;[[38.08389589 44.46179749 40.94569339 39.5187856 ]];1822.2618686198425;126
included;[11111111111111111111111011111111111111111111111111111111101111111111111110111111111111111111111111111111111111111111111111111111, 11111011111111111111111011111111111111111111111111111111101111111111111111111111111111111111111111111111111111111111111111111111, 11111111111111111111111011111111111111111111111111111111101111111111111111111111111111111111111111111111111111111111111111111111, 11111111111111111111111011111111111111111111111111111111101111111111111111111111111111111111111111111111111111111111111111111111, 11111111111110111111111011111111111111111111111111111111111111111111111111011101110110111111111111111111111111111111111111111111, 11111111111111111111111011111111111111111111111111111111111111111111111111111111111111111111111111111111111111111111011111111111, 11111111111111111111111011111111111111111111111111111111111111111111111111111111111111111111111111111111111111111111111111111111, 11111111111110111111111011111111111111111111111111111111111111111011111111011101110111111111111111111111111111111111111111111111, 11111111111111111111111011111111111111111111111111111111111111111011111111111111111111111111111111111111111111111111111111111111, 11111111111111111111111111111111111111111111111111111111111111111111111111111111111110111111111110111111111111111101111111011111, 11111111111111111111111111111111111111111111111111111111111111111111111111111111111111111111111110111111111111111101111111111111, 11111111111111111111111011111111111111111111111111111111111111111111111111111111111111111110111111111111111111111111111111111111, 11111111111111111110111111111111111111111111111111101111111111111111111111110111111111111111111111111111111111111111111111111111]
electre;-7.0;[[35.77668022 44.68834011 40.72668022 41.28834011]];1854.1449739748123;122
included;[11111111111111111111111011111111111111111111111111111111101111111111111110111111111111111111111111111111111111111111111111111111, 11111011111111111111111011111111111111111111111111111111101111111111111111111111111111111111111111111111111111111111111111111111, 11111111111111111111111011111111111111111111111111111111101111111111111111111111111111111111111111111111111111111111111111111111, 11111111111111111111111011111111111111111111111111111111101111111111111111111111111111111111111111111111111111111111111111111111, 11111111111110111111111011111111111111111111111111111111111111111111111111011101110110111111111111111111111111111111111111111111, 11111111111111111111111011111111111111111111111111111111111111111111111111111111111111111111111111111111111111111111011111111111, 11111111111111111111111011111111111111111111111111111111111111111111111111111111111111111111111111111111111111111111111111111111, 11111111111110111111111011111111111111111111111111111111111111111011111111011101110111111111111111111111111111111111111111111111, 11111111111111111111111011111111111111111111111111111111111111111011111111111111111111111111111111111111111111111111111111111111, 11111111111111111111111111111111111111111111111111111111111111111111111111111111111110111111111110111111111111111101111111011111, 11111111111111111111111111111111111111111111111111111111111111111111111111111111111111111111111110111111111111111101111111111111, 11111111111111111111111011111111111111111111111111111111111111111111111111111111111111111110111111111111111111111111111111111111, 11111111111111111110111111111111111111111111111111101111111111111111111111110111111111111111111111111111111111111111111111111111]
electre;5.0;[[38.6128984 43.914492  40.95      39.65     ]];1853.2072694706237;126
included;[11111111111111111111111011111111111111111111111111111111101111111111111110111111111111111111111111111111111111111111111111111111, 11111011111111111111111011111111111111111111111111111111101111111111111111111111111111111111111111111111111111111111111111111111, 11111111111111111111111011111111111111111111111111111111101111111111111111111111111111111111111111111111111111111111111111111111, 11111111111111111111111011111111111111111111111111111111101111111111111111111111111111111111111111111111111111111111111111111111, 11111111111110111111111011111111111111111111111111111111111111111111111111011101110110111111111111111111111111111111111111111111, 11111111111111111111111011111111111111111111111111111111111111111111111111111111111111111111111111111111111111111111011111111111, 11111111111111111111111011111111111111111111111111111111111111111111111111111111111111111111111111111111111111111111111111111111, 11111111111110111111111011111111111111111111111111111111111111111011111111011101110111111111111111111111111111111111111111111111, 11111111111111111111111011111111111111111111111111111111111111111011111111111111111111111111111111111111111111111111111111111111, 11111111111111111111111111111111111111111111111111111111111111111111111111111111111110111111111110111111111111111101111111011111, 11111111111111111111111111111111111111111111111111111111111111111111111111111111111111111111111110111111111111111101111111111111, 11111111111111111111111011111111111111111111111111111111111111111111111111111111111111111110111111111111111111111111111111111111, 11111111111111111110111111111111111111111111111111101111111111111111111111110111111111111111111111111111111111111111111111111111]
electre;12.0;[[38.7  43.55 40.5  39.3 ]];1850.8700000000003;127
included;[11111111111111111111111011111111111111111111111111111111101111111111111110111111111111111111111111111111111111111111111111111111, 11111011111111111111111011111111111111111111111111111111101111111111111111111111111111111111111111111111111111111111111111111111, 11111111111111111111111011111111111111111111111111111111101111111111111111111111111111111111111111111111111111111111111111111111, 11111111111111111111111011111111111111111111111111111111101111111111111111111111111111111111111111111111111111111111111111111111, 11111111111110111111111011111111111111111111111111111111111111111111111111011101110110111111111111111111111111111111111111111111, 11111111111111111111111011111111111111111111111111111111111111111111111111111111111111111111111111111111111111111111011111111111, 11111111111111111111111011111111111111111111111111111111111111111111111111111111111111111111111111111111111111111111111111111111, 11111111111110111111111011111111111111111111111111111111111111111011111111011101110111111111111111111111111111111111111111111111, 11111111111111111111111011111111111111111111111111111111111111111011111111111111111111111111111111111111111111111111111111111111, 11111111111111111111111111111111111111111111111111111111111111111111111111111111111110111111111110111111111111111101111111011111, 11111111111111111111111111111111111111111111111111111111111111111111111111111111111111111111111110111111111111111101111111111111, 11111111111111111111111011111111111111111111111111111111111111111111111111111111111111111110111111111111111111111111111111111111, 11111111111111111110111111111111111111111111111111101111111111111111111111110111111111111111111111111111111111111111111111111111]
electre;2.0;[[37.42668022 43.98834011 41.62668022 40.98834011]];1849.2049739748127;122
included;[11111111111111111111111011111111111111111111111111111111101111111111111110111111111111111111111111111111111111111111111111111111, 11111011111111111111111011111111111111111111111111111111101111111111111111111111111111111111111111111111111111111111111111111111, 11111111111111111111111011111111111111111111111111111111101111111111111111111111111111111111111111111111111111111111111111111111, 11111111111111111111111011111111111111111111111111111111101111111111111111111111111111111111111111111111111111111111111111111111, 11111111111110111111111011111111111111111111111111111111111111111111111111011101110110111111111111111111111111111111111111111111, 11111111111111111111111011111111111111111111111111111111111111111111111111111111111111111111111111111111111111111111011111111111, 11111111111111111111111011111111111111111111111111111111111111111111111111111111111111111111111111111111111111111111111111111111, 11111111111110111111111011111111111111111111111111111111111111111011111111011101110111111111111111111111111111111111111111111111, 11111111111111111111111011111111111111111111111111111111111111111011111111111111111111111111111111111111111111111111111111111111, 11111111111111111111111111111111111111111111111111111111111111111111111111111111111110111111111110111111111111111101111111011111, 11111111111111111111111111111111111111111111111111111111111111111111111111111111111111111111111110111111111111111101111111111111, 11111111111111111111111011111111111111111111111111111111111111111111111111111111111111111110111111111111111111111111111111111111, 11111111111111111110111111111111111111111111111111101111111111111111111111110111111111111111111111111111111111111111111111111111]
electre;9.0;[[38.4128984 43.964492  40.55      39.       ]];1852.7272694706237;126
included;[11111111111111111111111011111111111111111111111111111111101111111111111110111111111111111111111111111111111111111111111111111111, 11111011111111111111111011111111111111111111111111111111101111111111111111111111111111111111111111111111111111111111111111111111, 11111111111111111111111011111111111111111111111111111111101111111111111111111111111111111111111111111111111111111111111111111111, 11111111111111111111111011111111111111111111111111111111101111111111111111111111111111111111111111111111111111111111111111111111, 11111111111110111111111011111111111111111111111111111111111111111111111111011101110110111111111111111111111111111111111111111111, 11111111111111111111111011111111111111111111111111111111111111111111111111111111111111111111111111111111111111111111011111111111, 11111111111111111111111011111111111111111111111111111111111111111111111111111111111111111111111111111111111111111111111111111111, 11111111111110111111111011111111111111111111111111111111111111111011111111011101110111111111111111111111111111111111111111111111, 11111111111111111111111011111111111111111111111111111111111111111011111111111111111111111111111111111111111111111111111111111111, 11111111111111111111111111111111111111111111111111111111111111111111111111111111111110111111111110111111111111111101111111011111, 11111111111111111111111111111111111111111111111111111111111111111111111111111111111111111111111110111111111111111101111111111111, 11111111111111111111111011111111111111111111111111111111111111111111111111111111111111111110111111111111111111111111111111111111, 11111111111111111110111111111111111111111111111111101111111111111111111111110111111111111111111111111111111111111111111111111111]
electre;-4.0;[[36.15 44.15 43.   41.25]];1853.8700000000003;124
included;[11111111111111111111111011111111111111111111111111111111101111111111111110111111111111111111111111111111111111111111111111111111, 11111011111111111111111011111111111111111111111111111111101111111111111111111111111111111111111111111111111111111111111111111111, 11111111111111111111111011111111111111111111111111111111101111111111111111111111111111111111111111111111111111111111111111111111, 11111111111111111111111011111111111111111111111111111111101111111111111111111111111111111111111111111111111111111111111111111111, 11111111111110111111111011111111111111111111111111111111111111111111111111011101110110111111111111111111111111111111111111111111, 11111111111111111111111011111111111111111111111111111111111111111111111111111111111111111111111111111111111111111111011111111111, 11111111111111111111111011111111111111111111111111111111111111111111111111111111111111111111111111111111111111111111111111111111, 11111111111110111111111011111111111111111111111111111111111111111011111111011101110111111111111111111111111111111111111111111111, 11111111111111111111111011111111111111111111111111111111111111111011111111111111111111111111111111111111111111111111111111111111, 11111111111111111111111111111111111111111111111111111111111111111111111111111111111110111111111110111111111111111101111111011111, 11111111111111111111111111111111111111111111111111111111111111111111111111111111111111111111111110111111111111111101111111111111, 11111111111111111111111011111111111111111111111111111111111111111111111111111111111111111110111111111111111111111111111111111111, 11111111111111111110111111111111111111111111111111101111111111111111111111110111111111111111111111111111111111111111111111111111]
electre;-11.0;[[37.35 45.35 42.55 41.15]];1854.14;126
included;[11111111111111111111111011111111111111111111111111111111101111111111111110111111111111111111111111111111111111111111111111111111, 11111011111111111111111011111111111111111111111111111111101111111111111111111111111111111111111111111111111111111111111111111111, 11111111111111111111111011111111111111111111111111111111101111111111111111111111111111111111111111111111111111111111111111111111, 11111111111111111111111011111111111111111111111111111111101111111111111111111111111111111111111111111111111111111111111111111111, 11111111111110111111111011111111111111111111111111111111111111111111111111011101110110111111111111111111111111111111111111111111, 11111111111111111111111011111111111111111111111111111111111111111111111111111111111111111111111111111111111111111111011111111111, 11111111111111111111111011111111111111111111111111111111111111111111111111111111111111111111111111111111111111111111111111111111, 11111111111110111111111011111111111111111111111111111111111111111011111111011101110111111111111111111111111111111111111111111111, 11111111111111111111111011111111111111111111111111111111111111111011111111111111111111111111111111111111111111111111111111111111, 11111111111111111111111111111111111111111111111111111111111111111111111111111111111110111111111110111111111111111101111111011111, 11111111111111111111111111111111111111111111111111111111111111111111111111111111111111111111111110111111111111111101111111111111, 11111111111111111111111011111111111111111111111111111111111111111111111111111111111111111110111111111111111111111111111111111111, 11111111111111111110111111111111111111111111111111101111111111111111111111110111111111111111111111111111111111111111111111111111]
electre;-4.0;[[39.3128984 45.114492  41.4       38.7      ]];1852.957269470624;126
included;[11111111111111111111111011111111111111111111111111111111101111111111111110111111111111111111111111111111111111111111111111111111, 11111011111111111111111011111111111111111111111111111111101111111111111111111111111111111111111111111111111111111111111111111111, 11111111111111111111111011111111111111111111111111111111101111111111111111111111111111111111111111111111111111111111111111111111, 11111111111111111111111011111111111111111111111111111111101111111111111111111111111111111111111111111111111111111111111111111111, 11111111111110111111111011111111111111111111111111111111111111111111111111011101110110111111111111111111111111111111111111111111, 11111111111111111111111011111111111111111111111111111111111111111111111111111111111111111111111111111111111111111111011111111111, 11111111111111111111111011111111111111111111111111111111111111111111111111111111111111111111111111111111111111111111111111111111, 11111111111110111111111011111111111111111111111111111111111111111011111111011101110111111111111111111111111111111111111111111111, 11111111111111111111111011111111111111111111111111111111111111111011111111111111111111111111111111111111111111111111111111111111, 11111111111111111111111111111111111111111111111111111111111111111111111111111111111110111111111110111111111111111101111111011111, 11111111111111111111111111111111111111111111111111111111111111111111111111111111111111111111111110111111111111111101111111111111, 11111111111111111111111011111111111111111111111111111111111111111111111111111111111111111110111111111111111111111111111111111111, 11111111111111111110111111111111111111111111111111101111111111111111111111110111111111111111111111111111111111111111111111111111]
electre;-1.0;[[37.55 43.8  42.95 42.05]];1851.0700000000004;125
included;[11111111111111111111111011111111111111111111111111111111101111111111111110111111111111111111111111111111111111111111111111111111, 11111011111111111111111011111111111111111111111111111111101111111111111111111111111111111111111111111111111111111111111111111111, 11111111111111111111111011111111111111111111111111111111101111111111111111111111111111111111111111111111111111111111111111111111, 11111111111111111111111011111111111111111111111111111111101111111111111111111111111111111111111111111111111111111111111111111111, 11111111111110111111111011111111111111111111111111111111111111111111111111011101110110111111111111111111111111111111111111111111, 11111111111111111111111011111111111111111111111111111111111111111111111111111111111111111111111111111111111111111111011111111111, 11111111111111111111111011111111111111111111111111111111111111111111111111111111111111111111111111111111111111111111111111111111, 11111111111110111111111011111111111111111111111111111111111111111011111111011101110111111111111111111111111111111111111111111111, 11111111111111111111111011111111111111111111111111111111111111111011111111111111111111111111111111111111111111111111111111111111, 11111111111111111111111111111111111111111111111111111111111111111111111111111111111110111111111110111111111111111101111111011111, 11111111111111111111111111111111111111111111111111111111111111111111111111111111111111111111111110111111111111111101111111111111, 11111111111111111111111011111111111111111111111111111111111111111111111111111111111111111110111111111111111111111111111111111111, 11111111111111111110111111111111111111111111111111101111111111111111111111110111111111111111111111111111111111111111111111111111]
