#search;maxiter
8.768081665039062
[[80.43646942 75.06970449 76.72959303 75.70088263]
 [78.51123219 77.29958032 77.33627195 73.08693225]
 [80.18646942 74.56970449 76.97959303 75.80088263]
 [78.50460889 75.81819161 77.69139997 74.87452356]
 [75.45865077 75.69988786 79.57209825 72.34949295]
 [77.83682685 74.92209432 78.27025208 73.21762649]
 [79.45       74.75       78.7        76.        ]
 [80.53646942 74.21970449 76.47959303 75.30088263]
 [81.03646942 73.81970449 76.47959303 75.60088263]
 [78.93632505 73.89900762 79.62081506 73.71051251]
 [79.85215444 75.56271018 77.58487902 77.05220529]
 [78.7        74.55       78.95       75.75      ]
 [78.55       74.85       79.2        76.25      ]
 [79.6        74.6        78.9        77.        ]
 [79.93646942 75.06970449 77.12959303 75.80088263]
 [81.13646942 73.81970449 75.92959303 75.00088263]]
budget;3877.69;3881.91;3884.31;3882.30;3876.11;3890.48;3880.00;3887.74;3889.53;3887.33;3883.02;3868.61;3866.55;3882.90;3886.63;3888.68
size;237;246;237;242;240;251;238;234;236;245;246;237;237;238;237;237
w;1
#search;maxiter
14.316051006317139
[[80.43646942 75.06970449 76.72959303 75.70088263]
 [78.51123219 77.29958032 77.33627195 73.08693225]
 [80.18646942 74.56970449 76.97959303 75.80088263]
 [78.50460889 75.81819161 77.69139997 74.87452356]
 [75.45865077 75.69988786 79.57209825 72.34949295]
 [77.83682685 74.92209432 78.27025208 73.21762649]
 [79.45       74.75       78.7        76.        ]
 [80.53646942 74.21970449 76.47959303 75.30088263]
 [81.03646942 73.81970449 76.47959303 75.60088263]
 [78.93632505 73.89900762 79.62081506 73.71051251]
 [79.85215444 75.56271018 77.58487902 77.05220529]
 [78.7        74.55       78.95       75.75      ]
 [78.55       74.85       79.2        76.25      ]
 [79.6        74.6        78.9        77.        ]
 [79.93646942 75.06970449 77.12959303 75.80088263]
 [81.13646942 73.81970449 75.92959303 75.00088263]]
budget;3877.69;3881.91;3884.31;3882.30;3876.11;3890.48;3880.00;3887.74;3889.53;3887.33;3883.02;3868.61;3866.55;3882.90;3886.63;3888.68
size;237;246;237;242;240;251;238;234;236;245;246;237;237;238;237;237
w;2
#search;maxiter
20.281684398651123
[[80.43646942 75.06970449 76.72959303 75.70088263]
 [78.51123219 77.29958032 77.33627195 73.08693225]
 [80.18646942 74.56970449 76.97959303 75.80088263]
 [78.50460889 75.81819161 77.69139997 74.87452356]
 [75.45865077 75.69988786 79.57209825 72.34949295]
 [77.83682685 74.92209432 78.27025208 73.21762649]
 [79.45       74.75       78.7        76.        ]
 [80.53646942 74.21970449 76.47959303 75.30088263]
 [81.03646942 73.81970449 76.47959303 75.60088263]
 [78.93632505 73.89900762 79.62081506 73.71051251]
 [79.85215444 75.56271018 77.58487902 77.05220529]
 [78.7        74.55       78.95       75.75      ]
 [78.55       74.85       79.2        76.25      ]
 [79.6        74.6        78.9        77.        ]
 [79.93646942 75.06970449 77.12959303 75.80088263]
 [81.13646942 73.81970449 75.92959303 75.00088263]]
budget;3877.69;3881.91;3884.31;3882.30;3876.11;3890.48;3880.00;3887.74;3889.53;3887.33;3883.02;3868.61;3866.55;3882.90;3886.63;3888.68
size;237;246;237;242;240;251;238;234;236;245;246;237;237;238;237;237
#search;maxiter
w;4
#search;maxiter
31.588613271713257
[[80.43646942 75.06970449 76.72959303 75.70088263]
 [78.51123219 77.29958032 77.33627195 73.08693225]
 [80.18646942 74.56970449 76.97959303 75.80088263]
 [78.50460889 75.81819161 77.69139997 74.87452356]
 [75.45865077 75.69988786 79.57209825 72.34949295]
 [77.83682685 74.92209432 78.27025208 73.21762649]
 [79.45       74.75       78.7        76.        ]
 [80.53646942 74.21970449 76.47959303 75.30088263]
 [81.03646942 73.81970449 76.47959303 75.60088263]
 [78.93632505 73.89900762 79.62081506 73.71051251]
 [79.85215444 75.56271018 77.58487902 77.05220529]
 [78.7        74.55       78.95       75.75      ]
 [78.55       74.85       79.2        76.25      ]
 [79.6        74.6        78.9        77.        ]
 [79.93646942 75.06970449 77.12959303 75.80088263]
 [81.13646942 73.81970449 75.92959303 75.00088263]]
budget;3877.69;3881.91;3884.31;3882.30;3876.11;3890.48;3880.00;3887.74;3889.53;3887.33;3883.02;3868.61;3866.55;3882.90;3886.63;3888.68
size;237;246;237;242;240;251;238;234;236;245;246;237;237;238;237;237
#search;maxiter
#search;maxiter
#clust;conv1;size20;goal10
#search;maxiter
w;8
#clust;conv2;size20;goal10
#search;maxiter
60.99833941459656
[[80.29950373 75.42302208 77.6098958  75.08440582]
 [80.05       75.5        79.55       76.85      ]
 [77.3926312  78.01988766 78.93516926 76.27561272]
 [78.93632505 73.89900762 79.62081506 73.71051251]
 [79.85215444 75.56271018 77.58487902 77.05220529]
 [77.18007955 77.78378564 78.03787488 76.53565345]
 [80.13408678 76.1283304  78.8697555  74.18769069]
 [80.4        75.15       79.5        77.7       ]
 [78.83434972 77.81269259 80.24473799 75.47963971]]
budget;3891.09;3890.77;3891.15;3887.33;3883.02;3891.15;3891.04;3889.16;3891.20
size;253;255;254;245;246;255;253;255;254
#added;1
#search;maxiter
#added;1
#search;maxiter
#added;1
#search;maxiter
#search;maxiter
#search;maxiter
#search;maxiter
#search;maxiter
w;16
#search;maxiter
101.29699563980103
[[81.85       76.2        82.8        77.3       ]
 [80.65082265 77.97705662 82.40411324 77.15082265]
 [82.55       75.9        82.         77.65      ]
 [80.54172022 77.70860108 83.65860108 77.22930054]
 [80.80082265 77.67705662 82.65411324 77.40082265]
 [82.45082265 79.17705662 82.35411324 81.05082265]
 [81.35082265 79.72705662 82.20411324 80.10082265]
 [83.05082265 80.22705662 81.05411324 80.45082265]
 [82.25082265 79.37705662 81.15411324 79.15082265]
 [81.35082265 76.97705662 83.05411324 78.20082265]
 [79.4        77.35       83.9        76.55      ]
 [81.15082265 78.07705662 82.75411324 76.60082265]
 [79.95       78.         82.9        76.5       ]]
budget;3890.60;3888.35;3887.10;3890.39;3889.07;3887.10;3889.50;3889.75;3891.19;3890.39;3889.78;3889.91;3890.39
size;250;252;249;252;252;254;255;255;255;252;251;253;252
#search;maxiter
#search;maxiter
#search;maxiter
#search;maxiter
#search;maxiter
#search;maxiter
#search;maxiter
#search;maxiter
#search;maxiter
#search;maxiter
#search;maxiter
#search;maxiter
#search;maxiter
#search;maxiter
#search;maxiter
w;32
#search;maxiter
176.34276723861694
[[81.85       76.2        82.8        77.3       ]
 [80.65082265 77.97705662 82.40411324 77.15082265]
 [82.60082265 78.82705662 81.70411324 76.95082265]
 [80.54172022 77.70860108 83.65860108 77.22930054]
 [80.80082265 77.67705662 82.65411324 77.40082265]
 [82.45082265 79.17705662 82.35411324 81.05082265]
 [82.55       79.35       82.4        77.65      ]
 [81.40082265 76.06371624 82.78741134 78.53748227]
 [81.35082265 79.72705662 82.20411324 80.10082265]
 [83.05082265 80.22705662 81.05411324 80.45082265]
 [82.25082265 79.37705662 81.15411324 79.15082265]
 [81.35082265 76.97705662 83.05411324 78.20082265]
 [79.4        77.35       83.9        76.55      ]
 [81.15082265 78.07705662 82.75411324 76.60082265]
 [79.95       78.         82.9        76.5       ]]
budget;3890.60;3888.35;3888.25;3890.39;3889.07;3887.10;3890.79;3889.86;3889.50;3889.75;3891.19;3890.39;3889.78;3889.91;3890.39
size;250;252;245;252;252;254;255;251;255;255;255;252;251;253;252
#search;maxiter
#search;maxiter
#search;maxiter
#search;maxiter
#search;maxiter
#search;maxiter
#search;maxiter
#search;maxiter
#search;maxiter
#search;maxiter
#search;maxiter
#search;maxiter
#search;maxiter
#search;maxiter
#search;maxiter
#search;maxiter
#search;maxiter
#search;maxiter
#search;maxiter
#search;maxiter
#search;maxiter
#search;maxiter
#search;maxiter
#shake;stall
usage;shake;swapRandom=18
usage;shake;swapQuarter=11
usage;shake;swapThird=6
usage;shake;swapHalf=8
usage;shake;swapGroup=12
usage;shake;incrMin=7
usage;shake;incrMax=8
usage;shake;incrRnd=5
usage;shake;rndMin=15
usage;shake;rndMax=5
usage;shake;rndRnd=8
usage;shake;liftIncr=2
usage;shake;liftRnd=5
usage;search;swapOne=19
usage;search;inclRndMin=21
usage;search;inclRndMax=34
usage;search;inclRndRnd=17
usage;search;inclLowMin=10
usage;search;inclLowMax=20
usage;search;inclLowRnd=33
usage;search;inclHighMin=22
usage;search;inclHighMax=20
usage;search;inclHighRnd=19
usage;search;fundAtMin=18
usage;search;fundAtMax=17
usage;search;fundAtRnd=20
usage;search;exclRnd=26
usage;search;exclLow=22
usage;search;exclHigh=27
usage;search;inflGrMin=10
usage;search;inflGrMax=20
usage;search;inflGrRnd=13
usage;search;deflGrMin=17
usage;search;deflGrMax=24
usage;search;deflGrRnd=52
usage;search;exchGrMin=24
usage;search;exchGrMax=27
usage;search;exchGrRnd=28
usage;search;incrMin=66
usage;search;incrMax=72
usage;search;incrRnd=57
usage;search;rndMin=60
usage;search;rndMax=53
usage;search;rndRnd=81
usage;search;liftIncr=84
usage;search;liftRnd=87
end;296.932/448;54/64;26/26
electre;1.0;[[81.85 76.2  82.8  77.3 ]];3890.5999999999995;250
included;[1111111111111111111111111110111111111111111111111110111111111111111111111111111111111111111111111111111111111111111111111111111111111111111111111111101111011111111111111111111111110111111111111111111111111111111111111111111111111111111111111111110111111111, 1111111111111111111111111110111111111111111111111111111111111111111111111111111111111111111111111111111111111111111111111011111111111111111111111111111111111111111111111111101111111111111111111111111111111111111111111111111111111111111111111111110111111111, 1111111111011111110111111111111111011111111111101111111011111111111111111111011111111111111111111111111101111111111111111111101111101111111111111111111111111111111111111110111111111111111111111111111111111111111111111111111111111111101111111111111111111111, 1111101111111111111111111110111111111111111111111111111111111111111111111111111111111111111111111111111111111111111111111111111111111111111111111111111111111111111111111111111111111111111111111111011111111111111111111111111111111111111111111111110111111111, 1111111111111111111111111110111111111111111111111111111111111111111111111111111111111111111111111111111111111111111111111011111111111111111111111111111111111111111111111111111111111111111111111111111111111111111111111111111111111101111111111111110111111111, 1111111111111111111111111111111111111111111111111111111111111111111111111110111111111111111111111111111111111111111111111011111111111111111111111111111111111111111111111111111111111111111111111111111111111111111111111111111111111111111111111111111111111111, 1111111111111111111111111111111111111111111111111111111111111111111111111111111111111111111111111111111111111111111111111111111111111111111111111111111111111111111111111111111111111111111111111111111111111111111111111111111110111111111111111111111111111111, 1111111111111111111111111111111111111111111111111111111111111111111111111111111111111111111111111111011111111111111111111111111111111111101111111111111111111111111111111111111111111111111011111111111111111111110111111111111111111111111111111111111111111101, 1111111111111111111111111111111111111111111111111111111111111111111111111111111111111111111111111111111111111111111111111111111111111111111111111111111111111111111111111111111111111111111111111111011111111111111111111111111111111111111111111111111111111111, 1111111111111111111111111111111111111111111111111111111111111111111111111111111111111111111111111111111111111111111111111111111111111111111111111111111111111111111111111111111111111111111111111111011111111111111111111111111111111111111111111111111111111111, 1111111111111111111111111111111111111111111111111111111111111111111111111111111111111111111111111111111111111111111111111111111111111111111111111111111111111111111111111111111111111111111111111111011111111111111111111111111111111111111111111111111111111111, 1111111111111111111111111110111111111111111111111111111111111111111111111111111111111111111111111111111111111111111111111011111111111111111111111111111111111111111111111111111111111111111111111111011111111111111111111111111111111111111111111111110111111111, 1111101111111111111111111110111111111111111111111111111111111111111111111111111111111111111101111111111111111111111111111111111111111111111111111111111111111111111111111111111111111111011111111111111111111111111111111111111111111111111111111110111111111111, 1111111111111111111111111110111111111111111111111111111111111111111111111111111111111111111111111111111111111111111111111111111111111111111111111111111111111111111111111111111111111111111111111111111111111111111111111111111111111111111111111111110111111101, 1111101111111111111111111110111111111111111111111111111111111111111111111111111111111111111111111111111111111111111101111111111111111111111111111111111111111111111111111111111111111111111111111111111111110111111111111111111111111111111111111111111111111111]
electre;7.0;[[80.65082265 77.97705662 82.40411324 77.15082265]];3888.3532289383375;252
included;[1111111111111111111111111110111111111111111111111110111111111111111111111111111111111111111111111111111111111111111111111111111111111111111111111111101111011111111111111111111111110111111111111111111111111111111111111111111111111111111111111111110111111111, 1111111111111111111111111110111111111111111111111111111111111111111111111111111111111111111111111111111111111111111111111011111111111111111111111111111111111111111111111111101111111111111111111111111111111111111111111111111111111111111111111111110111111111, 1111111111011111110111111111111111011111111111101111111011111111111111111111011111111111111111111111111101111111111111111111101111101111111111111111111111111111111111111110111111111111111111111111111111111111111111111111111111111111101111111111111111111111, 1111101111111111111111111110111111111111111111111111111111111111111111111111111111111111111111111111111111111111111111111111111111111111111111111111111111111111111111111111111111111111111111111111011111111111111111111111111111111111111111111111110111111111, 1111111111111111111111111110111111111111111111111111111111111111111111111111111111111111111111111111111111111111111111111011111111111111111111111111111111111111111111111111111111111111111111111111111111111111111111111111111111111101111111111111110111111111, 1111111111111111111111111111111111111111111111111111111111111111111111111110111111111111111111111111111111111111111111111011111111111111111111111111111111111111111111111111111111111111111111111111111111111111111111111111111111111111111111111111111111111111, 1111111111111111111111111111111111111111111111111111111111111111111111111111111111111111111111111111111111111111111111111111111111111111111111111111111111111111111111111111111111111111111111111111111111111111111111111111111110111111111111111111111111111111, 1111111111111111111111111111111111111111111111111111111111111111111111111111111111111111111111111111011111111111111111111111111111111111101111111111111111111111111111111111111111111111111011111111111111111111110111111111111111111111111111111111111111111101, 1111111111111111111111111111111111111111111111111111111111111111111111111111111111111111111111111111111111111111111111111111111111111111111111111111111111111111111111111111111111111111111111111111011111111111111111111111111111111111111111111111111111111111, 1111111111111111111111111111111111111111111111111111111111111111111111111111111111111111111111111111111111111111111111111111111111111111111111111111111111111111111111111111111111111111111111111111011111111111111111111111111111111111111111111111111111111111, 1111111111111111111111111111111111111111111111111111111111111111111111111111111111111111111111111111111111111111111111111111111111111111111111111111111111111111111111111111111111111111111111111111011111111111111111111111111111111111111111111111111111111111, 1111111111111111111111111110111111111111111111111111111111111111111111111111111111111111111111111111111111111111111111111011111111111111111111111111111111111111111111111111111111111111111111111111011111111111111111111111111111111111111111111111110111111111, 1111101111111111111111111110111111111111111111111111111111111111111111111111111111111111111101111111111111111111111111111111111111111111111111111111111111111111111111111111111111111111011111111111111111111111111111111111111111111111111111111110111111111111, 1111111111111111111111111110111111111111111111111111111111111111111111111111111111111111111111111111111111111111111111111111111111111111111111111111111111111111111111111111111111111111111111111111111111111111111111111111111111111111111111111111110111111101, 1111101111111111111111111110111111111111111111111111111111111111111111111111111111111111111111111111111111111111111101111111111111111111111111111111111111111111111111111111111111111111111111111111111111110111111111111111111111111111111111111111111111111111]
electre;-3.0;[[82.60082265 78.82705662 81.70411324 76.95082265]];3888.253228938336;245
included;[1111111111111111111111111110111111111111111111111110111111111111111111111111111111111111111111111111111111111111111111111111111111111111111111111111101111011111111111111111111111110111111111111111111111111111111111111111111111111111111111111111110111111111, 1111111111111111111111111110111111111111111111111111111111111111111111111111111111111111111111111111111111111111111111111011111111111111111111111111111111111111111111111111101111111111111111111111111111111111111111111111111111111111111111111111110111111111, 1111111111011111110111111111111111011111111111101111111011111111111111111111011111111111111111111111111101111111111111111111101111101111111111111111111111111111111111111110111111111111111111111111111111111111111111111111111111111111101111111111111111111111, 1111101111111111111111111110111111111111111111111111111111111111111111111111111111111111111111111111111111111111111111111111111111111111111111111111111111111111111111111111111111111111111111111111011111111111111111111111111111111111111111111111110111111111, 1111111111111111111111111110111111111111111111111111111111111111111111111111111111111111111111111111111111111111111111111011111111111111111111111111111111111111111111111111111111111111111111111111111111111111111111111111111111111101111111111111110111111111, 1111111111111111111111111111111111111111111111111111111111111111111111111110111111111111111111111111111111111111111111111011111111111111111111111111111111111111111111111111111111111111111111111111111111111111111111111111111111111111111111111111111111111111, 1111111111111111111111111111111111111111111111111111111111111111111111111111111111111111111111111111111111111111111111111111111111111111111111111111111111111111111111111111111111111111111111111111111111111111111111111111111110111111111111111111111111111111, 1111111111111111111111111111111111111111111111111111111111111111111111111111111111111111111111111111011111111111111111111111111111111111101111111111111111111111111111111111111111111111111011111111111111111111110111111111111111111111111111111111111111111101, 1111111111111111111111111111111111111111111111111111111111111111111111111111111111111111111111111111111111111111111111111111111111111111111111111111111111111111111111111111111111111111111111111111011111111111111111111111111111111111111111111111111111111111, 1111111111111111111111111111111111111111111111111111111111111111111111111111111111111111111111111111111111111111111111111111111111111111111111111111111111111111111111111111111111111111111111111111011111111111111111111111111111111111111111111111111111111111, 1111111111111111111111111111111111111111111111111111111111111111111111111111111111111111111111111111111111111111111111111111111111111111111111111111111111111111111111111111111111111111111111111111011111111111111111111111111111111111111111111111111111111111, 1111111111111111111111111110111111111111111111111111111111111111111111111111111111111111111111111111111111111111111111111011111111111111111111111111111111111111111111111111111111111111111111111111011111111111111111111111111111111111111111111111110111111111, 1111101111111111111111111110111111111111111111111111111111111111111111111111111111111111111101111111111111111111111111111111111111111111111111111111111111111111111111111111111111111111011111111111111111111111111111111111111111111111111111111110111111111111, 1111111111111111111111111110111111111111111111111111111111111111111111111111111111111111111111111111111111111111111111111111111111111111111111111111111111111111111111111111111111111111111111111111111111111111111111111111111111111111111111111111110111111101, 1111101111111111111111111110111111111111111111111111111111111111111111111111111111111111111111111111111111111111111101111111111111111111111111111111111111111111111111111111111111111111111111111111111111110111111111111111111111111111111111111111111111111111]
electre;3.0;[[80.54172022 77.70860108 83.65860108 77.22930054]];3890.385345079169;252
included;[1111111111111111111111111110111111111111111111111110111111111111111111111111111111111111111111111111111111111111111111111111111111111111111111111111101111011111111111111111111111110111111111111111111111111111111111111111111111111111111111111111110111111111, 1111111111111111111111111110111111111111111111111111111111111111111111111111111111111111111111111111111111111111111111111011111111111111111111111111111111111111111111111111101111111111111111111111111111111111111111111111111111111111111111111111110111111111, 1111111111011111110111111111111111011111111111101111111011111111111111111111011111111111111111111111111101111111111111111111101111101111111111111111111111111111111111111110111111111111111111111111111111111111111111111111111111111111101111111111111111111111, 1111101111111111111111111110111111111111111111111111111111111111111111111111111111111111111111111111111111111111111111111111111111111111111111111111111111111111111111111111111111111111111111111111011111111111111111111111111111111111111111111111110111111111, 1111111111111111111111111110111111111111111111111111111111111111111111111111111111111111111111111111111111111111111111111011111111111111111111111111111111111111111111111111111111111111111111111111111111111111111111111111111111111101111111111111110111111111, 1111111111111111111111111111111111111111111111111111111111111111111111111110111111111111111111111111111111111111111111111011111111111111111111111111111111111111111111111111111111111111111111111111111111111111111111111111111111111111111111111111111111111111, 1111111111111111111111111111111111111111111111111111111111111111111111111111111111111111111111111111111111111111111111111111111111111111111111111111111111111111111111111111111111111111111111111111111111111111111111111111111110111111111111111111111111111111, 1111111111111111111111111111111111111111111111111111111111111111111111111111111111111111111111111111011111111111111111111111111111111111101111111111111111111111111111111111111111111111111011111111111111111111110111111111111111111111111111111111111111111101, 1111111111111111111111111111111111111111111111111111111111111111111111111111111111111111111111111111111111111111111111111111111111111111111111111111111111111111111111111111111111111111111111111111011111111111111111111111111111111111111111111111111111111111, 1111111111111111111111111111111111111111111111111111111111111111111111111111111111111111111111111111111111111111111111111111111111111111111111111111111111111111111111111111111111111111111111111111011111111111111111111111111111111111111111111111111111111111, 1111111111111111111111111111111111111111111111111111111111111111111111111111111111111111111111111111111111111111111111111111111111111111111111111111111111111111111111111111111111111111111111111111011111111111111111111111111111111111111111111111111111111111, 1111111111111111111111111110111111111111111111111111111111111111111111111111111111111111111111111111111111111111111111111011111111111111111111111111111111111111111111111111111111111111111111111111011111111111111111111111111111111111111111111111110111111111, 1111101111111111111111111110111111111111111111111111111111111111111111111111111111111111111101111111111111111111111111111111111111111111111111111111111111111111111111111111111111111111011111111111111111111111111111111111111111111111111111111110111111111111, 1111111111111111111111111110111111111111111111111111111111111111111111111111111111111111111111111111111111111111111111111111111111111111111111111111111111111111111111111111111111111111111111111111111111111111111111111111111111111111111111111111110111111101, 1111101111111111111111111110111111111111111111111111111111111111111111111111111111111111111111111111111111111111111101111111111111111111111111111111111111111111111111111111111111111111111111111111111111110111111111111111111111111111111111111111111111111111]
electre;7.0;[[80.80082265 77.67705662 82.65411324 77.40082265]];3889.0732289383373;252
included;[1111111111111111111111111110111111111111111111111110111111111111111111111111111111111111111111111111111111111111111111111111111111111111111111111111101111011111111111111111111111110111111111111111111111111111111111111111111111111111111111111111110111111111, 1111111111111111111111111110111111111111111111111111111111111111111111111111111111111111111111111111111111111111111111111011111111111111111111111111111111111111111111111111101111111111111111111111111111111111111111111111111111111111111111111111110111111111, 1111111111011111110111111111111111011111111111101111111011111111111111111111011111111111111111111111111101111111111111111111101111101111111111111111111111111111111111111110111111111111111111111111111111111111111111111111111111111111101111111111111111111111, 1111101111111111111111111110111111111111111111111111111111111111111111111111111111111111111111111111111111111111111111111111111111111111111111111111111111111111111111111111111111111111111111111111011111111111111111111111111111111111111111111111110111111111, 1111111111111111111111111110111111111111111111111111111111111111111111111111111111111111111111111111111111111111111111111011111111111111111111111111111111111111111111111111111111111111111111111111111111111111111111111111111111111101111111111111110111111111, 1111111111111111111111111111111111111111111111111111111111111111111111111110111111111111111111111111111111111111111111111011111111111111111111111111111111111111111111111111111111111111111111111111111111111111111111111111111111111111111111111111111111111111, 1111111111111111111111111111111111111111111111111111111111111111111111111111111111111111111111111111111111111111111111111111111111111111111111111111111111111111111111111111111111111111111111111111111111111111111111111111111110111111111111111111111111111111, 1111111111111111111111111111111111111111111111111111111111111111111111111111111111111111111111111111011111111111111111111111111111111111101111111111111111111111111111111111111111111111111011111111111111111111110111111111111111111111111111111111111111111101, 1111111111111111111111111111111111111111111111111111111111111111111111111111111111111111111111111111111111111111111111111111111111111111111111111111111111111111111111111111111111111111111111111111011111111111111111111111111111111111111111111111111111111111, 1111111111111111111111111111111111111111111111111111111111111111111111111111111111111111111111111111111111111111111111111111111111111111111111111111111111111111111111111111111111111111111111111111011111111111111111111111111111111111111111111111111111111111, 1111111111111111111111111111111111111111111111111111111111111111111111111111111111111111111111111111111111111111111111111111111111111111111111111111111111111111111111111111111111111111111111111111011111111111111111111111111111111111111111111111111111111111, 1111111111111111111111111110111111111111111111111111111111111111111111111111111111111111111111111111111111111111111111111011111111111111111111111111111111111111111111111111111111111111111111111111011111111111111111111111111111111111111111111111110111111111, 1111101111111111111111111110111111111111111111111111111111111111111111111111111111111111111101111111111111111111111111111111111111111111111111111111111111111111111111111111111111111111011111111111111111111111111111111111111111111111111111111110111111111111, 1111111111111111111111111110111111111111111111111111111111111111111111111111111111111111111111111111111111111111111111111111111111111111111111111111111111111111111111111111111111111111111111111111111111111111111111111111111111111111111111111111110111111101, 1111101111111111111111111110111111111111111111111111111111111111111111111111111111111111111111111111111111111111111101111111111111111111111111111111111111111111111111111111111111111111111111111111111111110111111111111111111111111111111111111111111111111111]
electre;-10.0;[[82.45082265 79.17705662 82.35411324 81.05082265]];3887.103228938336;254
included;[1111111111111111111111111110111111111111111111111110111111111111111111111111111111111111111111111111111111111111111111111111111111111111111111111111101111011111111111111111111111110111111111111111111111111111111111111111111111111111111111111111110111111111, 1111111111111111111111111110111111111111111111111111111111111111111111111111111111111111111111111111111111111111111111111011111111111111111111111111111111111111111111111111101111111111111111111111111111111111111111111111111111111111111111111111110111111111, 1111111111011111110111111111111111011111111111101111111011111111111111111111011111111111111111111111111101111111111111111111101111101111111111111111111111111111111111111110111111111111111111111111111111111111111111111111111111111111101111111111111111111111, 1111101111111111111111111110111111111111111111111111111111111111111111111111111111111111111111111111111111111111111111111111111111111111111111111111111111111111111111111111111111111111111111111111011111111111111111111111111111111111111111111111110111111111, 1111111111111111111111111110111111111111111111111111111111111111111111111111111111111111111111111111111111111111111111111011111111111111111111111111111111111111111111111111111111111111111111111111111111111111111111111111111111111101111111111111110111111111, 1111111111111111111111111111111111111111111111111111111111111111111111111110111111111111111111111111111111111111111111111011111111111111111111111111111111111111111111111111111111111111111111111111111111111111111111111111111111111111111111111111111111111111, 1111111111111111111111111111111111111111111111111111111111111111111111111111111111111111111111111111111111111111111111111111111111111111111111111111111111111111111111111111111111111111111111111111111111111111111111111111111110111111111111111111111111111111, 1111111111111111111111111111111111111111111111111111111111111111111111111111111111111111111111111111011111111111111111111111111111111111101111111111111111111111111111111111111111111111111011111111111111111111110111111111111111111111111111111111111111111101, 1111111111111111111111111111111111111111111111111111111111111111111111111111111111111111111111111111111111111111111111111111111111111111111111111111111111111111111111111111111111111111111111111111011111111111111111111111111111111111111111111111111111111111, 1111111111111111111111111111111111111111111111111111111111111111111111111111111111111111111111111111111111111111111111111111111111111111111111111111111111111111111111111111111111111111111111111111011111111111111111111111111111111111111111111111111111111111, 1111111111111111111111111111111111111111111111111111111111111111111111111111111111111111111111111111111111111111111111111111111111111111111111111111111111111111111111111111111111111111111111111111011111111111111111111111111111111111111111111111111111111111, 1111111111111111111111111110111111111111111111111111111111111111111111111111111111111111111111111111111111111111111111111011111111111111111111111111111111111111111111111111111111111111111111111111011111111111111111111111111111111111111111111111110111111111, 1111101111111111111111111110111111111111111111111111111111111111111111111111111111111111111101111111111111111111111111111111111111111111111111111111111111111111111111111111111111111111011111111111111111111111111111111111111111111111111111111110111111111111, 1111111111111111111111111110111111111111111111111111111111111111111111111111111111111111111111111111111111111111111111111111111111111111111111111111111111111111111111111111111111111111111111111111111111111111111111111111111111111111111111111111110111111101, 1111101111111111111111111110111111111111111111111111111111111111111111111111111111111111111111111111111111111111111101111111111111111111111111111111111111111111111111111111111111111111111111111111111111110111111111111111111111111111111111111111111111111111]
electre;-10.0;[[82.55 79.35 82.4  77.65]];3890.789999999999;255
included;[1111111111111111111111111110111111111111111111111110111111111111111111111111111111111111111111111111111111111111111111111111111111111111111111111111101111011111111111111111111111110111111111111111111111111111111111111111111111111111111111111111110111111111, 1111111111111111111111111110111111111111111111111111111111111111111111111111111111111111111111111111111111111111111111111011111111111111111111111111111111111111111111111111101111111111111111111111111111111111111111111111111111111111111111111111110111111111, 1111111111011111110111111111111111011111111111101111111011111111111111111111011111111111111111111111111101111111111111111111101111101111111111111111111111111111111111111110111111111111111111111111111111111111111111111111111111111111101111111111111111111111, 1111101111111111111111111110111111111111111111111111111111111111111111111111111111111111111111111111111111111111111111111111111111111111111111111111111111111111111111111111111111111111111111111111011111111111111111111111111111111111111111111111110111111111, 1111111111111111111111111110111111111111111111111111111111111111111111111111111111111111111111111111111111111111111111111011111111111111111111111111111111111111111111111111111111111111111111111111111111111111111111111111111111111101111111111111110111111111, 1111111111111111111111111111111111111111111111111111111111111111111111111110111111111111111111111111111111111111111111111011111111111111111111111111111111111111111111111111111111111111111111111111111111111111111111111111111111111111111111111111111111111111, 1111111111111111111111111111111111111111111111111111111111111111111111111111111111111111111111111111111111111111111111111111111111111111111111111111111111111111111111111111111111111111111111111111111111111111111111111111111110111111111111111111111111111111, 1111111111111111111111111111111111111111111111111111111111111111111111111111111111111111111111111111011111111111111111111111111111111111101111111111111111111111111111111111111111111111111011111111111111111111110111111111111111111111111111111111111111111101, 1111111111111111111111111111111111111111111111111111111111111111111111111111111111111111111111111111111111111111111111111111111111111111111111111111111111111111111111111111111111111111111111111111011111111111111111111111111111111111111111111111111111111111, 1111111111111111111111111111111111111111111111111111111111111111111111111111111111111111111111111111111111111111111111111111111111111111111111111111111111111111111111111111111111111111111111111111011111111111111111111111111111111111111111111111111111111111, 1111111111111111111111111111111111111111111111111111111111111111111111111111111111111111111111111111111111111111111111111111111111111111111111111111111111111111111111111111111111111111111111111111011111111111111111111111111111111111111111111111111111111111, 1111111111111111111111111110111111111111111111111111111111111111111111111111111111111111111111111111111111111111111111111011111111111111111111111111111111111111111111111111111111111111111111111111011111111111111111111111111111111111111111111111110111111111, 1111101111111111111111111110111111111111111111111111111111111111111111111111111111111111111101111111111111111111111111111111111111111111111111111111111111111111111111111111111111111111011111111111111111111111111111111111111111111111111111111110111111111111, 1111111111111111111111111110111111111111111111111111111111111111111111111111111111111111111111111111111111111111111111111111111111111111111111111111111111111111111111111111111111111111111111111111111111111111111111111111111111111111111111111111110111111101, 1111101111111111111111111110111111111111111111111111111111111111111111111111111111111111111111111111111111111111111101111111111111111111111111111111111111111111111111111111111111111111111111111111111111110111111111111111111111111111111111111111111111111111]
electre;2.0;[[81.40082265 76.06371624 82.78741134 78.53748227]];3889.8553051362637;251
included;[1111111111111111111111111110111111111111111111111110111111111111111111111111111111111111111111111111111111111111111111111111111111111111111111111111101111011111111111111111111111110111111111111111111111111111111111111111111111111111111111111111110111111111, 1111111111111111111111111110111111111111111111111111111111111111111111111111111111111111111111111111111111111111111111111011111111111111111111111111111111111111111111111111101111111111111111111111111111111111111111111111111111111111111111111111110111111111, 1111111111011111110111111111111111011111111111101111111011111111111111111111011111111111111111111111111101111111111111111111101111101111111111111111111111111111111111111110111111111111111111111111111111111111111111111111111111111111101111111111111111111111, 1111101111111111111111111110111111111111111111111111111111111111111111111111111111111111111111111111111111111111111111111111111111111111111111111111111111111111111111111111111111111111111111111111011111111111111111111111111111111111111111111111110111111111, 1111111111111111111111111110111111111111111111111111111111111111111111111111111111111111111111111111111111111111111111111011111111111111111111111111111111111111111111111111111111111111111111111111111111111111111111111111111111111101111111111111110111111111, 1111111111111111111111111111111111111111111111111111111111111111111111111110111111111111111111111111111111111111111111111011111111111111111111111111111111111111111111111111111111111111111111111111111111111111111111111111111111111111111111111111111111111111, 1111111111111111111111111111111111111111111111111111111111111111111111111111111111111111111111111111111111111111111111111111111111111111111111111111111111111111111111111111111111111111111111111111111111111111111111111111111110111111111111111111111111111111, 1111111111111111111111111111111111111111111111111111111111111111111111111111111111111111111111111111011111111111111111111111111111111111101111111111111111111111111111111111111111111111111011111111111111111111110111111111111111111111111111111111111111111101, 1111111111111111111111111111111111111111111111111111111111111111111111111111111111111111111111111111111111111111111111111111111111111111111111111111111111111111111111111111111111111111111111111111011111111111111111111111111111111111111111111111111111111111, 1111111111111111111111111111111111111111111111111111111111111111111111111111111111111111111111111111111111111111111111111111111111111111111111111111111111111111111111111111111111111111111111111111011111111111111111111111111111111111111111111111111111111111, 1111111111111111111111111111111111111111111111111111111111111111111111111111111111111111111111111111111111111111111111111111111111111111111111111111111111111111111111111111111111111111111111111111011111111111111111111111111111111111111111111111111111111111, 1111111111111111111111111110111111111111111111111111111111111111111111111111111111111111111111111111111111111111111111111011111111111111111111111111111111111111111111111111111111111111111111111111011111111111111111111111111111111111111111111111110111111111, 1111101111111111111111111110111111111111111111111111111111111111111111111111111111111111111101111111111111111111111111111111111111111111111111111111111111111111111111111111111111111111011111111111111111111111111111111111111111111111111111111110111111111111, 1111111111111111111111111110111111111111111111111111111111111111111111111111111111111111111111111111111111111111111111111111111111111111111111111111111111111111111111111111111111111111111111111111111111111111111111111111111111111111111111111111110111111101, 1111101111111111111111111110111111111111111111111111111111111111111111111111111111111111111111111111111111111111111101111111111111111111111111111111111111111111111111111111111111111111111111111111111111110111111111111111111111111111111111111111111111111111]
electre;-6.0;[[81.35082265 79.72705662 82.20411324 80.10082265]];3889.503228938336;255
included;[1111111111111111111111111110111111111111111111111110111111111111111111111111111111111111111111111111111111111111111111111111111111111111111111111111101111011111111111111111111111110111111111111111111111111111111111111111111111111111111111111111110111111111, 1111111111111111111111111110111111111111111111111111111111111111111111111111111111111111111111111111111111111111111111111011111111111111111111111111111111111111111111111111101111111111111111111111111111111111111111111111111111111111111111111111110111111111, 1111111111011111110111111111111111011111111111101111111011111111111111111111011111111111111111111111111101111111111111111111101111101111111111111111111111111111111111111110111111111111111111111111111111111111111111111111111111111111101111111111111111111111, 1111101111111111111111111110111111111111111111111111111111111111111111111111111111111111111111111111111111111111111111111111111111111111111111111111111111111111111111111111111111111111111111111111011111111111111111111111111111111111111111111111110111111111, 1111111111111111111111111110111111111111111111111111111111111111111111111111111111111111111111111111111111111111111111111011111111111111111111111111111111111111111111111111111111111111111111111111111111111111111111111111111111111101111111111111110111111111, 1111111111111111111111111111111111111111111111111111111111111111111111111110111111111111111111111111111111111111111111111011111111111111111111111111111111111111111111111111111111111111111111111111111111111111111111111111111111111111111111111111111111111111, 1111111111111111111111111111111111111111111111111111111111111111111111111111111111111111111111111111111111111111111111111111111111111111111111111111111111111111111111111111111111111111111111111111111111111111111111111111111110111111111111111111111111111111, 1111111111111111111111111111111111111111111111111111111111111111111111111111111111111111111111111111011111111111111111111111111111111111101111111111111111111111111111111111111111111111111011111111111111111111110111111111111111111111111111111111111111111101, 1111111111111111111111111111111111111111111111111111111111111111111111111111111111111111111111111111111111111111111111111111111111111111111111111111111111111111111111111111111111111111111111111111011111111111111111111111111111111111111111111111111111111111, 1111111111111111111111111111111111111111111111111111111111111111111111111111111111111111111111111111111111111111111111111111111111111111111111111111111111111111111111111111111111111111111111111111011111111111111111111111111111111111111111111111111111111111, 1111111111111111111111111111111111111111111111111111111111111111111111111111111111111111111111111111111111111111111111111111111111111111111111111111111111111111111111111111111111111111111111111111011111111111111111111111111111111111111111111111111111111111, 1111111111111111111111111110111111111111111111111111111111111111111111111111111111111111111111111111111111111111111111111011111111111111111111111111111111111111111111111111111111111111111111111111011111111111111111111111111111111111111111111111110111111111, 1111101111111111111111111110111111111111111111111111111111111111111111111111111111111111111101111111111111111111111111111111111111111111111111111111111111111111111111111111111111111111011111111111111111111111111111111111111111111111111111111110111111111111, 1111111111111111111111111110111111111111111111111111111111111111111111111111111111111111111111111111111111111111111111111111111111111111111111111111111111111111111111111111111111111111111111111111111111111111111111111111111111111111111111111111110111111101, 1111101111111111111111111110111111111111111111111111111111111111111111111111111111111111111111111111111111111111111101111111111111111111111111111111111111111111111111111111111111111111111111111111111111110111111111111111111111111111111111111111111111111111]
electre;-6.0;[[83.05082265 80.22705662 81.05411324 80.45082265]];3889.753228938336;255
included;[1111111111111111111111111110111111111111111111111110111111111111111111111111111111111111111111111111111111111111111111111111111111111111111111111111101111011111111111111111111111110111111111111111111111111111111111111111111111111111111111111111110111111111, 1111111111111111111111111110111111111111111111111111111111111111111111111111111111111111111111111111111111111111111111111011111111111111111111111111111111111111111111111111101111111111111111111111111111111111111111111111111111111111111111111111110111111111, 1111111111011111110111111111111111011111111111101111111011111111111111111111011111111111111111111111111101111111111111111111101111101111111111111111111111111111111111111110111111111111111111111111111111111111111111111111111111111111101111111111111111111111, 1111101111111111111111111110111111111111111111111111111111111111111111111111111111111111111111111111111111111111111111111111111111111111111111111111111111111111111111111111111111111111111111111111011111111111111111111111111111111111111111111111110111111111, 1111111111111111111111111110111111111111111111111111111111111111111111111111111111111111111111111111111111111111111111111011111111111111111111111111111111111111111111111111111111111111111111111111111111111111111111111111111111111101111111111111110111111111, 1111111111111111111111111111111111111111111111111111111111111111111111111110111111111111111111111111111111111111111111111011111111111111111111111111111111111111111111111111111111111111111111111111111111111111111111111111111111111111111111111111111111111111, 1111111111111111111111111111111111111111111111111111111111111111111111111111111111111111111111111111111111111111111111111111111111111111111111111111111111111111111111111111111111111111111111111111111111111111111111111111111110111111111111111111111111111111, 1111111111111111111111111111111111111111111111111111111111111111111111111111111111111111111111111111011111111111111111111111111111111111101111111111111111111111111111111111111111111111111011111111111111111111110111111111111111111111111111111111111111111101, 1111111111111111111111111111111111111111111111111111111111111111111111111111111111111111111111111111111111111111111111111111111111111111111111111111111111111111111111111111111111111111111111111111011111111111111111111111111111111111111111111111111111111111, 1111111111111111111111111111111111111111111111111111111111111111111111111111111111111111111111111111111111111111111111111111111111111111111111111111111111111111111111111111111111111111111111111111011111111111111111111111111111111111111111111111111111111111, 1111111111111111111111111111111111111111111111111111111111111111111111111111111111111111111111111111111111111111111111111111111111111111111111111111111111111111111111111111111111111111111111111111011111111111111111111111111111111111111111111111111111111111, 1111111111111111111111111110111111111111111111111111111111111111111111111111111111111111111111111111111111111111111111111011111111111111111111111111111111111111111111111111111111111111111111111111011111111111111111111111111111111111111111111111110111111111, 1111101111111111111111111110111111111111111111111111111111111111111111111111111111111111111101111111111111111111111111111111111111111111111111111111111111111111111111111111111111111111011111111111111111111111111111111111111111111111111111111110111111111111, 1111111111111111111111111110111111111111111111111111111111111111111111111111111111111111111111111111111111111111111111111111111111111111111111111111111111111111111111111111111111111111111111111111111111111111111111111111111111111111111111111111110111111101, 1111101111111111111111111110111111111111111111111111111111111111111111111111111111111111111111111111111111111111111101111111111111111111111111111111111111111111111111111111111111111111111111111111111111110111111111111111111111111111111111111111111111111111]
electre;2.0;[[82.25082265 79.37705662 81.15411324 79.15082265]];3891.193228938336;255
included;[1111111111111111111111111110111111111111111111111110111111111111111111111111111111111111111111111111111111111111111111111111111111111111111111111111101111011111111111111111111111110111111111111111111111111111111111111111111111111111111111111111110111111111, 1111111111111111111111111110111111111111111111111111111111111111111111111111111111111111111111111111111111111111111111111011111111111111111111111111111111111111111111111111101111111111111111111111111111111111111111111111111111111111111111111111110111111111, 1111111111011111110111111111111111011111111111101111111011111111111111111111011111111111111111111111111101111111111111111111101111101111111111111111111111111111111111111110111111111111111111111111111111111111111111111111111111111111101111111111111111111111, 1111101111111111111111111110111111111111111111111111111111111111111111111111111111111111111111111111111111111111111111111111111111111111111111111111111111111111111111111111111111111111111111111111011111111111111111111111111111111111111111111111110111111111, 1111111111111111111111111110111111111111111111111111111111111111111111111111111111111111111111111111111111111111111111111011111111111111111111111111111111111111111111111111111111111111111111111111111111111111111111111111111111111101111111111111110111111111, 1111111111111111111111111111111111111111111111111111111111111111111111111110111111111111111111111111111111111111111111111011111111111111111111111111111111111111111111111111111111111111111111111111111111111111111111111111111111111111111111111111111111111111, 1111111111111111111111111111111111111111111111111111111111111111111111111111111111111111111111111111111111111111111111111111111111111111111111111111111111111111111111111111111111111111111111111111111111111111111111111111111110111111111111111111111111111111, 1111111111111111111111111111111111111111111111111111111111111111111111111111111111111111111111111111011111111111111111111111111111111111101111111111111111111111111111111111111111111111111011111111111111111111110111111111111111111111111111111111111111111101, 1111111111111111111111111111111111111111111111111111111111111111111111111111111111111111111111111111111111111111111111111111111111111111111111111111111111111111111111111111111111111111111111111111011111111111111111111111111111111111111111111111111111111111, 1111111111111111111111111111111111111111111111111111111111111111111111111111111111111111111111111111111111111111111111111111111111111111111111111111111111111111111111111111111111111111111111111111011111111111111111111111111111111111111111111111111111111111, 1111111111111111111111111111111111111111111111111111111111111111111111111111111111111111111111111111111111111111111111111111111111111111111111111111111111111111111111111111111111111111111111111111011111111111111111111111111111111111111111111111111111111111, 1111111111111111111111111110111111111111111111111111111111111111111111111111111111111111111111111111111111111111111111111011111111111111111111111111111111111111111111111111111111111111111111111111011111111111111111111111111111111111111111111111110111111111, 1111101111111111111111111110111111111111111111111111111111111111111111111111111111111111111101111111111111111111111111111111111111111111111111111111111111111111111111111111111111111111011111111111111111111111111111111111111111111111111111111110111111111111, 1111111111111111111111111110111111111111111111111111111111111111111111111111111111111111111111111111111111111111111111111111111111111111111111111111111111111111111111111111111111111111111111111111111111111111111111111111111111111111111111111111110111111101, 1111101111111111111111111110111111111111111111111111111111111111111111111111111111111111111111111111111111111111111101111111111111111111111111111111111111111111111111111111111111111111111111111111111111110111111111111111111111111111111111111111111111111111]
electre;-2.0;[[81.35082265 76.97705662 83.05411324 78.20082265]];3890.393228938338;252
included;[1111111111111111111111111110111111111111111111111110111111111111111111111111111111111111111111111111111111111111111111111111111111111111111111111111101111011111111111111111111111110111111111111111111111111111111111111111111111111111111111111111110111111111, 1111111111111111111111111110111111111111111111111111111111111111111111111111111111111111111111111111111111111111111111111011111111111111111111111111111111111111111111111111101111111111111111111111111111111111111111111111111111111111111111111111110111111111, 1111111111011111110111111111111111011111111111101111111011111111111111111111011111111111111111111111111101111111111111111111101111101111111111111111111111111111111111111110111111111111111111111111111111111111111111111111111111111111101111111111111111111111, 1111101111111111111111111110111111111111111111111111111111111111111111111111111111111111111111111111111111111111111111111111111111111111111111111111111111111111111111111111111111111111111111111111011111111111111111111111111111111111111111111111110111111111, 1111111111111111111111111110111111111111111111111111111111111111111111111111111111111111111111111111111111111111111111111011111111111111111111111111111111111111111111111111111111111111111111111111111111111111111111111111111111111101111111111111110111111111, 1111111111111111111111111111111111111111111111111111111111111111111111111110111111111111111111111111111111111111111111111011111111111111111111111111111111111111111111111111111111111111111111111111111111111111111111111111111111111111111111111111111111111111, 1111111111111111111111111111111111111111111111111111111111111111111111111111111111111111111111111111111111111111111111111111111111111111111111111111111111111111111111111111111111111111111111111111111111111111111111111111111110111111111111111111111111111111, 1111111111111111111111111111111111111111111111111111111111111111111111111111111111111111111111111111011111111111111111111111111111111111101111111111111111111111111111111111111111111111111011111111111111111111110111111111111111111111111111111111111111111101, 1111111111111111111111111111111111111111111111111111111111111111111111111111111111111111111111111111111111111111111111111111111111111111111111111111111111111111111111111111111111111111111111111111011111111111111111111111111111111111111111111111111111111111, 1111111111111111111111111111111111111111111111111111111111111111111111111111111111111111111111111111111111111111111111111111111111111111111111111111111111111111111111111111111111111111111111111111011111111111111111111111111111111111111111111111111111111111, 1111111111111111111111111111111111111111111111111111111111111111111111111111111111111111111111111111111111111111111111111111111111111111111111111111111111111111111111111111111111111111111111111111011111111111111111111111111111111111111111111111111111111111, 1111111111111111111111111110111111111111111111111111111111111111111111111111111111111111111111111111111111111111111111111011111111111111111111111111111111111111111111111111111111111111111111111111011111111111111111111111111111111111111111111111110111111111, 1111101111111111111111111110111111111111111111111111111111111111111111111111111111111111111101111111111111111111111111111111111111111111111111111111111111111111111111111111111111111111011111111111111111111111111111111111111111111111111111111110111111111111, 1111111111111111111111111110111111111111111111111111111111111111111111111111111111111111111111111111111111111111111111111111111111111111111111111111111111111111111111111111111111111111111111111111111111111111111111111111111111111111111111111111110111111101, 1111101111111111111111111110111111111111111111111111111111111111111111111111111111111111111111111111111111111111111101111111111111111111111111111111111111111111111111111111111111111111111111111111111111110111111111111111111111111111111111111111111111111111]
electre;9.0;[[79.4  77.35 83.9  76.55]];3889.78;251
included;[1111111111111111111111111110111111111111111111111110111111111111111111111111111111111111111111111111111111111111111111111111111111111111111111111111101111011111111111111111111111110111111111111111111111111111111111111111111111111111111111111111110111111111, 1111111111111111111111111110111111111111111111111111111111111111111111111111111111111111111111111111111111111111111111111011111111111111111111111111111111111111111111111111101111111111111111111111111111111111111111111111111111111111111111111111110111111111, 1111111111011111110111111111111111011111111111101111111011111111111111111111011111111111111111111111111101111111111111111111101111101111111111111111111111111111111111111110111111111111111111111111111111111111111111111111111111111111101111111111111111111111, 1111101111111111111111111110111111111111111111111111111111111111111111111111111111111111111111111111111111111111111111111111111111111111111111111111111111111111111111111111111111111111111111111111011111111111111111111111111111111111111111111111110111111111, 1111111111111111111111111110111111111111111111111111111111111111111111111111111111111111111111111111111111111111111111111011111111111111111111111111111111111111111111111111111111111111111111111111111111111111111111111111111111111101111111111111110111111111, 1111111111111111111111111111111111111111111111111111111111111111111111111110111111111111111111111111111111111111111111111011111111111111111111111111111111111111111111111111111111111111111111111111111111111111111111111111111111111111111111111111111111111111, 1111111111111111111111111111111111111111111111111111111111111111111111111111111111111111111111111111111111111111111111111111111111111111111111111111111111111111111111111111111111111111111111111111111111111111111111111111111110111111111111111111111111111111, 1111111111111111111111111111111111111111111111111111111111111111111111111111111111111111111111111111011111111111111111111111111111111111101111111111111111111111111111111111111111111111111011111111111111111111110111111111111111111111111111111111111111111101, 1111111111111111111111111111111111111111111111111111111111111111111111111111111111111111111111111111111111111111111111111111111111111111111111111111111111111111111111111111111111111111111111111111011111111111111111111111111111111111111111111111111111111111, 1111111111111111111111111111111111111111111111111111111111111111111111111111111111111111111111111111111111111111111111111111111111111111111111111111111111111111111111111111111111111111111111111111011111111111111111111111111111111111111111111111111111111111, 1111111111111111111111111111111111111111111111111111111111111111111111111111111111111111111111111111111111111111111111111111111111111111111111111111111111111111111111111111111111111111111111111111011111111111111111111111111111111111111111111111111111111111, 1111111111111111111111111110111111111111111111111111111111111111111111111111111111111111111111111111111111111111111111111011111111111111111111111111111111111111111111111111111111111111111111111111011111111111111111111111111111111111111111111111110111111111, 1111101111111111111111111110111111111111111111111111111111111111111111111111111111111111111101111111111111111111111111111111111111111111111111111111111111111111111111111111111111111111011111111111111111111111111111111111111111111111111111111110111111111111, 1111111111111111111111111110111111111111111111111111111111111111111111111111111111111111111111111111111111111111111111111111111111111111111111111111111111111111111111111111111111111111111111111111111111111111111111111111111111111111111111111111110111111101, 1111101111111111111111111110111111111111111111111111111111111111111111111111111111111111111111111111111111111111111101111111111111111111111111111111111111111111111111111111111111111111111111111111111111110111111111111111111111111111111111111111111111111111]
electre;0.0;[[81.15082265 78.07705662 82.75411324 76.60082265]];3889.9132289383374;253
included;[1111111111111111111111111110111111111111111111111110111111111111111111111111111111111111111111111111111111111111111111111111111111111111111111111111101111011111111111111111111111110111111111111111111111111111111111111111111111111111111111111111110111111111, 1111111111111111111111111110111111111111111111111111111111111111111111111111111111111111111111111111111111111111111111111011111111111111111111111111111111111111111111111111101111111111111111111111111111111111111111111111111111111111111111111111110111111111, 1111111111011111110111111111111111011111111111101111111011111111111111111111011111111111111111111111111101111111111111111111101111101111111111111111111111111111111111111110111111111111111111111111111111111111111111111111111111111111101111111111111111111111, 1111101111111111111111111110111111111111111111111111111111111111111111111111111111111111111111111111111111111111111111111111111111111111111111111111111111111111111111111111111111111111111111111111011111111111111111111111111111111111111111111111110111111111, 1111111111111111111111111110111111111111111111111111111111111111111111111111111111111111111111111111111111111111111111111011111111111111111111111111111111111111111111111111111111111111111111111111111111111111111111111111111111111101111111111111110111111111, 1111111111111111111111111111111111111111111111111111111111111111111111111110111111111111111111111111111111111111111111111011111111111111111111111111111111111111111111111111111111111111111111111111111111111111111111111111111111111111111111111111111111111111, 1111111111111111111111111111111111111111111111111111111111111111111111111111111111111111111111111111111111111111111111111111111111111111111111111111111111111111111111111111111111111111111111111111111111111111111111111111111110111111111111111111111111111111, 1111111111111111111111111111111111111111111111111111111111111111111111111111111111111111111111111111011111111111111111111111111111111111101111111111111111111111111111111111111111111111111011111111111111111111110111111111111111111111111111111111111111111101, 1111111111111111111111111111111111111111111111111111111111111111111111111111111111111111111111111111111111111111111111111111111111111111111111111111111111111111111111111111111111111111111111111111011111111111111111111111111111111111111111111111111111111111, 1111111111111111111111111111111111111111111111111111111111111111111111111111111111111111111111111111111111111111111111111111111111111111111111111111111111111111111111111111111111111111111111111111011111111111111111111111111111111111111111111111111111111111, 1111111111111111111111111111111111111111111111111111111111111111111111111111111111111111111111111111111111111111111111111111111111111111111111111111111111111111111111111111111111111111111111111111011111111111111111111111111111111111111111111111111111111111, 1111111111111111111111111110111111111111111111111111111111111111111111111111111111111111111111111111111111111111111111111011111111111111111111111111111111111111111111111111111111111111111111111111011111111111111111111111111111111111111111111111110111111111, 1111101111111111111111111110111111111111111111111111111111111111111111111111111111111111111101111111111111111111111111111111111111111111111111111111111111111111111111111111111111111111011111111111111111111111111111111111111111111111111111111110111111111111, 1111111111111111111111111110111111111111111111111111111111111111111111111111111111111111111111111111111111111111111111111111111111111111111111111111111111111111111111111111111111111111111111111111111111111111111111111111111111111111111111111111110111111101, 1111101111111111111111111110111111111111111111111111111111111111111111111111111111111111111111111111111111111111111101111111111111111111111111111111111111111111111111111111111111111111111111111111111111110111111111111111111111111111111111111111111111111111]
electre;6.0;[[79.95 78.   82.9  76.5 ]];3890.39;252
included;[1111111111111111111111111110111111111111111111111110111111111111111111111111111111111111111111111111111111111111111111111111111111111111111111111111101111011111111111111111111111110111111111111111111111111111111111111111111111111111111111111111110111111111, 1111111111111111111111111110111111111111111111111111111111111111111111111111111111111111111111111111111111111111111111111011111111111111111111111111111111111111111111111111101111111111111111111111111111111111111111111111111111111111111111111111110111111111, 1111111111011111110111111111111111011111111111101111111011111111111111111111011111111111111111111111111101111111111111111111101111101111111111111111111111111111111111111110111111111111111111111111111111111111111111111111111111111111101111111111111111111111, 1111101111111111111111111110111111111111111111111111111111111111111111111111111111111111111111111111111111111111111111111111111111111111111111111111111111111111111111111111111111111111111111111111011111111111111111111111111111111111111111111111110111111111, 1111111111111111111111111110111111111111111111111111111111111111111111111111111111111111111111111111111111111111111111111011111111111111111111111111111111111111111111111111111111111111111111111111111111111111111111111111111111111101111111111111110111111111, 1111111111111111111111111111111111111111111111111111111111111111111111111110111111111111111111111111111111111111111111111011111111111111111111111111111111111111111111111111111111111111111111111111111111111111111111111111111111111111111111111111111111111111, 1111111111111111111111111111111111111111111111111111111111111111111111111111111111111111111111111111111111111111111111111111111111111111111111111111111111111111111111111111111111111111111111111111111111111111111111111111111110111111111111111111111111111111, 1111111111111111111111111111111111111111111111111111111111111111111111111111111111111111111111111111011111111111111111111111111111111111101111111111111111111111111111111111111111111111111011111111111111111111110111111111111111111111111111111111111111111101, 1111111111111111111111111111111111111111111111111111111111111111111111111111111111111111111111111111111111111111111111111111111111111111111111111111111111111111111111111111111111111111111111111111011111111111111111111111111111111111111111111111111111111111, 1111111111111111111111111111111111111111111111111111111111111111111111111111111111111111111111111111111111111111111111111111111111111111111111111111111111111111111111111111111111111111111111111111011111111111111111111111111111111111111111111111111111111111, 1111111111111111111111111111111111111111111111111111111111111111111111111111111111111111111111111111111111111111111111111111111111111111111111111111111111111111111111111111111111111111111111111111011111111111111111111111111111111111111111111111111111111111, 1111111111111111111111111110111111111111111111111111111111111111111111111111111111111111111111111111111111111111111111111011111111111111111111111111111111111111111111111111111111111111111111111111011111111111111111111111111111111111111111111111110111111111, 1111101111111111111111111110111111111111111111111111111111111111111111111111111111111111111101111111111111111111111111111111111111111111111111111111111111111111111111111111111111111111011111111111111111111111111111111111111111111111111111111110111111111111, 1111111111111111111111111110111111111111111111111111111111111111111111111111111111111111111111111111111111111111111111111111111111111111111111111111111111111111111111111111111111111111111111111111111111111111111111111111111111111111111111111111110111111101, 1111101111111111111111111110111111111111111111111111111111111111111111111111111111111111111111111111111111111111111101111111111111111111111111111111111111111111111111111111111111111111111111111111111111110111111111111111111111111111111111111111111111111111]
