#clust;conv3;size24;goal10
#search;maxiter
5.444641590118408
[[32.75 40.8  40.3  39.2 ]
 [34.45 39.75 38.95 37.05]
 [34.15 39.55 39.55 35.9 ]
 [34.15 38.8  38.6  37.2 ]
 [34.7  38.95 37.7  38.8 ]
 [33.85 39.75 39.05 38.15]
 [34.45 39.35 38.2  39.25]
 [33.45 39.7  40.   37.95]
 [33.45 38.55 39.05 40.5 ]
 [32.85 40.45 37.1  39.8 ]
 [35.65 39.45 37.35 37.75]
 [34.1  39.55 37.85 39.4 ]
 [34.05 40.05 38.8  38.85]
 [36.6  38.3  38.25 36.5 ]
 [35.5  39.75 38.5  38.45]
 [34.65 40.3  38.5  38.4 ]]
budget;1990.96;1994.99;1995.99;1992.68;1993.96;1994.80;1996.21;1994.80;1994.62;1994.90;1990.11;1993.40;1993.04;1991.58;1991.84;1994.15
size;125;121;121;123;123;122;126;125;124;124;121;126;126;120;123;125
w;1
#search;maxiter
8.50820517539978
[[37.25       40.7        39.8        38.3       ]
 [35.65       41.25       40.35       40.7       ]
 [36.45       39.85       39.35       40.5       ]
 [35.55       40.6        40.2        40.85      ]
 [34.65       41.15       40.6        39.5       ]
 [35.8        40.5        39.75       40.5       ]
 [37.27481145 40.4496229  40.0496229  38.68992458]
 [37.2        40.         39.65       40.15      ]
 [37.45       40.65       39.85       39.75      ]
 [35.05       41.35       38.3        38.65      ]]
budget;1994.16;1995.40;1993.47;1995.99;1994.92;1992.77;1990.98;1993.65;1996.39;1993.99
size;125;127;126;127;126;127;125;127;127;123
w;2
#search;maxiter
9.934896469116211
[[37.25       40.7        39.8        38.3       ]
 [35.65       41.25       40.35       40.7       ]
 [36.45       39.85       39.35       40.5       ]
 [35.55       40.6        40.2        40.85      ]
 [34.65       41.15       40.6        39.5       ]
 [35.8        40.5        39.75       40.5       ]
 [37.27481145 40.4496229  40.0496229  38.68992458]
 [37.2        40.         39.65       40.15      ]
 [37.45       40.65       39.85       39.75      ]
 [35.05       41.35       38.3        38.65      ]]
budget;1994.16;1995.40;1993.47;1995.99;1994.92;1992.77;1990.98;1993.65;1996.39;1993.99
size;125;127;126;127;126;127;125;127;127;123
#search;maxiter
w;4
#search;maxiter
13.236788272857666
[[37.25       40.7        39.8        38.3       ]
 [35.65       41.25       40.35       40.7       ]
 [36.45       39.85       39.35       40.5       ]
 [35.55       40.6        40.2        40.85      ]
 [34.65       41.15       40.6        39.5       ]
 [35.8        40.5        39.75       40.5       ]
 [34.72481145 40.6996229  41.3996229  37.23992458]
 [37.27481145 40.4496229  40.0496229  38.68992458]
 [37.2        40.         39.65       40.15      ]
 [37.45       40.65       39.85       39.75      ]
 [35.05       41.35       38.3        38.65      ]]
budget;1994.16;1995.40;1993.47;1995.99;1994.92;1992.77;1992.64;1990.98;1993.65;1996.39;1993.99
size;125;127;126;127;126;127;112;125;127;127;123
#search;maxiter
#search;maxiter
#search;maxiter
w;8
#search;maxiter
20.95685315132141
[[37.25       40.7        39.8        38.3       ]
 [35.65       41.25       40.35       40.7       ]
 [36.45       39.85       39.35       40.5       ]
 [35.55       40.6        40.2        40.85      ]
 [35.7548067  39.44666965 40.06153509 38.13970215]
 [35.8        40.5        39.75       40.5       ]
 [34.65       41.15       40.6        39.5       ]
 [34.72481145 40.6996229  41.3996229  37.23992458]
 [37.27481145 40.4496229  40.0496229  38.68992458]
 [37.2        40.         39.65       40.15      ]
 [37.45       40.65       39.85       39.75      ]
 [35.05       41.35       38.3        38.65      ]]
budget;1994.16;1995.40;1993.47;1995.99;1995.90;1992.77;1994.92;1992.64;1990.98;1993.65;1996.39;1993.99
size;125;127;126;127;106;127;126;112;125;127;127;123
#search;maxiter
#search;maxiter
#clust;conv3;size20;goal10
#search;maxiter
#clust;conv2;size20;goal10
#search;maxiter
#search;maxiter
#search;maxiter
#search;maxiter
w;16
#search;maxiter
46.66504383087158
[[37.20742815 41.59485756 38.89867144 38.24322783]
 [36.08674059 41.13546287 37.95       39.37092574]
 [34.7040801  41.1704005  39.3040801  39.15      ]
 [37.92565987 41.25067069 39.07093156 37.83919942]
 [37.25       40.7        39.8        38.3       ]
 [35.36582794 42.70181227 39.45       38.31636249]
 [36.63674059 41.98546287 41.35       38.87092574]
 [34.25       41.8        41.75       38.3       ]
 [36.48787922 42.22709431 39.62528205 37.96636249]
 [37.11582794 42.55181227 40.05       37.96636249]
 [37.90742815 40.64485756 39.59867144 38.94322783]
 [34.72481145 40.6996229  41.3996229  37.23992458]
 [38.15742815 40.64485756 39.39867144 37.99322783]
 [37.51582794 40.60181227 39.3        40.71636249]
 [38.45       40.3        42.95       41.4       ]
 [34.65       41.15       40.6        39.5       ]
 [37.50742815 41.24485756 39.44867144 38.39322783]]
budget;1995.16;1996.14;1990.51;1995.79;1994.16;1996.09;1993.28;1989.44;1993.06;1987.91;1991.57;1992.64;1993.67;1990.38;1990.32;1994.92;1992.51
size;127;126;125;120;125;123;122;120;125;125;126;112;126;120;123;126;126
#search;maxiter
#search;maxiter
#search;maxiter
#search;maxiter
#search;maxiter
#search;maxiter
#search;maxiter
#search;maxiter
#search;maxiter
#search;maxiter
#search;maxiter
#search;maxiter
#search;maxiter
#search;maxiter
#search;maxiter
w;32
#search;maxiter
100.87576508522034
[[37.25       40.7        39.8        38.3       ]
 [34.7040801  41.1704005  39.3040801  39.15      ]
 [37.92565987 41.25067069 39.07093156 37.83919942]
 [35.36582794 42.70181227 39.45       38.31636249]
 [36.63674059 41.98546287 41.35       38.87092574]
 [34.25       41.8        41.75       38.3       ]
 [36.48787922 42.22709431 39.62528205 37.96636249]
 [37.11582794 42.55181227 40.05       37.96636249]
 [36.25       41.25       38.95       40.55      ]
 [38.45       40.3        42.95       41.4       ]
 [38.15742815 40.64485756 39.39867144 37.99322783]
 [38.25       42.05       39.         40.05      ]
 [34.72481145 40.6996229  41.3996229  37.23992458]
 [37.90742815 40.64485756 39.59867144 38.94322783]
 [37.51582794 40.60181227 39.3        40.71636249]
 [35.41109046 41.00774474 39.95       41.8       ]
 [34.65       41.15       40.6        39.5       ]
 [37.50742815 41.24485756 39.44867144 38.39322783]]
budget;1994.16;1990.51;1995.79;1996.09;1993.28;1989.44;1993.06;1987.91;1982.96;1990.32;1993.67;1981.47;1992.64;1991.57;1990.38;1988.92;1994.92;1992.51
size;125;125;120;123;122;120;125;125;114;123;126;118;112;126;120;114;126;126
#search;maxiter
#search;maxiter
#search;maxiter
#search;maxiter
#clust;conv2;size20;goal10
#search;maxiter
#search;maxiter
#search;maxiter
#search;maxiter
#search;maxiter
#search;maxiter
#search;maxiter
#clust;conv2;size20;goal10
#search;maxiter
#clust;conv1;size22;goal10
#clust;conv1;size23;goal10
#clust;conv1;size24;goal10
#clust;conv2;size22;goal10
#search;maxiter
#clust;conv1;size24;goal10
#clust;conv1;size20;goal10
#clust;conv1;size20;goal10
#search;maxiter
#search;maxiter
#search;maxiter
#clust;conv1;size20;goal10
#search;maxiter
#clust;conv1;size21;goal10
#clust;conv1;size22;goal10
#search;maxiter
#clust;conv2;size20;goal10
#clust;conv1;size20;goal10
#search;maxiter
#clust;conv2;size20;goal10
#search;maxiter
#search;maxiter
#clust;conv2;size20;goal10
#clust;conv3;size20;goal10
#search;maxiter
#search;maxiter
#search;maxiter
#search;maxiter
#clust;conv2;size21;goal10
#search;maxiter
#search;maxiter
#search;maxiter
#search;maxiter
#clust;conv2;size20;goal10
#search;maxiter
#search;maxiter
w;64
#clust;conv1;size20;goal10
#search;maxiter
219.19026279449463
[[37.05       42.2        42.45       41.5       ]
 [39.05       42.3        41.         40.05      ]
 [38.         42.2        42.15       41.7       ]
 [37.45       42.7        42.85       41.4       ]
 [38.3        42.05       42.         40.9       ]
 [37.05       43.49003535 42.45601414 41.        ]
 [37.85       43.19003535 42.75601414 41.15      ]
 [38.9        41.85       41.95       41.527507  ]
 [36.65       43.1        42.9        40.3       ]
 [37.05       41.4        42.         42.25      ]
 [35.75       43.60462696 42.1        40.45462696]
 [37.55       43.7        40.7        40.15      ]
 [37.7        42.65       42.45       41.45      ]
 [38.97497364 41.44997891 41.73748682 40.12748591]
 [37.55       42.4        42.25       41.55      ]]
budget;1989.32;1993.50;1994.92;1991.95;1995.34;1992.06;1983.36;1995.36;1994.50;1991.40;1995.43;1993.83;1994.87;1995.89;1992.45
size;127;125;127;127;127;126;127;126;125;127;125;126;128;128;128
usage;shake;swapRandom=14
usage;shake;swapQuarter=10
usage;shake;swapThird=25
usage;shake;swapHalf=2
usage;shake;swapGroup=13
usage;shake;incrMin=12
usage;shake;incrMax=1
usage;shake;incrRnd=4
usage;shake;rndMin=23
usage;shake;rndMax=7
usage;shake;rndRnd=7
usage;shake;liftIncr=3
usage;shake;liftRnd=7
usage;search;swapOne=9
usage;search;inclRndMin=53
usage;search;inclRndMax=24
usage;search;inclRndRnd=7
usage;search;inclLowMin=24
usage;search;inclLowMax=28
usage;search;inclLowRnd=26
usage;search;inclHighMin=28
usage;search;inclHighMax=21
usage;search;inclHighRnd=14
usage;search;fundAtMin=40
usage;search;fundAtMax=19
usage;search;fundAtRnd=13
usage;search;exclRnd=73
usage;search;exclLow=28
usage;search;exclHigh=50
usage;search;inflGrMin=20
usage;search;inflGrMax=9
usage;search;inflGrRnd=12
usage;search;deflGrMin=16
usage;search;deflGrMax=68
usage;search;deflGrRnd=30
usage;search;exchGrMin=15
usage;search;exchGrMax=10
usage;search;exchGrRnd=13
usage;search;incrMin=59
usage;search;incrMax=50
usage;search;incrRnd=54
usage;search;rndMin=61
usage;search;rndMax=45
usage;search;rndRnd=49
usage;search;liftIncr=168
usage;search;liftRnd=164
end;219.199/317;63/64;0/26
electre;0.0;[[37.05 42.2  42.45 41.5 ]];1989.32;127
included;[11111111101111111111111111111111111111111111111111111111111111111111111111111111111111111111111111111111111111111111111111111111, 11111111111111111111111111011111111111111111111111111011111111111111110111111111111111111111111111111111111111111111111111111111, 11111111101111111111111111111111111111111111111111111111111111111111111111111111111111111111111111111111111111111111111111111111, 11111111101111111111111111111111111111111111111111111111111111111111111111111111111111111111111111111111111111111111111111111111, 11111111111111111111111111111111111111111111111111111111111111111111111111111111111111111111111111110111111111111111111111111111, 11111111111111111111111111111111111111111111111111111111111101111111111111111111111111111111111111111111111111111111011111111111, 11111110111111111111111111111111111111111111111111111111111111111111111111111111111111111111111111111111111111111111111111111111, 11111111111110111111111111111111111111111111111111111111111111111111111111111111111111111111111111111111111111111111111111101111, 11111111111111111111111111111111011111111111111111111111111111111111111111111111111111111110111111110111111111111111111111111111, 11011111111111111111111111111111111111111111111111111111111111111111111111111111111111111111111111111111111111111111111111111111, 11011111111111111111111111111111111111111111111111111111111111111111011111111111111111111111111111011111111111111111111111111111, 11111111111111111111011111111111111111101111111111111111111111111111111111111111111111111111111111111111111111111111111111111111, 11111111111111111111111111111111111111111111111111111111111111111111111111111111111111111111111111111111111111111111111111111111, 11111111111111111111111111111111111111111111111111111111111111111111111111111111111111111111111111111111111111111111111111111111, 11111111111111111111111111111111111111111111111111111111111111111111111111111111111111111111111111111111111111111111111111111111]
electre;3.0;[[39.05 42.3  41.   40.05]];1993.4999999999995;125
included;[11111111101111111111111111111111111111111111111111111111111111111111111111111111111111111111111111111111111111111111111111111111, 11111111111111111111111111011111111111111111111111111011111111111111110111111111111111111111111111111111111111111111111111111111, 11111111101111111111111111111111111111111111111111111111111111111111111111111111111111111111111111111111111111111111111111111111, 11111111101111111111111111111111111111111111111111111111111111111111111111111111111111111111111111111111111111111111111111111111, 11111111111111111111111111111111111111111111111111111111111111111111111111111111111111111111111111110111111111111111111111111111, 11111111111111111111111111111111111111111111111111111111111101111111111111111111111111111111111111111111111111111111011111111111, 11111110111111111111111111111111111111111111111111111111111111111111111111111111111111111111111111111111111111111111111111111111, 11111111111110111111111111111111111111111111111111111111111111111111111111111111111111111111111111111111111111111111111111101111, 11111111111111111111111111111111011111111111111111111111111111111111111111111111111111111110111111110111111111111111111111111111, 11011111111111111111111111111111111111111111111111111111111111111111111111111111111111111111111111111111111111111111111111111111, 11011111111111111111111111111111111111111111111111111111111111111111011111111111111111111111111111011111111111111111111111111111, 11111111111111111111011111111111111111101111111111111111111111111111111111111111111111111111111111111111111111111111111111111111, 11111111111111111111111111111111111111111111111111111111111111111111111111111111111111111111111111111111111111111111111111111111, 11111111111111111111111111111111111111111111111111111111111111111111111111111111111111111111111111111111111111111111111111111111, 11111111111111111111111111111111111111111111111111111111111111111111111111111111111111111111111111111111111111111111111111111111]
electre;-1.0;[[38.   42.2  42.15 41.7 ]];1994.9199999999994;127
included;[11111111101111111111111111111111111111111111111111111111111111111111111111111111111111111111111111111111111111111111111111111111, 11111111111111111111111111011111111111111111111111111011111111111111110111111111111111111111111111111111111111111111111111111111, 11111111101111111111111111111111111111111111111111111111111111111111111111111111111111111111111111111111111111111111111111111111, 11111111101111111111111111111111111111111111111111111111111111111111111111111111111111111111111111111111111111111111111111111111, 11111111111111111111111111111111111111111111111111111111111111111111111111111111111111111111111111110111111111111111111111111111, 11111111111111111111111111111111111111111111111111111111111101111111111111111111111111111111111111111111111111111111011111111111, 11111110111111111111111111111111111111111111111111111111111111111111111111111111111111111111111111111111111111111111111111111111, 11111111111110111111111111111111111111111111111111111111111111111111111111111111111111111111111111111111111111111111111111101111, 11111111111111111111111111111111011111111111111111111111111111111111111111111111111111111110111111110111111111111111111111111111, 11011111111111111111111111111111111111111111111111111111111111111111111111111111111111111111111111111111111111111111111111111111, 11011111111111111111111111111111111111111111111111111111111111111111011111111111111111111111111111011111111111111111111111111111, 11111111111111111111011111111111111111101111111111111111111111111111111111111111111111111111111111111111111111111111111111111111, 11111111111111111111111111111111111111111111111111111111111111111111111111111111111111111111111111111111111111111111111111111111, 11111111111111111111111111111111111111111111111111111111111111111111111111111111111111111111111111111111111111111111111111111111, 11111111111111111111111111111111111111111111111111111111111111111111111111111111111111111111111111111111111111111111111111111111]
electre;-9.0;[[37.45 42.7  42.85 41.4 ]];1991.9499999999998;127
included;[11111111101111111111111111111111111111111111111111111111111111111111111111111111111111111111111111111111111111111111111111111111, 11111111111111111111111111011111111111111111111111111011111111111111110111111111111111111111111111111111111111111111111111111111, 11111111101111111111111111111111111111111111111111111111111111111111111111111111111111111111111111111111111111111111111111111111, 11111111101111111111111111111111111111111111111111111111111111111111111111111111111111111111111111111111111111111111111111111111, 11111111111111111111111111111111111111111111111111111111111111111111111111111111111111111111111111110111111111111111111111111111, 11111111111111111111111111111111111111111111111111111111111101111111111111111111111111111111111111111111111111111111011111111111, 11111110111111111111111111111111111111111111111111111111111111111111111111111111111111111111111111111111111111111111111111111111, 11111111111110111111111111111111111111111111111111111111111111111111111111111111111111111111111111111111111111111111111111101111, 11111111111111111111111111111111011111111111111111111111111111111111111111111111111111111110111111110111111111111111111111111111, 11011111111111111111111111111111111111111111111111111111111111111111111111111111111111111111111111111111111111111111111111111111, 11011111111111111111111111111111111111111111111111111111111111111111011111111111111111111111111111011111111111111111111111111111, 11111111111111111111011111111111111111101111111111111111111111111111111111111111111111111111111111111111111111111111111111111111, 11111111111111111111111111111111111111111111111111111111111111111111111111111111111111111111111111111111111111111111111111111111, 11111111111111111111111111111111111111111111111111111111111111111111111111111111111111111111111111111111111111111111111111111111, 11111111111111111111111111111111111111111111111111111111111111111111111111111111111111111111111111111111111111111111111111111111]
electre;0.0;[[38.3  42.05 42.   40.9 ]];1995.34;127
included;[11111111101111111111111111111111111111111111111111111111111111111111111111111111111111111111111111111111111111111111111111111111, 11111111111111111111111111011111111111111111111111111011111111111111110111111111111111111111111111111111111111111111111111111111, 11111111101111111111111111111111111111111111111111111111111111111111111111111111111111111111111111111111111111111111111111111111, 11111111101111111111111111111111111111111111111111111111111111111111111111111111111111111111111111111111111111111111111111111111, 11111111111111111111111111111111111111111111111111111111111111111111111111111111111111111111111111110111111111111111111111111111, 11111111111111111111111111111111111111111111111111111111111101111111111111111111111111111111111111111111111111111111011111111111, 11111110111111111111111111111111111111111111111111111111111111111111111111111111111111111111111111111111111111111111111111111111, 11111111111110111111111111111111111111111111111111111111111111111111111111111111111111111111111111111111111111111111111111101111, 11111111111111111111111111111111011111111111111111111111111111111111111111111111111111111110111111110111111111111111111111111111, 11011111111111111111111111111111111111111111111111111111111111111111111111111111111111111111111111111111111111111111111111111111, 11011111111111111111111111111111111111111111111111111111111111111111011111111111111111111111111111011111111111111111111111111111, 11111111111111111111011111111111111111101111111111111111111111111111111111111111111111111111111111111111111111111111111111111111, 11111111111111111111111111111111111111111111111111111111111111111111111111111111111111111111111111111111111111111111111111111111, 11111111111111111111111111111111111111111111111111111111111111111111111111111111111111111111111111111111111111111111111111111111, 11111111111111111111111111111111111111111111111111111111111111111111111111111111111111111111111111111111111111111111111111111111]
electre;-6.0;[[37.05       43.49003535 42.45601414 41.        ]];1992.0590782144257;126
included;[11111111101111111111111111111111111111111111111111111111111111111111111111111111111111111111111111111111111111111111111111111111, 11111111111111111111111111011111111111111111111111111011111111111111110111111111111111111111111111111111111111111111111111111111, 11111111101111111111111111111111111111111111111111111111111111111111111111111111111111111111111111111111111111111111111111111111, 11111111101111111111111111111111111111111111111111111111111111111111111111111111111111111111111111111111111111111111111111111111, 11111111111111111111111111111111111111111111111111111111111111111111111111111111111111111111111111110111111111111111111111111111, 11111111111111111111111111111111111111111111111111111111111101111111111111111111111111111111111111111111111111111111011111111111, 11111110111111111111111111111111111111111111111111111111111111111111111111111111111111111111111111111111111111111111111111111111, 11111111111110111111111111111111111111111111111111111111111111111111111111111111111111111111111111111111111111111111111111101111, 11111111111111111111111111111111011111111111111111111111111111111111111111111111111111111110111111110111111111111111111111111111, 11011111111111111111111111111111111111111111111111111111111111111111111111111111111111111111111111111111111111111111111111111111, 11011111111111111111111111111111111111111111111111111111111111111111011111111111111111111111111111011111111111111111111111111111, 11111111111111111111011111111111111111101111111111111111111111111111111111111111111111111111111111111111111111111111111111111111, 11111111111111111111111111111111111111111111111111111111111111111111111111111111111111111111111111111111111111111111111111111111, 11111111111111111111111111111111111111111111111111111111111111111111111111111111111111111111111111111111111111111111111111111111, 11111111111111111111111111111111111111111111111111111111111111111111111111111111111111111111111111111111111111111111111111111111]
electre;-11.0;[[37.85       43.19003535 42.75601414 41.15      ]];1983.3590782144265;127
included;[11111111101111111111111111111111111111111111111111111111111111111111111111111111111111111111111111111111111111111111111111111111, 11111111111111111111111111011111111111111111111111111011111111111111110111111111111111111111111111111111111111111111111111111111, 11111111101111111111111111111111111111111111111111111111111111111111111111111111111111111111111111111111111111111111111111111111, 11111111101111111111111111111111111111111111111111111111111111111111111111111111111111111111111111111111111111111111111111111111, 11111111111111111111111111111111111111111111111111111111111111111111111111111111111111111111111111110111111111111111111111111111, 11111111111111111111111111111111111111111111111111111111111101111111111111111111111111111111111111111111111111111111011111111111, 11111110111111111111111111111111111111111111111111111111111111111111111111111111111111111111111111111111111111111111111111111111, 11111111111110111111111111111111111111111111111111111111111111111111111111111111111111111111111111111111111111111111111111101111, 11111111111111111111111111111111011111111111111111111111111111111111111111111111111111111110111111110111111111111111111111111111, 11011111111111111111111111111111111111111111111111111111111111111111111111111111111111111111111111111111111111111111111111111111, 11011111111111111111111111111111111111111111111111111111111111111111011111111111111111111111111111011111111111111111111111111111, 11111111111111111111011111111111111111101111111111111111111111111111111111111111111111111111111111111111111111111111111111111111, 11111111111111111111111111111111111111111111111111111111111111111111111111111111111111111111111111111111111111111111111111111111, 11111111111111111111111111111111111111111111111111111111111111111111111111111111111111111111111111111111111111111111111111111111, 11111111111111111111111111111111111111111111111111111111111111111111111111111111111111111111111111111111111111111111111111111111]
electre;0.0;[[38.9      41.85     41.95     41.527507]];1995.36289941757;126
included;[11111111101111111111111111111111111111111111111111111111111111111111111111111111111111111111111111111111111111111111111111111111, 11111111111111111111111111011111111111111111111111111011111111111111110111111111111111111111111111111111111111111111111111111111, 11111111101111111111111111111111111111111111111111111111111111111111111111111111111111111111111111111111111111111111111111111111, 11111111101111111111111111111111111111111111111111111111111111111111111111111111111111111111111111111111111111111111111111111111, 11111111111111111111111111111111111111111111111111111111111111111111111111111111111111111111111111110111111111111111111111111111, 11111111111111111111111111111111111111111111111111111111111101111111111111111111111111111111111111111111111111111111011111111111, 11111110111111111111111111111111111111111111111111111111111111111111111111111111111111111111111111111111111111111111111111111111, 11111111111110111111111111111111111111111111111111111111111111111111111111111111111111111111111111111111111111111111111111101111, 11111111111111111111111111111111011111111111111111111111111111111111111111111111111111111110111111110111111111111111111111111111, 11011111111111111111111111111111111111111111111111111111111111111111111111111111111111111111111111111111111111111111111111111111, 11011111111111111111111111111111111111111111111111111111111111111111011111111111111111111111111111011111111111111111111111111111, 11111111111111111111011111111111111111101111111111111111111111111111111111111111111111111111111111111111111111111111111111111111, 11111111111111111111111111111111111111111111111111111111111111111111111111111111111111111111111111111111111111111111111111111111, 11111111111111111111111111111111111111111111111111111111111111111111111111111111111111111111111111111111111111111111111111111111, 11111111111111111111111111111111111111111111111111111111111111111111111111111111111111111111111111111111111111111111111111111111]
electre;-4.0;[[36.65 43.1  42.9  40.3 ]];1994.4999999999986;125
included;[11111111101111111111111111111111111111111111111111111111111111111111111111111111111111111111111111111111111111111111111111111111, 11111111111111111111111111011111111111111111111111111011111111111111110111111111111111111111111111111111111111111111111111111111, 11111111101111111111111111111111111111111111111111111111111111111111111111111111111111111111111111111111111111111111111111111111, 11111111101111111111111111111111111111111111111111111111111111111111111111111111111111111111111111111111111111111111111111111111, 11111111111111111111111111111111111111111111111111111111111111111111111111111111111111111111111111110111111111111111111111111111, 11111111111111111111111111111111111111111111111111111111111101111111111111111111111111111111111111111111111111111111011111111111, 11111110111111111111111111111111111111111111111111111111111111111111111111111111111111111111111111111111111111111111111111111111, 11111111111110111111111111111111111111111111111111111111111111111111111111111111111111111111111111111111111111111111111111101111, 11111111111111111111111111111111011111111111111111111111111111111111111111111111111111111110111111110111111111111111111111111111, 11011111111111111111111111111111111111111111111111111111111111111111111111111111111111111111111111111111111111111111111111111111, 11011111111111111111111111111111111111111111111111111111111111111111011111111111111111111111111111011111111111111111111111111111, 11111111111111111111011111111111111111101111111111111111111111111111111111111111111111111111111111111111111111111111111111111111, 11111111111111111111111111111111111111111111111111111111111111111111111111111111111111111111111111111111111111111111111111111111, 11111111111111111111111111111111111111111111111111111111111111111111111111111111111111111111111111111111111111111111111111111111, 11111111111111111111111111111111111111111111111111111111111111111111111111111111111111111111111111111111111111111111111111111111]
electre;7.0;[[37.05 41.4  42.   42.25]];1991.3999999999994;127
included;[11111111101111111111111111111111111111111111111111111111111111111111111111111111111111111111111111111111111111111111111111111111, 11111111111111111111111111011111111111111111111111111011111111111111110111111111111111111111111111111111111111111111111111111111, 11111111101111111111111111111111111111111111111111111111111111111111111111111111111111111111111111111111111111111111111111111111, 11111111101111111111111111111111111111111111111111111111111111111111111111111111111111111111111111111111111111111111111111111111, 11111111111111111111111111111111111111111111111111111111111111111111111111111111111111111111111111110111111111111111111111111111, 11111111111111111111111111111111111111111111111111111111111101111111111111111111111111111111111111111111111111111111011111111111, 11111110111111111111111111111111111111111111111111111111111111111111111111111111111111111111111111111111111111111111111111111111, 11111111111110111111111111111111111111111111111111111111111111111111111111111111111111111111111111111111111111111111111111101111, 11111111111111111111111111111111011111111111111111111111111111111111111111111111111111111110111111110111111111111111111111111111, 11011111111111111111111111111111111111111111111111111111111111111111111111111111111111111111111111111111111111111111111111111111, 11011111111111111111111111111111111111111111111111111111111111111111011111111111111111111111111111011111111111111111111111111111, 11111111111111111111011111111111111111101111111111111111111111111111111111111111111111111111111111111111111111111111111111111111, 11111111111111111111111111111111111111111111111111111111111111111111111111111111111111111111111111111111111111111111111111111111, 11111111111111111111111111111111111111111111111111111111111111111111111111111111111111111111111111111111111111111111111111111111, 11111111111111111111111111111111111111111111111111111111111111111111111111111111111111111111111111111111111111111111111111111111]
electre;8.0;[[35.75       43.60462696 42.1        40.45462696]];1995.4313833467043;125
included;[11111111101111111111111111111111111111111111111111111111111111111111111111111111111111111111111111111111111111111111111111111111, 11111111111111111111111111011111111111111111111111111011111111111111110111111111111111111111111111111111111111111111111111111111, 11111111101111111111111111111111111111111111111111111111111111111111111111111111111111111111111111111111111111111111111111111111, 11111111101111111111111111111111111111111111111111111111111111111111111111111111111111111111111111111111111111111111111111111111, 11111111111111111111111111111111111111111111111111111111111111111111111111111111111111111111111111110111111111111111111111111111, 11111111111111111111111111111111111111111111111111111111111101111111111111111111111111111111111111111111111111111111011111111111, 11111110111111111111111111111111111111111111111111111111111111111111111111111111111111111111111111111111111111111111111111111111, 11111111111110111111111111111111111111111111111111111111111111111111111111111111111111111111111111111111111111111111111111101111, 11111111111111111111111111111111011111111111111111111111111111111111111111111111111111111110111111110111111111111111111111111111, 11011111111111111111111111111111111111111111111111111111111111111111111111111111111111111111111111111111111111111111111111111111, 11011111111111111111111111111111111111111111111111111111111111111111011111111111111111111111111111011111111111111111111111111111, 11111111111111111111011111111111111111101111111111111111111111111111111111111111111111111111111111111111111111111111111111111111, 11111111111111111111111111111111111111111111111111111111111111111111111111111111111111111111111111111111111111111111111111111111, 11111111111111111111111111111111111111111111111111111111111111111111111111111111111111111111111111111111111111111111111111111111, 11111111111111111111111111111111111111111111111111111111111111111111111111111111111111111111111111111111111111111111111111111111]
electre;13.0;[[37.55 43.7  40.7  40.15]];1993.829999999999;126
included;[11111111101111111111111111111111111111111111111111111111111111111111111111111111111111111111111111111111111111111111111111111111, 11111111111111111111111111011111111111111111111111111011111111111111110111111111111111111111111111111111111111111111111111111111, 11111111101111111111111111111111111111111111111111111111111111111111111111111111111111111111111111111111111111111111111111111111, 11111111101111111111111111111111111111111111111111111111111111111111111111111111111111111111111111111111111111111111111111111111, 11111111111111111111111111111111111111111111111111111111111111111111111111111111111111111111111111110111111111111111111111111111, 11111111111111111111111111111111111111111111111111111111111101111111111111111111111111111111111111111111111111111111011111111111, 11111110111111111111111111111111111111111111111111111111111111111111111111111111111111111111111111111111111111111111111111111111, 11111111111110111111111111111111111111111111111111111111111111111111111111111111111111111111111111111111111111111111111111101111, 11111111111111111111111111111111011111111111111111111111111111111111111111111111111111111110111111110111111111111111111111111111, 11011111111111111111111111111111111111111111111111111111111111111111111111111111111111111111111111111111111111111111111111111111, 11011111111111111111111111111111111111111111111111111111111111111111011111111111111111111111111111011111111111111111111111111111, 11111111111111111111011111111111111111101111111111111111111111111111111111111111111111111111111111111111111111111111111111111111, 11111111111111111111111111111111111111111111111111111111111111111111111111111111111111111111111111111111111111111111111111111111, 11111111111111111111111111111111111111111111111111111111111111111111111111111111111111111111111111111111111111111111111111111111, 11111111111111111111111111111111111111111111111111111111111111111111111111111111111111111111111111111111111111111111111111111111]
electre;-1.0;[[37.7  42.65 42.45 41.45]];1994.8699999999992;128
included;[11111111101111111111111111111111111111111111111111111111111111111111111111111111111111111111111111111111111111111111111111111111, 11111111111111111111111111011111111111111111111111111011111111111111110111111111111111111111111111111111111111111111111111111111, 11111111101111111111111111111111111111111111111111111111111111111111111111111111111111111111111111111111111111111111111111111111, 11111111101111111111111111111111111111111111111111111111111111111111111111111111111111111111111111111111111111111111111111111111, 11111111111111111111111111111111111111111111111111111111111111111111111111111111111111111111111111110111111111111111111111111111, 11111111111111111111111111111111111111111111111111111111111101111111111111111111111111111111111111111111111111111111011111111111, 11111110111111111111111111111111111111111111111111111111111111111111111111111111111111111111111111111111111111111111111111111111, 11111111111110111111111111111111111111111111111111111111111111111111111111111111111111111111111111111111111111111111111111101111, 11111111111111111111111111111111011111111111111111111111111111111111111111111111111111111110111111110111111111111111111111111111, 11011111111111111111111111111111111111111111111111111111111111111111111111111111111111111111111111111111111111111111111111111111, 11011111111111111111111111111111111111111111111111111111111111111111011111111111111111111111111111011111111111111111111111111111, 11111111111111111111011111111111111111101111111111111111111111111111111111111111111111111111111111111111111111111111111111111111, 11111111111111111111111111111111111111111111111111111111111111111111111111111111111111111111111111111111111111111111111111111111, 11111111111111111111111111111111111111111111111111111111111111111111111111111111111111111111111111111111111111111111111111111111, 11111111111111111111111111111111111111111111111111111111111111111111111111111111111111111111111111111111111111111111111111111111]
electre;2.0;[[38.97497364 41.44997891 41.73748682 40.12748591]];1995.891165691162;128
included;[11111111101111111111111111111111111111111111111111111111111111111111111111111111111111111111111111111111111111111111111111111111, 11111111111111111111111111011111111111111111111111111011111111111111110111111111111111111111111111111111111111111111111111111111, 11111111101111111111111111111111111111111111111111111111111111111111111111111111111111111111111111111111111111111111111111111111, 11111111101111111111111111111111111111111111111111111111111111111111111111111111111111111111111111111111111111111111111111111111, 11111111111111111111111111111111111111111111111111111111111111111111111111111111111111111111111111110111111111111111111111111111, 11111111111111111111111111111111111111111111111111111111111101111111111111111111111111111111111111111111111111111111011111111111, 11111110111111111111111111111111111111111111111111111111111111111111111111111111111111111111111111111111111111111111111111111111, 11111111111110111111111111111111111111111111111111111111111111111111111111111111111111111111111111111111111111111111111111101111, 11111111111111111111111111111111011111111111111111111111111111111111111111111111111111111110111111110111111111111111111111111111, 11011111111111111111111111111111111111111111111111111111111111111111111111111111111111111111111111111111111111111111111111111111, 11011111111111111111111111111111111111111111111111111111111111111111011111111111111111111111111111011111111111111111111111111111, 11111111111111111111011111111111111111101111111111111111111111111111111111111111111111111111111111111111111111111111111111111111, 11111111111111111111111111111111111111111111111111111111111111111111111111111111111111111111111111111111111111111111111111111111, 11111111111111111111111111111111111111111111111111111111111111111111111111111111111111111111111111111111111111111111111111111111, 11111111111111111111111111111111111111111111111111111111111111111111111111111111111111111111111111111111111111111111111111111111]
electre;-1.0;[[37.55 42.4  42.25 41.55]];1992.45;128
included;[11111111101111111111111111111111111111111111111111111111111111111111111111111111111111111111111111111111111111111111111111111111, 11111111111111111111111111011111111111111111111111111011111111111111110111111111111111111111111111111111111111111111111111111111, 11111111101111111111111111111111111111111111111111111111111111111111111111111111111111111111111111111111111111111111111111111111, 11111111101111111111111111111111111111111111111111111111111111111111111111111111111111111111111111111111111111111111111111111111, 11111111111111111111111111111111111111111111111111111111111111111111111111111111111111111111111111110111111111111111111111111111, 11111111111111111111111111111111111111111111111111111111111101111111111111111111111111111111111111111111111111111111011111111111, 11111110111111111111111111111111111111111111111111111111111111111111111111111111111111111111111111111111111111111111111111111111, 11111111111110111111111111111111111111111111111111111111111111111111111111111111111111111111111111111111111111111111111111101111, 11111111111111111111111111111111011111111111111111111111111111111111111111111111111111111110111111110111111111111111111111111111, 11011111111111111111111111111111111111111111111111111111111111111111111111111111111111111111111111111111111111111111111111111111, 11011111111111111111111111111111111111111111111111111111111111111111011111111111111111111111111111011111111111111111111111111111, 11111111111111111111011111111111111111101111111111111111111111111111111111111111111111111111111111111111111111111111111111111111, 11111111111111111111111111111111111111111111111111111111111111111111111111111111111111111111111111111111111111111111111111111111, 11111111111111111111111111111111111111111111111111111111111111111111111111111111111111111111111111111111111111111111111111111111, 11111111111111111111111111111111111111111111111111111111111111111111111111111111111111111111111111111111111111111111111111111111]
