#search;maxiter
2.5965576171875
[[17.55028211 18.92023402 16.50010535 18.65010535]
 [17.54705105 19.19321461 16.49606652 18.79606652]
 [17.15538312 19.6742189  16.81435094 19.34411123]
 [18.         19.35       16.85       17.65      ]
 [16.30250342 20.62031464 17.39062928 19.04062928]
 [17.95       20.2        17.5        18.15      ]
 [17.55       19.5        17.6        17.55      ]
 [17.45       20.55       17.95       19.3       ]
 [16.69944831 19.3        16.85       19.34779323]
 [17.60959056 18.8948018  16.44924091 18.99924091]
 [16.33487842 20.64054901 17.33109803 19.08109803]
 [17.41582943 19.18891509 16.4256245  19.30905595]
 [15.1        19.9        18.2        17.25      ]
 [16.22335431 20.67084644 17.29169289 19.19169289]
 [16.17119555 20.63824722 17.32649444 19.12649444]]
budget;955.37;957.17;953.41;973.53;960.64;954.26;953.82;968.58;927.83;960.85;950.22;954.15;970.85;951.07;959.76
size;60;62;62;58;62;64;60;64;64;61;61;61;58;62;63
w;1
#search;maxiter
3.8837156295776367
[[17.55028211 18.92023402 16.50010535 18.65010535]
 [17.54705105 19.19321461 16.49606652 18.79606652]
 [17.15538312 19.6742189  16.81435094 19.34411123]
 [18.         19.35       16.85       17.65      ]
 [16.30250342 20.62031464 17.39062928 19.04062928]
 [17.95       20.2        17.5        18.15      ]
 [17.55       19.5        17.6        17.55      ]
 [17.45       20.55       17.95       19.3       ]
 [16.69944831 19.3        16.85       19.34779323]
 [17.60959056 18.8948018  16.44924091 18.99924091]
 [16.33487842 20.64054901 17.33109803 19.08109803]
 [17.41582943 19.18891509 16.4256245  19.30905595]
 [15.1        19.9        18.2        17.25      ]
 [16.22335431 20.67084644 17.29169289 19.19169289]
 [16.17119555 20.63824722 17.32649444 19.12649444]]
budget;955.37;957.17;953.41;973.53;960.64;954.26;953.82;968.58;927.83;960.85;950.22;954.15;970.85;951.07;959.76
size;60;62;62;58;62;64;60;64;64;61;61;61;58;62;63
w;2
#search;maxiter
5.1019062995910645
[[17.55028211 18.92023402 16.50010535 18.65010535]
 [17.54705105 19.19321461 16.49606652 18.79606652]
 [17.15538312 19.6742189  16.81435094 19.34411123]
 [18.         19.35       16.85       17.65      ]
 [16.30250342 20.62031464 17.39062928 19.04062928]
 [17.95       20.2        17.5        18.15      ]
 [17.55       19.5        17.6        17.55      ]
 [17.45       20.55       17.95       19.3       ]
 [16.69944831 19.3        16.85       19.34779323]
 [17.60959056 18.8948018  16.44924091 18.99924091]
 [16.33487842 20.64054901 17.33109803 19.08109803]
 [17.41582943 19.18891509 16.4256245  19.30905595]
 [15.1        19.9        18.2        17.25      ]
 [16.22335431 20.67084644 17.29169289 19.19169289]
 [16.17119555 20.63824722 17.32649444 19.12649444]]
budget;955.37;957.17;953.41;973.53;960.64;954.26;953.82;968.58;927.83;960.85;950.22;954.15;970.85;951.07;959.76
size;60;62;62;58;62;64;60;64;64;61;61;61;58;62;63
#search;maxiter
w;4
#search;maxiter
7.5419557094573975
[[17.55028211 18.92023402 16.50010535 18.65010535]
 [17.54705105 19.19321461 16.49606652 18.79606652]
 [17.15538312 19.6742189  16.81435094 19.34411123]
 [18.         19.35       16.85       17.65      ]
 [16.30250342 20.62031464 17.39062928 19.04062928]
 [17.95       20.2        17.5        18.15      ]
 [17.55       19.5        17.6        17.55      ]
 [17.45       20.55       17.95       19.3       ]
 [16.69944831 19.3        16.85       19.34779323]
 [17.60959056 18.8948018  16.44924091 18.99924091]
 [16.33487842 20.64054901 17.33109803 19.08109803]
 [17.41582943 19.18891509 16.4256245  19.30905595]
 [15.1        19.9        18.2        17.25      ]
 [16.22335431 20.67084644 17.29169289 19.19169289]
 [16.17119555 20.63824722 17.32649444 19.12649444]]
budget;955.37;957.17;953.41;973.53;960.64;954.26;953.82;968.58;927.83;960.85;950.22;954.15;970.85;951.07;959.76
size;60;62;62;58;62;64;60;64;64;61;61;61;58;62;63
#search;maxiter
#search;maxiter
#clust;conv1;size20;goal10
#search;maxiter
w;8
#search;maxiter
13.258806467056274
[[17.95       20.2        17.5        18.15      ]
 [16.69944831 19.3        16.85       19.34779323]
 [17.45       20.55       17.95       19.3       ]
 [18.4517826  19.85891301 18.4        17.75      ]
 [18.5        19.85       18.65       19.25      ]
 [18.65       19.2        18.15       17.65      ]
 [16.33487842 20.64054901 17.33109803 19.08109803]
 [18.70783478 19.48917391 18.4        17.65      ]
 [16.22335431 20.67084644 17.29169289 19.19169289]
 [16.17119555 20.63824722 17.32649444 19.12649444]]
budget;954.26;927.83;968.58;969.78;918.42;966.16;950.22;971.14;951.07;959.76
size;64;64;64;62;63;61;61;61;62;63
#search;maxiter
#search;maxiter
#search;maxiter
#search;maxiter
#search;maxiter
#search;maxiter
#search;maxiter
w;16
#search;maxiter
23.41083264350891
[[18.4        21.         18.45       20.1       ]
 [20.42350957 20.86444419 18.76444419 19.68769354]
 [18.85       21.         18.85       18.55      ]
 [20.50906539 20.95       18.85       19.31191587]
 [18.4596837  19.5596837  17.7        20.26774696]
 [18.16399117 21.35       18.85       18.81279823]
 [18.75       20.9        18.3        20.1       ]
 [20.10906539 21.05       18.7        20.06191587]
 [20.05906539 20.8        19.         19.76191587]
 [18.80163818 21.2        18.95       19.56032764]
 [17.76555101 21.26555101 18.33887753 19.46220404]
 [19.2596837  19.5596837  17.6        20.11774696]
 [19.45906539 20.45       19.1        20.06191587]]
budget;972.17;972.23;973.14;970.67;954.76;972.69;973.05;970.55;969.78;971.23;969.77;936.90;966.19
size;63;63;60;61;60;62;64;62;62;63;60;63;63
#search;maxiter
#search;maxiter
#search;maxiter
#search;maxiter
#search;maxiter
#search;maxiter
#search;maxiter
#search;maxiter
#search;maxiter
#search;maxiter
#search;maxiter
#search;maxiter
#search;maxiter
#search;maxiter
#search;maxiter
w;32
#search;maxiter
46.081226110458374
[[19.76435947 20.27351805 19.01246442 19.29865603]
 [18.4        21.         18.45       20.1       ]
 [20.42350957 20.86444419 18.76444419 19.68769354]
 [18.85       21.         18.85       18.55      ]
 [20.50906539 20.95       18.85       19.31191587]
 [18.16399117 21.35       18.85       18.81279823]
 [19.6        20.55       18.75       20.35      ]
 [20.10906539 21.05       18.7        20.06191587]
 [20.05906539 20.8        19.         19.76191587]
 [19.5        20.25       19.15       20.3       ]
 [18.75       20.9        18.3        20.1       ]
 [18.76638798 19.77554657 19.42057847 19.0087986 ]
 [19.54394227 20.57801734 19.13096266 18.92170923]
 [18.80163818 21.2        18.95       19.56032764]
 [17.76555101 21.26555101 18.33887753 19.46220404]
 [19.45906539 20.45       19.1        20.06191587]]
budget;973.03;972.17;972.23;973.14;970.67;972.69;973.04;970.55;969.78;972.54;973.05;958.44;973.33;971.23;969.77;966.19
size;60;63;63;60;61;62;64;62;62;64;64;60;60;63;60;63
#search;maxiter
#search;maxiter
#search;maxiter
#search;maxiter
#search;maxiter
#search;maxiter
#search;maxiter
#search;maxiter
#search;maxiter
#search;maxiter
#search;maxiter
#search;maxiter
#shake;stall
usage;shake;swapRandom=6
usage;shake;swapQuarter=11
usage;shake;swapThird=9
usage;shake;swapHalf=10
usage;shake;swapGroup=8
usage;shake;incrMin=10
usage;shake;incrMax=3
usage;shake;incrRnd=3
usage;shake;rndMin=11
usage;shake;rndMax=5
usage;shake;rndRnd=5
usage;shake;liftIncr=6
usage;shake;liftRnd=1
usage;search;swapOne=12
usage;search;inclRndMin=12
usage;search;inclRndMax=18
usage;search;inclRndRnd=15
usage;search;inclLowMin=27
usage;search;inclLowMax=5
usage;search;inclLowRnd=32
usage;search;inclHighMin=12
usage;search;inclHighMax=18
usage;search;inclHighRnd=14
usage;search;fundAtMin=30
usage;search;fundAtMax=17
usage;search;fundAtRnd=9
usage;search;exclRnd=10
usage;search;exclLow=20
usage;search;exclHigh=28
usage;search;inflGrMin=23
usage;search;inflGrMax=16
usage;search;inflGrRnd=33
usage;search;deflGrMin=17
usage;search;deflGrMax=12
usage;search;deflGrRnd=14
usage;search;exchGrMin=28
usage;search;exchGrMax=11
usage;search;exchGrRnd=17
usage;search;incrMin=51
usage;search;incrMax=51
usage;search;incrRnd=55
usage;search;rndMin=67
usage;search;rndMax=49
usage;search;rndRnd=45
usage;search;liftIncr=56
usage;search;liftRnd=76
end;63.150/224;43/64;26/26
electre;2.0;[[19.76435947 20.27351805 19.01246442 19.29865603]];973.0280300779198;60
included;[1011111111111111111111111110111101111111111111111111111111111011, 1111111111111111111111011111111111111111111111111111111111111111, 1111111111111111111111111111111111111111111111111111111111110111, 1111111110111101111111111101011111111111111111111111111111111111, 0111111111111111111111111111111111111111111111111111111110110111, 1111111111111111101111111111111111111111111111011111111111111111, 1111111111111111111111111111111111111111111111111111111111111111, 0111111111111111111111111111111111111111111111111111111111110111, 1111111111111111111111111111111111111111111111011111111111110111, 1111111111111111111111111111111111111111111111111111111111111111, 1111111111111111111111111111111111111111111111111111111111111111, 1110111111111111111111111110111101111111111111111111111111111011, 1111111110111111111111111110111111111001111111111111111111111111, 1111111111111111101111111111111111111111111111111111111111111111, 1111111111111111111111111011111101111110111111101111111111111111, 1111111111111111111111111111111111111110111111111111111111111111]
electre;1.0;[[18.4  21.   18.45 20.1 ]];972.1699999999997;63
included;[1011111111111111111111111110111101111111111111111111111111111011, 1111111111111111111111011111111111111111111111111111111111111111, 1111111111111111111111111111111111111111111111111111111111110111, 1111111110111101111111111101011111111111111111111111111111111111, 0111111111111111111111111111111111111111111111111111111110110111, 1111111111111111101111111111111111111111111111011111111111111111, 1111111111111111111111111111111111111111111111111111111111111111, 0111111111111111111111111111111111111111111111111111111111110111, 1111111111111111111111111111111111111111111111011111111111110111, 1111111111111111111111111111111111111111111111111111111111111111, 1111111111111111111111111111111111111111111111111111111111111111, 1110111111111111111111111110111101111111111111111111111111111011, 1111111110111111111111111110111111111001111111111111111111111111, 1111111111111111101111111111111111111111111111111111111111111111, 1111111111111111111111111011111101111110111111101111111111111111, 1111111111111111111111111111111111111110111111111111111111111111]
electre;-9.0;[[20.42350957 20.86444419 18.76444419 19.68769354]];972.2299286664401;63
included;[1011111111111111111111111110111101111111111111111111111111111011, 1111111111111111111111011111111111111111111111111111111111111111, 1111111111111111111111111111111111111111111111111111111111110111, 1111111110111101111111111101011111111111111111111111111111111111, 0111111111111111111111111111111111111111111111111111111110110111, 1111111111111111101111111111111111111111111111011111111111111111, 1111111111111111111111111111111111111111111111111111111111111111, 0111111111111111111111111111111111111111111111111111111111110111, 1111111111111111111111111111111111111111111111011111111111110111, 1111111111111111111111111111111111111111111111111111111111111111, 1111111111111111111111111111111111111111111111111111111111111111, 1110111111111111111111111110111101111111111111111111111111111011, 1111111110111111111111111110111111111001111111111111111111111111, 1111111111111111101111111111111111111111111111111111111111111111, 1111111111111111111111111011111101111110111111101111111111111111, 1111111111111111111111111111111111111110111111111111111111111111]
electre;11.0;[[18.85 21.   18.85 18.55]];973.14;60
included;[1011111111111111111111111110111101111111111111111111111111111011, 1111111111111111111111011111111111111111111111111111111111111111, 1111111111111111111111111111111111111111111111111111111111110111, 1111111110111101111111111101011111111111111111111111111111111111, 0111111111111111111111111111111111111111111111111111111110110111, 1111111111111111101111111111111111111111111111011111111111111111, 1111111111111111111111111111111111111111111111111111111111111111, 0111111111111111111111111111111111111111111111111111111111110111, 1111111111111111111111111111111111111111111111011111111111110111, 1111111111111111111111111111111111111111111111111111111111111111, 1111111111111111111111111111111111111111111111111111111111111111, 1110111111111111111111111110111101111111111111111111111111111011, 1111111110111111111111111110111111111001111111111111111111111111, 1111111111111111101111111111111111111111111111111111111111111111, 1111111111111111111111111011111101111110111111101111111111111111, 1111111111111111111111111111111111111110111111111111111111111111]
electre;-6.0;[[20.50906539 20.95       18.85       19.31191587]];970.6655097074541;61
included;[1011111111111111111111111110111101111111111111111111111111111011, 1111111111111111111111011111111111111111111111111111111111111111, 1111111111111111111111111111111111111111111111111111111111110111, 1111111110111101111111111101011111111111111111111111111111111111, 0111111111111111111111111111111111111111111111111111111110110111, 1111111111111111101111111111111111111111111111011111111111111111, 1111111111111111111111111111111111111111111111111111111111111111, 0111111111111111111111111111111111111111111111111111111111110111, 1111111111111111111111111111111111111111111111011111111111110111, 1111111111111111111111111111111111111111111111111111111111111111, 1111111111111111111111111111111111111111111111111111111111111111, 1110111111111111111111111110111101111111111111111111111111111011, 1111111110111111111111111110111111111001111111111111111111111111, 1111111111111111101111111111111111111111111111111111111111111111, 1111111111111111111111111011111101111110111111101111111111111111, 1111111111111111111111111111111111111110111111111111111111111111]
electre;11.0;[[18.16399117 21.35       18.85       18.81279823]];972.6929663382784;62
included;[1011111111111111111111111110111101111111111111111111111111111011, 1111111111111111111111011111111111111111111111111111111111111111, 1111111111111111111111111111111111111111111111111111111111110111, 1111111110111101111111111101011111111111111111111111111111111111, 0111111111111111111111111111111111111111111111111111111110110111, 1111111111111111101111111111111111111111111111011111111111111111, 1111111111111111111111111111111111111111111111111111111111111111, 0111111111111111111111111111111111111111111111111111111111110111, 1111111111111111111111111111111111111111111111011111111111110111, 1111111111111111111111111111111111111111111111111111111111111111, 1111111111111111111111111111111111111111111111111111111111111111, 1110111111111111111111111110111101111111111111111111111111111011, 1111111110111111111111111110111111111001111111111111111111111111, 1111111111111111101111111111111111111111111111111111111111111111, 1111111111111111111111111011111101111110111111101111111111111111, 1111111111111111111111111111111111111110111111111111111111111111]
electre;-8.0;[[19.6  20.55 18.75 20.35]];973.0400000000002;64
included;[1011111111111111111111111110111101111111111111111111111111111011, 1111111111111111111111011111111111111111111111111111111111111111, 1111111111111111111111111111111111111111111111111111111111110111, 1111111110111101111111111101011111111111111111111111111111111111, 0111111111111111111111111111111111111111111111111111111110110111, 1111111111111111101111111111111111111111111111011111111111111111, 1111111111111111111111111111111111111111111111111111111111111111, 0111111111111111111111111111111111111111111111111111111111110111, 1111111111111111111111111111111111111111111111011111111111110111, 1111111111111111111111111111111111111111111111111111111111111111, 1111111111111111111111111111111111111111111111111111111111111111, 1110111111111111111111111110111101111111111111111111111111111011, 1111111110111111111111111110111111111001111111111111111111111111, 1111111111111111101111111111111111111111111111111111111111111111, 1111111111111111111111111011111101111110111111101111111111111111, 1111111111111111111111111111111111111110111111111111111111111111]
electre;-15.0;[[20.10906539 21.05       18.7        20.06191587]];970.5455097074541;62
included;[1011111111111111111111111110111101111111111111111111111111111011, 1111111111111111111111011111111111111111111111111111111111111111, 1111111111111111111111111111111111111111111111111111111111110111, 1111111110111101111111111101011111111111111111111111111111111111, 0111111111111111111111111111111111111111111111111111111110110111, 1111111111111111101111111111111111111111111111011111111111111111, 1111111111111111111111111111111111111111111111111111111111111111, 0111111111111111111111111111111111111111111111111111111111110111, 1111111111111111111111111111111111111111111111011111111111110111, 1111111111111111111111111111111111111111111111111111111111111111, 1111111111111111111111111111111111111111111111111111111111111111, 1110111111111111111111111110111101111111111111111111111111111011, 1111111110111111111111111110111111111001111111111111111111111111, 1111111111111111101111111111111111111111111111111111111111111111, 1111111111111111111111111011111101111110111111101111111111111111, 1111111111111111111111111111111111111110111111111111111111111111]
electre;-7.0;[[20.05906539 20.8        19.         19.76191587]];969.7755097074543;62
included;[1011111111111111111111111110111101111111111111111111111111111011, 1111111111111111111111011111111111111111111111111111111111111111, 1111111111111111111111111111111111111111111111111111111111110111, 1111111110111101111111111101011111111111111111111111111111111111, 0111111111111111111111111111111111111111111111111111111110110111, 1111111111111111101111111111111111111111111111011111111111111111, 1111111111111111111111111111111111111111111111111111111111111111, 0111111111111111111111111111111111111111111111111111111111110111, 1111111111111111111111111111111111111111111111011111111111110111, 1111111111111111111111111111111111111111111111111111111111111111, 1111111111111111111111111111111111111111111111111111111111111111, 1110111111111111111111111110111101111111111111111111111111111011, 1111111110111111111111111110111111111001111111111111111111111111, 1111111111111111101111111111111111111111111111111111111111111111, 1111111111111111111111111011111101111110111111101111111111111111, 1111111111111111111111111111111111111110111111111111111111111111]
electre;-4.0;[[19.5  20.25 19.15 20.3 ]];972.5400000000001;64
included;[1011111111111111111111111110111101111111111111111111111111111011, 1111111111111111111111011111111111111111111111111111111111111111, 1111111111111111111111111111111111111111111111111111111111110111, 1111111110111101111111111101011111111111111111111111111111111111, 0111111111111111111111111111111111111111111111111111111110110111, 1111111111111111101111111111111111111111111111011111111111111111, 1111111111111111111111111111111111111111111111111111111111111111, 0111111111111111111111111111111111111111111111111111111111110111, 1111111111111111111111111111111111111111111111011111111111110111, 1111111111111111111111111111111111111111111111111111111111111111, 1111111111111111111111111111111111111111111111111111111111111111, 1110111111111111111111111110111101111111111111111111111111111011, 1111111110111111111111111110111111111001111111111111111111111111, 1111111111111111101111111111111111111111111111111111111111111111, 1111111111111111111111111011111101111110111111101111111111111111, 1111111111111111111111111111111111111110111111111111111111111111]
electre;0.0;[[18.75 20.9  18.3  20.1 ]];973.05;64
included;[1011111111111111111111111110111101111111111111111111111111111011, 1111111111111111111111011111111111111111111111111111111111111111, 1111111111111111111111111111111111111111111111111111111111110111, 1111111110111101111111111101011111111111111111111111111111111111, 0111111111111111111111111111111111111111111111111111111110110111, 1111111111111111101111111111111111111111111111011111111111111111, 1111111111111111111111111111111111111111111111111111111111111111, 0111111111111111111111111111111111111111111111111111111111110111, 1111111111111111111111111111111111111111111111011111111111110111, 1111111111111111111111111111111111111111111111111111111111111111, 1111111111111111111111111111111111111111111111111111111111111111, 1110111111111111111111111110111101111111111111111111111111111011, 1111111110111111111111111110111111111001111111111111111111111111, 1111111111111111101111111111111111111111111111111111111111111111, 1111111111111111111111111011111101111110111111101111111111111111, 1111111111111111111111111111111111111110111111111111111111111111]
electre;12.0;[[18.76638798 19.77554657 19.42057847 19.0087986 ]];958.4374770476129;60
included;[1011111111111111111111111110111101111111111111111111111111111011, 1111111111111111111111011111111111111111111111111111111111111111, 1111111111111111111111111111111111111111111111111111111111110111, 1111111110111101111111111101011111111111111111111111111111111111, 0111111111111111111111111111111111111111111111111111111110110111, 1111111111111111101111111111111111111111111111011111111111111111, 1111111111111111111111111111111111111111111111111111111111111111, 0111111111111111111111111111111111111111111111111111111111110111, 1111111111111111111111111111111111111111111111011111111111110111, 1111111111111111111111111111111111111111111111111111111111111111, 1111111111111111111111111111111111111111111111111111111111111111, 1110111111111111111111111110111101111111111111111111111111111011, 1111111110111111111111111110111111111001111111111111111111111111, 1111111111111111101111111111111111111111111111111111111111111111, 1111111111111111111111111011111101111110111111101111111111111111, 1111111111111111111111111111111111111110111111111111111111111111]
electre;3.0;[[19.54394227 20.57801734 19.13096266 18.92170923]];973.3262137326036;60
included;[1011111111111111111111111110111101111111111111111111111111111011, 1111111111111111111111011111111111111111111111111111111111111111, 1111111111111111111111111111111111111111111111111111111111110111, 1111111110111101111111111101011111111111111111111111111111111111, 0111111111111111111111111111111111111111111111111111111110110111, 1111111111111111101111111111111111111111111111011111111111111111, 1111111111111111111111111111111111111111111111111111111111111111, 0111111111111111111111111111111111111111111111111111111111110111, 1111111111111111111111111111111111111111111111011111111111110111, 1111111111111111111111111111111111111111111111111111111111111111, 1111111111111111111111111111111111111111111111111111111111111111, 1110111111111111111111111110111101111111111111111111111111111011, 1111111110111111111111111110111111111001111111111111111111111111, 1111111111111111101111111111111111111111111111111111111111111111, 1111111111111111111111111011111101111110111111101111111111111111, 1111111111111111111111111111111111111110111111111111111111111111]
electre;0.0;[[18.80163818 21.2        18.95       19.56032764]];971.2341879881309;63
included;[1011111111111111111111111110111101111111111111111111111111111011, 1111111111111111111111011111111111111111111111111111111111111111, 1111111111111111111111111111111111111111111111111111111111110111, 1111111110111101111111111101011111111111111111111111111111111111, 0111111111111111111111111111111111111111111111111111111110110111, 1111111111111111101111111111111111111111111111011111111111111111, 1111111111111111111111111111111111111111111111111111111111111111, 0111111111111111111111111111111111111111111111111111111111110111, 1111111111111111111111111111111111111111111111011111111111110111, 1111111111111111111111111111111111111111111111111111111111111111, 1111111111111111111111111111111111111111111111111111111111111111, 1110111111111111111111111110111101111111111111111111111111111011, 1111111110111111111111111110111111111001111111111111111111111111, 1111111111111111101111111111111111111111111111111111111111111111, 1111111111111111111111111011111101111110111111101111111111111111, 1111111111111111111111111111111111111110111111111111111111111111]
electre;10.0;[[17.76555101 21.26555101 18.33887753 19.46220404]];969.7716495024239;60
included;[1011111111111111111111111110111101111111111111111111111111111011, 1111111111111111111111011111111111111111111111111111111111111111, 1111111111111111111111111111111111111111111111111111111111110111, 1111111110111101111111111101011111111111111111111111111111111111, 0111111111111111111111111111111111111111111111111111111110110111, 1111111111111111101111111111111111111111111111011111111111111111, 1111111111111111111111111111111111111111111111111111111111111111, 0111111111111111111111111111111111111111111111111111111111110111, 1111111111111111111111111111111111111111111111011111111111110111, 1111111111111111111111111111111111111111111111111111111111111111, 1111111111111111111111111111111111111111111111111111111111111111, 1110111111111111111111111110111101111111111111111111111111111011, 1111111110111111111111111110111111111001111111111111111111111111, 1111111111111111101111111111111111111111111111111111111111111111, 1111111111111111111111111011111101111110111111101111111111111111, 1111111111111111111111111111111111111110111111111111111111111111]
electre;-1.0;[[19.45906539 20.45       19.1        20.06191587]];966.1855097074543;63
included;[1011111111111111111111111110111101111111111111111111111111111011, 1111111111111111111111011111111111111111111111111111111111111111, 1111111111111111111111111111111111111111111111111111111111110111, 1111111110111101111111111101011111111111111111111111111111111111, 0111111111111111111111111111111111111111111111111111111110110111, 1111111111111111101111111111111111111111111111011111111111111111, 1111111111111111111111111111111111111111111111111111111111111111, 0111111111111111111111111111111111111111111111111111111111110111, 1111111111111111111111111111111111111111111111011111111111110111, 1111111111111111111111111111111111111111111111111111111111111111, 1111111111111111111111111111111111111111111111111111111111111111, 1110111111111111111111111110111101111111111111111111111111111011, 1111111110111111111111111110111111111001111111111111111111111111, 1111111111111111101111111111111111111111111111111111111111111111, 1111111111111111111111111011111101111110111111101111111111111111, 1111111111111111111111111111111111111110111111111111111111111111]
