256
256000
2 3 4 3
15
0 1 4 200 4 4
59 28 105 29
1 1 3 260 2 3
142 114 211
2 1 2 120 2 2
236 222
3 1 6 140 6 6
232 249 6 64 184 171
4 1 6 270 6 6
224 161 88 5 82 126
5 1 7 180 6 7
236 99 61 34 109 149 173
6 1 2 300 2 2
137 219
7 1 3 110 2 2
44 83 30
8 1 3 270 3 3
193 211 73
9 1 4 220 4 4
198 102 250 184
10 1 7 240 5 7
63 131 233 113 129 107 191
11 1 6 110 3 6
122 17 65 142 112 79
12 1 4 170 2 2
152 132 129 236
13 1 7 210 4 6
3 213 197 252 58 33 222
14 1 7 200 2 6
128 160 75 251 13 112 213
2600 2860 2 2 0 84 80 75 
1600 2240 3 2 0 0 130 120 
1100 1210 2 2 100 120 0 0 
2100 2730 2 1 0 0 120 100 
1900 2660 3 2 100 0 110 0 
2000 2200 3 2 80 84 70 0 
2800 3360 1 2 0 0 110 150 
2200 3080 1 2 0 100 0 130 
3000 3300 1 1 65 70 50 75 
2900 3190 2 1 0 100 0 110 
1700 2550 2 2 0 0 120 110 
3000 4500 1 2 0 77 80 50 
1800 2700 2 2 70 60 50 70 
1000 1400 3 2 100 130 0 0 
2000 2400 1 1 112 84 65 0 
2800 3360 3 1 65 70 75 65 
1100 1210 3 1 0 150 0 120 
2500 3250 2 2 0 0 150 130 
1300 1430 3 1 80 84 65 0 
2500 2750 1 1 0 70 104 70 
1500 1800 1 1 120 150 0 0 
1100 1650 3 1 0 105 104 50 
2900 3770 2 2 100 0 140 0 
1200 1800 1 1 110 0 130 0 
1300 1560 1 2 100 120 0 0 
2600 3900 2 1 0 140 0 150 
2100 2520 3 2 150 140 0 0 
2300 3220 2 2 0 77 88 75 
1100 1650 2 2 0 0 100 100 
2500 3500 2 1 100 110 0 0 
1300 1820 2 2 80 98 55 0 
2900 3190 1 2 80 98 60 0 
1700 2550 2 2 0 0 100 140 
2200 2420 1 2 110 0 100 0 
2500 3000 3 2 0 105 120 60 
2500 3250 1 1 120 100 0 0 
2500 3500 2 2 150 0 140 0 
2000 2600 3 2 120 0 150 0 
2500 3500 1 2 104 70 65 0 
1600 1760 2 1 150 0 120 0 
2200 2420 3 1 55 75 55 65 
1600 2240 3 2 0 100 0 100 
2900 4350 3 2 150 130 0 0 
1300 1430 3 2 0 0 140 130 
2900 4350 3 1 0 91 104 70 
2900 3190 2 2 65 75 55 75 
3000 4500 2 1 0 0 120 150 
1600 2080 3 2 0 120 0 150 
2200 3080 3 2 0 0 110 110 
3000 4200 1 1 55 60 70 50 
1500 1950 3 1 120 110 0 0 
1100 1650 3 2 88 105 50 0 
3000 4500 2 2 60 50 55 55 
2500 2750 3 2 120 0 110 0 
2000 3000 1 1 150 0 150 0 
2500 3000 2 2 0 110 0 150 
2900 3480 1 2 0 84 120 55 
2300 2760 1 1 150 120 0 0 
2900 4350 1 2 88 98 55 0 
1000 1400 2 2 0 98 112 75 
1500 1950 2 1 0 0 120 120 
1900 2660 1 2 140 0 140 0 
3000 4200 3 2 0 130 0 110 
1200 1320 1 2 110 130 0 0 
2100 2520 1 1 75 60 55 55 
1900 2470 2 1 0 0 120 120 
2700 3780 2 1 96 91 70 0 
1800 2520 2 1 50 75 70 60 
1500 2250 3 2 140 0 110 0 
1100 1650 2 2 0 0 150 100 
2900 3480 2 2 65 60 55 70 
1900 2850 2 1 0 140 0 150 
1500 1800 2 1 0 77 96 75 
2500 3750 1 2 0 140 0 100 
2300 2990 2 2 100 130 0 0 
2500 3250 1 1 0 100 0 110 
1000 1200 1 1 0 0 130 140 
1400 2100 1 1 75 70 55 75 
3000 3600 1 1 130 0 120 0 
1000 1500 2 1 96 98 50 0 
2200 3080 2 1 50 65 55 75 
1600 2080 1 1 0 0 150 140 
3000 4200 1 2 0 91 112 70 
1400 2100 3 2 0 120 0 110 
1600 2080 1 1 0 140 0 120 
1300 1820 3 1 65 50 65 60 
2500 3500 3 1 0 120 0 130 
3000 4200 2 2 0 150 0 120 
1000 1400 3 2 0 0 150 130 
1900 2660 2 1 150 150 0 0 
1500 1800 2 1 112 77 65 0 
1100 1320 3 2 150 130 0 0 
1300 1820 2 1 96 98 55 0 
2600 3900 2 2 104 77 65 0 
2500 3500 2 1 60 75 60 65 
1200 1800 3 2 0 100 0 130 
1700 1870 1 2 0 91 104 55 
3000 4500 3 1 112 105 75 0 
1400 1820 3 1 55 60 55 70 
1900 2090 1 1 0 110 0 120 
1400 1960 1 1 120 91 60 0 
1100 1540 3 1 120 105 75 0 
2600 3120 2 2 110 140 0 0 
1700 2550 3 1 120 100 0 0 
1100 1430 1 1 150 0 110 0 
1700 2380 3 1 65 60 65 75 
1400 1960 3 1 0 0 130 140 
1400 1820 2 1 110 0 100 0 
1600 2400 1 2 100 110 0 0 
1700 1870 1 2 0 77 88 75 
2400 2640 2 2 0 120 0 150 
2700 3510 3 1 70 60 55 70 
1100 1650 2 1 0 130 0 140 
3000 3900 2 2 0 91 96 65 
1400 2100 1 1 0 150 0 130 
2200 2860 3 1 60 70 60 60 
1300 1950 3 1 150 120 0 0 
2800 3360 2 2 50 50 60 70 
1900 2660 1 1 0 120 0 130 
3000 3300 2 1 0 84 104 75 
1200 1320 3 1 70 70 65 55 
1800 1980 1 1 0 0 130 150 
3000 3900 2 2 96 77 60 0 
2500 3250 3 1 0 0 150 110 
2600 3120 3 1 96 91 75 0 
1900 2090 3 2 0 77 112 65 
1500 1650 3 2 110 0 120 0 
2400 3360 2 2 80 98 75 0 
2300 2530 1 1 110 110 0 0 
2000 3000 3 1 0 105 80 50 
1200 1560 2 1 0 84 120 50 
2100 2730 1 2 70 60 75 65 
2100 3150 2 2 50 65 60 50 
2600 2860 2 1 88 84 75 0 
1100 1540 1 1 88 105 55 0 
2800 4200 3 1 100 0 100 0 
1100 1540 3 1 55 75 60 70 
1800 2700 1 1 110 150 0 0 
2700 3240 1 2 150 150 0 0 
2500 2750 3 2 112 70 50 0 
1900 2660 2 1 60 60 60 70 
2300 2530 1 1 100 0 120 0 
1800 1980 1 2 0 0 100 120 
2100 2940 1 2 0 98 88 75 
2900 3190 1 1 0 0 130 140 
2000 3000 3 2 75 65 50 60 
1900 2850 3 1 120 84 60 0 
2200 2860 3 2 120 110 0 0 
3000 3900 2 2 120 91 70 0 
1200 1320 2 1 0 98 112 65 
1600 2080 3 1 150 130 0 0 
1700 2380 2 2 0 110 0 120 
1800 1980 3 1 0 0 100 130 
2900 3190 3 1 0 110 0 140 
1400 2100 3 1 65 60 55 60 
1300 1690 2 2 50 55 60 70 
1400 1820 3 2 120 0 130 0 
3000 4200 1 1 0 70 120 60 
2700 2970 2 2 0 100 0 130 
2400 2880 2 2 120 130 0 0 
3000 4500 2 2 0 91 88 75 
2400 3600 3 1 0 120 0 120 
2700 4050 2 1 0 84 120 50 
2100 3150 1 2 0 130 0 100 
1000 1500 3 2 0 70 112 75 
2400 3360 2 1 0 77 120 65 
1300 1560 2 1 0 120 0 100 
2100 2730 2 1 88 77 70 0 
1100 1320 2 2 140 110 0 0 
2800 3080 2 1 0 91 104 55 
2400 2640 3 2 0 0 150 120 
2500 3250 2 2 110 100 0 0 
1900 2280 3 2 110 0 150 0 
1700 1870 1 1 70 70 75 55 
1300 1560 2 2 130 0 150 0 
1900 2850 3 2 120 120 0 0 
1000 1300 3 1 0 70 88 75 
2000 2400 1 1 130 130 0 0 
1800 2520 1 2 55 50 75 55 
1900 2850 1 2 0 0 100 130 
1100 1210 2 1 50 60 60 70 
1200 1800 1 1 120 110 0 0 
1600 2080 1 1 100 140 0 0 
1600 1760 3 2 75 60 70 75 
1900 2850 3 2 130 0 100 0 
1000 1100 1 1 150 140 0 0 
2800 3360 1 1 0 120 0 150 
2900 4350 2 1 0 0 140 100 
2700 2970 1 1 0 110 0 100 
1400 1680 3 1 0 100 0 120 
2800 3360 3 1 0 150 0 150 
1200 1440 3 1 0 130 0 120 
1700 2550 2 1 0 98 104 55 
1000 1500 1 1 0 150 0 140 
2000 3000 3 1 0 110 0 120 
1300 1690 3 2 80 84 60 0 
2700 3240 1 1 60 50 75 55 
1500 1650 1 1 70 55 70 65 
2900 3770 1 1 120 0 150 0 
2600 2860 1 2 96 105 65 0 
1400 1540 2 2 0 130 0 140 
2400 3600 3 1 110 0 100 0 
2400 2640 2 2 100 140 0 0 
1300 1560 2 2 140 0 110 0 
1800 2520 3 2 0 0 150 100 
2700 4050 1 1 65 65 60 50 
1800 2700 1 1 150 100 0 0 
2800 4200 1 2 140 0 150 0 
1600 2240 1 2 0 120 0 140 
1000 1400 1 2 0 98 104 60 
2800 3920 2 1 55 60 65 65 
2500 2750 2 2 0 70 120 65 
1900 2850 3 1 112 91 60 0 
2700 2970 3 1 0 110 0 100 
1100 1430 1 1 50 60 75 50 
2300 3220 2 2 80 105 50 0 
2900 3770 1 2 96 77 60 0 
2100 2730 3 2 110 0 130 0 
2100 2520 2 2 80 98 50 0 
1100 1320 3 2 100 0 140 0 
2400 2880 2 1 0 0 100 110 
2000 2400 1 2 120 0 110 0 
2600 3380 3 1 0 91 120 75 
1700 2380 1 2 112 91 55 0 
2100 2940 1 1 110 120 0 0 
1200 1680 2 1 110 0 120 0 
1100 1650 1 2 150 0 120 0 
1200 1320 1 2 0 0 150 120 
2800 3360 2 1 0 70 80 50 
3000 4500 2 1 100 0 120 0 
2300 2760 3 2 0 84 112 70 
1300 1950 1 2 140 150 0 0 
1800 2700 3 2 75 50 75 65 
2000 2600 2 1 0 120 0 130 
2500 3250 1 2 0 77 80 65 
1900 2850 3 1 112 70 75 0 
1600 2080 1 1 140 0 140 0 
1000 1100 2 1 0 0 140 120 
1500 2100 3 2 0 84 112 70 
2500 3500 1 2 55 60 70 60 
2400 2880 2 1 104 77 65 0 
2000 3000 3 1 0 0 100 150 
1800 2340 1 1 140 130 0 0 
2400 2880 2 2 140 0 120 0 
2000 3000 3 1 100 0 140 0 
1200 1800 3 1 120 0 100 0 
2700 4050 1 1 0 100 0 130 
1500 1650 2 1 140 130 0 0 
2700 4050 1 1 150 0 150 0 
1200 1440 3 1 150 150 0 0 
2800 3920 2 1 0 0 110 140 
2000 3000 3 1 0 84 88 55 
3000 4200 1 2 0 0 150 130 
2500 2750 1 2 0 0 100 140 
2100 2310 2 1 140 100 0 0 
2900 3770 1 1 120 0 100 0 
