64
64000
2 3 4 3
2
0 1 8 200 8 8
13 24 55 46 62 58 39 40
1 1 7 260 2 6
41 52 6 11 1 16 48
2400 3600 3 2 120 0 150 0 
1800 2520 1 1 104 105 75 0 
2000 2200 2 2 55 60 55 60 
2100 2730 3 1 88 98 75 0 
1300 1430 3 1 0 0 140 150 
2200 3300 3 2 0 91 80 65 
2100 2730 1 1 0 0 130 140 
1400 1820 1 2 0 150 0 150 
2500 2750 2 1 0 105 104 75 
2700 4050 2 2 110 130 0 0 
2300 3220 1 1 0 100 0 120 
3000 3300 2 2 100 0 150 0 
1400 2100 1 2 60 70 50 60 
2000 2400 1 1 0 110 0 140 
1900 2280 1 2 130 150 0 0 
2800 3360 3 1 0 100 0 120 
2600 3640 1 1 0 98 112 65 
1700 2040 3 1 0 0 120 100 
1000 1400 1 1 0 140 0 140 
2300 3220 1 1 0 0 140 150 
2400 3600 1 1 120 0 120 0 
1100 1430 3 1 0 0 100 120 
2300 2990 1 2 140 0 150 0 
1300 1820 1 1 60 55 60 70 
1700 2380 3 1 112 70 65 0 
2400 2640 3 1 150 0 140 0 
2700 3780 1 2 110 130 0 0 
2800 3640 3 2 100 140 0 0 
2200 2420 2 1 0 140 0 140 
2000 2200 1 2 150 110 0 0 
1600 2240 1 2 0 0 100 140 
1600 2400 1 1 0 100 0 120 
1500 1950 3 1 150 0 150 0 
1600 1920 3 2 0 140 0 150 
2300 2990 2 2 0 0 100 150 
1000 1300 1 2 110 0 130 0 
1200 1680 2 1 0 0 110 130 
1200 1440 3 2 0 110 0 110 
1700 2040 3 1 0 98 96 60 
2200 2860 3 1 0 0 140 150 
2500 3500 2 2 0 98 104 65 
1800 1980 2 2 130 110 0 0 
1400 1820 2 1 120 105 55 0 
2900 3190 1 1 104 91 60 0 
2500 3250 2 1 96 91 75 0 
2500 3750 3 2 0 110 0 150 
2300 3450 3 2 110 150 0 0 
2100 2730 2 2 100 0 140 0 
1500 1650 1 2 0 77 120 70 
1900 2850 1 1 0 110 0 140 
1100 1540 1 1 50 70 60 65 
2800 3080 3 1 55 55 70 55 
1600 1760 3 2 0 0 130 150 
2200 2640 1 1 0 0 120 110 
1800 2340 2 1 100 100 0 0 
1100 1650 3 1 140 0 140 0 
2400 2640 2 2 112 84 65 0 
1500 1650 3 1 104 98 60 0 
2800 3920 3 2 0 0 120 110 
2600 3120 3 1 0 0 110 120 
2300 2760 1 1 0 140 0 130 
2900 3480 2 1 0 105 104 75 
2400 3600 1 2 150 110 0 0 
2800 3920 3 2 0 140 0 110 
