50
50000
2 3 4 3
1
0 1 5 280 2 5
49 45 7 12 9
1200 1320 2 1 50 55 75 55 
3000 3300 3 2 130 0 120 0 
1200 1800 3 1 0 98 120 65 
2300 3220 1 1 112 70 75 0 
2500 2750 2 1 0 70 104 50 
1500 1950 1 2 100 0 110 0 
1000 1500 3 2 0 105 96 65 
1300 1430 3 2 0 110 0 130 
2100 2310 1 1 130 0 110 0 
1000 1100 1 1 0 110 0 100 
2400 2880 1 2 0 0 140 100 
1800 1980 2 2 0 0 110 130 
1800 2520 2 2 0 120 0 130 
1000 1200 3 1 120 150 0 0 
1100 1540 1 1 130 0 100 0 
1800 1980 2 1 70 60 50 50 
1800 1980 2 2 0 100 0 110 
1300 1560 1 2 75 50 55 50 
2800 4200 1 1 0 105 88 55 
2400 3600 3 1 0 70 104 60 
1400 1960 2 2 100 0 120 0 
2200 2860 3 2 150 0 140 0 
1100 1210 3 1 0 84 104 50 
2000 3000 1 1 140 150 0 0 
2500 2750 3 2 100 0 130 0 
1800 2340 3 1 0 98 88 50 
2400 3360 3 1 130 120 0 0 
2700 3510 3 1 130 150 0 0 
2400 3600 3 2 0 140 0 140 
1700 1870 2 1 80 91 75 0 
2700 3780 3 1 65 70 70 60 
2700 3780 3 2 150 150 0 0 
2000 3000 1 1 55 60 55 70 
1200 1680 2 2 140 0 120 0 
1600 1920 3 2 96 84 65 0 
2700 3240 2 1 60 50 55 60 
2700 3510 2 1 0 98 96 75 
1600 2080 2 1 0 0 130 150 
1200 1320 3 1 130 0 100 0 
3000 3300 2 2 50 50 55 60 
1600 2240 1 1 70 70 75 65 
2600 3380 3 2 150 110 0 0 
2300 3220 3 2 100 0 100 0 
3000 3300 3 2 0 0 150 150 
2400 2880 1 1 112 105 50 0 
1300 1560 1 2 0 0 140 130 
2800 3080 1 2 130 0 150 0 
1300 1690 1 2 150 130 0 0 
1500 2250 3 1 104 70 60 0 
2400 2640 3 2 110 0 150 0 
