128
128000
2 3 4 3
3
0 1 8 240 6 6
41 10 22 39 68 21 86 78
1 1 2 220 2 2
107 88
2 1 2 180 2 2
110 2
2800 3920 3 2 110 130 0 0 
1200 1560 3 2 100 0 120 0 
2800 3360 2 1 120 0 100 0 
2300 2990 2 2 0 150 0 110 
2400 2880 1 2 140 150 0 0 
2000 2400 2 1 88 84 65 0 
1500 1950 3 1 0 150 0 130 
1700 1870 2 2 112 105 70 0 
2700 3240 1 2 0 120 0 100 
2100 2730 1 1 0 0 130 110 
2200 3300 1 1 0 0 110 140 
1400 1540 1 1 0 105 112 50 
1900 2850 3 2 120 0 150 0 
1200 1680 2 1 0 105 88 55 
1800 1980 2 1 150 0 110 0 
2500 2750 2 2 0 150 0 150 
2500 3750 3 1 0 98 88 60 
1200 1560 3 2 0 70 120 50 
2400 3600 2 1 0 77 96 55 
2000 2200 3 2 100 100 0 0 
2600 3120 1 1 120 130 0 0 
1400 2100 1 1 0 77 104 55 
2800 3640 1 2 112 70 60 0 
1100 1650 1 2 120 91 50 0 
1400 1820 2 2 130 0 130 0 
1800 2340 1 1 150 120 0 0 
1700 2210 1 2 150 0 150 0 
1100 1320 1 2 65 50 70 70 
2500 3500 2 1 0 0 120 100 
1700 1870 2 2 88 91 55 0 
1400 1680 3 2 0 91 112 75 
2000 2400 1 1 120 140 0 0 
2100 3150 3 2 65 50 65 55 
1900 2660 3 1 150 120 0 0 
2600 2860 1 2 140 140 0 0 
1200 1800 1 1 120 0 150 0 
1900 2660 2 2 130 0 110 0 
1700 2550 1 2 120 140 0 0 
2000 2400 1 2 0 70 112 65 
3000 3300 2 2 0 98 120 60 
2100 3150 1 1 120 0 120 0 
2900 3480 3 2 150 0 120 0 
2200 2640 1 2 80 105 50 0 
2900 3190 3 2 120 70 65 0 
2100 2520 2 2 0 0 130 150 
1400 2100 2 1 100 0 150 0 
2300 2760 1 2 65 50 65 55 
1800 1980 1 2 0 0 110 140 
1900 2280 1 1 120 84 55 0 
2500 3250 2 1 150 110 0 0 
3000 3300 3 2 100 0 110 0 
1700 2210 2 1 130 150 0 0 
2500 3000 1 2 130 120 0 0 
1700 2210 2 1 140 130 0 0 
1600 1920 1 1 60 50 60 55 
2500 3250 1 2 0 91 120 60 
1600 2240 3 1 0 98 104 50 
1700 2550 3 1 55 55 65 55 
1900 2660 3 2 70 65 55 50 
2300 3450 3 2 140 120 0 0 
1900 2850 2 1 0 130 0 100 
2200 2420 1 2 150 0 120 0 
1800 2160 3 1 120 110 0 0 
1800 2340 3 2 0 77 104 65 
2200 3300 2 2 0 100 0 110 
1400 1680 2 2 0 0 120 110 
1000 1300 1 2 0 98 112 65 
1300 1560 2 1 0 0 120 100 
2800 3360 3 2 0 0 100 140 
1600 1760 2 1 65 55 75 60 
1400 1540 1 2 75 75 75 70 
2400 3120 1 2 100 100 0 0 
2800 3640 3 2 75 75 60 60 
3000 3300 3 1 70 50 75 50 
1900 2090 3 1 0 77 104 65 
2600 3900 3 2 0 98 112 70 
2200 3080 1 2 55 70 60 65 
2800 4200 1 2 50 50 75 50 
2500 3250 3 2 0 140 0 110 
1600 2400 3 2 0 120 0 100 
1500 2100 1 2 150 0 100 0 
1400 2100 2 1 65 65 60 60 
2200 3300 3 1 140 0 100 0 
1800 2160 2 1 130 0 100 0 
2000 2200 3 1 0 0 150 140 
1900 2090 2 2 50 60 50 60 
1800 2160 3 2 130 0 120 0 
2900 4350 3 1 60 55 65 60 
2800 3360 1 2 150 0 100 0 
1900 2280 1 1 130 100 0 0 
2700 3510 2 1 0 110 0 120 
1200 1680 2 2 88 84 75 0 
2800 3640 2 2 120 0 150 0 
2100 2520 1 2 55 65 60 50 
2600 3120 1 1 70 55 65 70 
3000 3300 3 2 60 75 70 70 
1400 1680 1 2 0 105 96 60 
2800 3920 2 2 0 0 120 140 
1000 1100 1 1 130 130 0 0 
1500 2250 3 1 0 100 0 100 
2200 2860 1 1 0 105 96 60 
2300 2530 2 2 140 0 140 0 
1500 1650 1 1 0 84 112 50 
1900 2660 2 1 0 140 0 120 
1500 2100 2 2 120 0 110 0 
1600 2240 1 1 0 0 130 120 
2300 2760 2 2 0 98 88 55 
2800 3360 1 1 0 120 0 140 
2700 2970 1 1 0 0 150 100 
2400 2640 2 2 0 91 104 75 
2100 2310 1 2 110 0 130 0 
2800 4200 3 1 70 60 70 50 
2200 2420 1 1 112 105 65 0 
2500 3750 1 2 0 100 0 130 
1100 1210 2 2 0 91 88 50 
2200 2420 3 2 0 0 100 150 
1700 2380 1 1 0 150 0 140 
2300 2990 3 1 0 91 104 60 
2400 2640 1 1 100 0 140 0 
1300 1430 2 2 0 0 110 120 
1400 1960 1 1 150 0 130 0 
2300 2760 1 1 75 60 70 60 
2800 3640 2 1 75 70 75 50 
1700 2550 2 2 140 140 0 0 
2100 2310 1 2 70 65 65 60 
1600 2400 3 2 55 55 55 70 
2500 2750 3 1 0 100 0 110 
1800 1980 1 2 150 0 100 0 
