128
128000
2 3 4 3
8
0 1 5 280 2 5
60 4 111 12 86
1 1 7 220 3 3
24 94 50 122 112 113 119
2 1 3 190 2 2
57 90 117
3 1 2 200 2 2
27 31
4 1 4 210 2 3
81 28 119 111
5 1 7 220 6 6
45 81 37 8 32 65 101
6 1 3 290 3 3
121 124 13
7 1 7 240 5 7
101 59 36 96 14 10 111
2000 2800 3 2 120 98 50 0 
2600 3900 3 1 130 130 0 0 
1500 2100 3 1 150 130 0 0 
2300 2760 1 2 120 0 150 0 
2200 2860 3 2 0 77 104 55 
2800 3360 3 1 140 0 100 0 
2500 3250 1 2 120 77 60 0 
2900 3770 2 2 120 130 0 0 
3000 4500 3 1 150 0 130 0 
2300 3450 3 1 140 0 120 0 
2100 2520 2 1 120 91 75 0 
2700 2970 2 2 0 84 104 60 
2800 3360 2 1 0 91 96 70 
2900 3190 1 1 0 0 130 130 
1700 2210 1 1 100 0 150 0 
1200 1560 1 2 150 0 130 0 
2000 2600 2 1 0 70 96 55 
2100 2310 2 2 120 130 0 0 
2500 3500 2 2 0 70 104 55 
2400 2640 2 2 55 65 70 50 
1100 1210 3 1 55 60 50 75 
2900 3190 3 1 140 0 110 0 
1600 2240 2 1 65 55 65 65 
2100 2310 3 2 88 77 70 0 
1800 2160 3 2 120 0 110 0 
2200 2640 3 2 120 84 75 0 
2700 3240 3 1 0 140 0 140 
1400 2100 1 2 0 100 0 120 
2200 2640 3 1 96 91 70 0 
1600 1760 3 1 0 140 0 130 
2100 2310 3 2 110 120 0 0 
1600 2240 2 1 150 0 130 0 
1500 2100 2 2 0 110 0 130 
2200 2640 1 1 140 0 120 0 
2900 3480 3 1 50 50 70 60 
2100 2310 2 1 120 0 140 0 
2100 2730 2 1 88 91 50 0 
1400 1960 3 1 60 50 70 60 
2600 3380 3 2 0 150 0 110 
1200 1560 1 2 88 105 75 0 
1300 1820 3 2 110 0 110 0 
2800 4200 1 2 100 0 140 0 
1000 1500 2 2 0 0 130 110 
1300 1560 3 2 88 77 60 0 
1300 1560 2 1 0 105 96 50 
2400 3600 3 2 0 84 88 50 
1700 1870 1 2 130 100 0 0 
2100 2310 2 2 120 140 0 0 
3000 3900 2 1 120 100 0 0 
1800 1980 1 1 110 120 0 0 
2500 3500 3 2 80 70 50 0 
2800 3360 3 2 60 65 60 65 
1800 1980 1 2 0 98 120 55 
2900 3190 3 1 0 105 88 50 
2000 3000 1 1 104 77 65 0 
3000 3300 1 2 0 110 0 100 
1700 1870 1 1 150 0 110 0 
2300 2760 3 1 0 84 96 65 
1600 1920 3 1 96 91 55 0 
2900 3770 3 1 75 55 75 75 
2300 3450 3 1 0 120 0 150 
2800 3360 1 2 80 91 70 0 
1600 2080 1 2 88 77 70 0 
2800 3640 2 2 60 55 55 50 
3000 3600 2 1 0 0 110 140 
1200 1560 3 2 100 0 100 0 
2700 2970 2 2 70 65 75 75 
1000 1300 2 1 0 0 150 120 
2400 2880 2 1 0 120 0 110 
2600 3380 2 2 150 110 0 0 
1700 2210 1 1 150 0 150 0 
2700 3240 1 2 96 98 70 0 
2000 2200 3 2 65 65 70 75 
1500 1950 3 1 80 98 60 0 
1500 1650 2 1 0 0 130 130 
2600 3380 2 2 140 0 130 0 
2000 2800 2 1 0 84 80 65 
3000 4200 2 1 110 130 0 0 
2300 2990 3 2 100 130 0 0 
1600 1920 1 1 110 0 110 0 
2500 3500 2 2 0 77 112 70 
2800 3080 1 2 80 70 55 0 
1400 1960 2 1 0 70 104 65 
2900 4350 2 2 65 60 70 50 
2400 3120 2 1 150 0 130 0 
2200 2640 2 1 0 110 0 140 
1800 2340 3 1 88 105 55 0 
1600 2400 1 1 0 84 112 60 
2500 3000 1 2 0 0 100 150 
1800 2520 3 1 0 84 112 50 
1900 2280 1 1 120 110 0 0 
1300 1690 3 2 0 110 0 130 
2500 2750 2 1 0 84 120 65 
1500 2100 1 1 110 0 120 0 
2700 4050 3 2 140 110 0 0 
1700 2550 3 2 65 65 70 50 
2600 3380 3 1 55 55 70 60 
2100 2730 3 1 130 100 0 0 
2200 2420 1 1 0 0 130 100 
1900 2090 1 1 55 60 60 75 
2000 3000 3 1 100 0 140 0 
1400 1540 1 2 0 0 120 120 
3000 3600 1 2 150 0 100 0 
2900 3770 1 2 130 120 0 0 
2600 2860 1 2 150 130 0 0 
2200 2640 1 2 140 130 0 0 
1200 1560 3 2 100 0 130 0 
1100 1540 1 1 0 105 120 70 
2000 2200 2 1 130 0 140 0 
2700 2970 2 2 50 70 55 50 
2700 3780 2 1 60 60 55 60 
1200 1440 2 2 60 65 70 60 
3000 3900 3 1 0 84 120 65 
1600 1760 2 2 150 0 110 0 
2300 3220 1 1 130 0 120 0 
1200 1800 1 2 120 150 0 0 
1900 2280 3 2 0 70 80 50 
2700 3240 3 2 0 0 120 140 
2000 2800 3 2 110 100 0 0 
2000 2800 3 1 55 75 55 75 
2100 2940 2 2 0 100 0 140 
2300 2760 1 2 80 70 50 0 
2700 3510 2 1 0 77 120 75 
1200 1560 2 2 0 0 150 140 
2500 3750 1 1 130 130 0 0 
3000 4200 2 2 0 84 112 50 
2600 2860 3 2 0 100 0 140 
3000 3900 3 2 150 150 0 0 
