256
256000
2 3 4 3
0
1300 1560 1 2 50 70 75 50 
2400 3600 3 2 0 0 100 120 
2500 3000 2 2 0 0 130 140 
1900 2470 1 1 0 98 96 70 
2500 3250 3 1 0 0 140 110 
2100 2940 1 2 0 120 0 150 
1000 1500 1 2 140 100 0 0 
2300 3450 1 2 0 105 80 60 
2200 2860 1 2 75 55 55 50 
2700 2970 2 2 75 55 55 65 
1800 2520 2 2 150 140 0 0 
3000 3300 2 2 0 120 0 140 
2400 2640 2 2 0 91 88 60 
1600 1920 1 2 112 70 60 0 
2300 3450 3 2 0 150 0 100 
1700 2210 2 2 120 91 55 0 
2900 3190 3 1 130 130 0 0 
2500 3500 2 2 60 75 50 50 
1500 2100 3 1 65 60 70 60 
1400 1820 2 2 0 0 110 130 
2000 2400 1 1 150 120 0 0 
1300 1430 2 1 80 98 75 0 
1400 1820 2 1 75 55 50 60 
2400 2640 3 1 0 150 0 110 
2800 3080 2 2 0 120 0 120 
2500 3750 1 1 120 91 60 0 
3000 3300 2 1 60 75 70 50 
2700 4050 3 1 88 84 70 0 
1700 2210 3 1 0 100 0 130 
1900 2850 2 1 75 70 50 55 
1700 2040 2 1 0 0 100 130 
2200 2640 3 1 88 98 65 0 
2200 3080 3 1 140 140 0 0 
1700 2040 1 1 100 120 0 0 
1200 1560 1 1 0 0 110 120 
3000 3600 1 2 0 120 0 120 
1100 1210 1 2 0 105 80 75 
1000 1400 1 1 130 0 130 0 
2400 3120 1 2 112 98 75 0 
2600 3380 2 1 140 0 130 0 
1000 1400 1 1 120 91 60 0 
2900 3770 1 1 100 0 110 0 
1100 1650 3 2 0 0 120 120 
2300 3450 2 2 104 77 75 0 
2600 3640 1 1 80 84 60 0 
1000 1400 1 2 140 0 110 0 
2200 2640 2 1 150 100 0 0 
1900 2850 3 1 0 120 0 150 
1900 2850 1 2 0 0 120 100 
2600 2860 1 1 0 140 0 120 
2300 2760 1 1 120 100 0 0 
1900 2660 3 2 50 55 70 65 
2700 4050 2 2 0 120 0 140 
1600 1760 2 2 70 75 60 55 
2300 3220 3 1 96 98 60 0 
2500 3000 1 1 0 130 0 130 
1600 2080 3 2 120 0 140 0 
2100 3150 3 2 100 140 0 0 
1900 2850 2 1 0 0 120 110 
1900 2470 1 2 65 50 50 70 
1000 1400 2 2 0 100 0 130 
2700 3780 3 1 0 140 0 130 
2000 3000 1 2 0 0 140 140 
2300 2760 3 2 0 0 100 140 
2400 3600 3 1 88 77 75 0 
2200 2860 1 2 88 98 75 0 
1800 2520 2 2 60 70 50 75 
1700 2040 3 1 0 130 0 130 
1200 1440 2 2 0 70 88 70 
1900 2850 1 2 110 0 110 0 
2100 2310 1 2 0 110 0 120 
1800 1980 2 1 0 98 80 65 
1700 2380 1 2 100 0 110 0 
1200 1560 3 2 0 0 110 120 
1700 2040 2 1 0 84 120 70 
1300 1690 2 2 0 140 0 110 
2200 3080 1 1 60 50 70 70 
2200 3080 3 2 0 0 100 110 
3000 3300 3 1 0 0 140 140 
1100 1430 1 1 150 100 0 0 
1500 1950 2 2 0 91 80 70 
2400 2640 3 2 0 98 96 55 
2300 3220 2 1 0 0 110 130 
1900 2850 1 1 150 0 120 0 
1000 1500 1 1 0 0 120 120 
1700 1870 1 1 0 0 140 140 
1300 1820 3 1 130 0 100 0 
1600 2080 1 2 0 105 120 65 
1900 2470 3 2 0 0 100 150 
1400 1540 3 1 0 105 80 50 
1900 2090 1 1 0 0 150 100 
2600 3380 1 1 0 0 130 120 
1400 1540 2 2 55 50 60 50 
2400 3600 3 1 0 91 120 65 
2100 2730 1 2 140 120 0 0 
1400 2100 3 2 80 91 55 0 
2100 2730 3 2 112 84 50 0 
2300 2530 1 2 120 100 0 0 
2800 3080 1 2 0 120 0 110 
1900 2090 2 1 0 120 0 100 
2000 2200 1 2 110 140 0 0 
1800 2160 3 2 60 50 65 65 
2900 3770 1 2 100 140 0 0 
1900 2090 1 1 140 0 110 0 
1800 2700 3 1 120 100 0 0 
1400 2100 1 1 0 100 0 130 
2500 3500 2 1 0 140 0 100 
2100 3150 1 2 0 105 96 70 
2300 2760 2 2 0 0 140 110 
2400 2880 3 1 0 0 130 140 
2800 3640 2 1 0 70 120 60 
1200 1680 3 1 0 0 150 140 
1400 2100 3 1 0 110 0 100 
2700 3780 1 2 120 91 65 0 
2600 3900 3 1 70 50 65 50 
1900 2660 2 1 130 150 0 0 
1900 2470 2 2 120 0 110 0 
1500 1650 1 2 0 110 0 110 
2900 3190 1 1 88 70 60 0 
1700 1870 1 1 75 55 55 50 
1500 2100 1 2 0 0 140 150 
2800 4200 1 1 0 150 0 120 
2200 3080 2 2 110 100 0 0 
2900 4350 3 2 120 120 0 0 
1500 1800 1 2 0 0 150 120 
1200 1800 2 1 0 0 140 100 
1400 1820 3 1 130 120 0 0 
2800 3360 3 1 0 110 0 130 
2600 3640 2 2 0 150 0 120 
1000 1200 2 1 112 84 75 0 
1900 2090 1 1 75 50 65 50 
1200 1680 1 2 0 0 150 150 
1700 2040 2 2 80 84 75 0 
2000 2800 3 1 0 120 0 140 
2400 3600 3 1 75 50 75 65 
2300 2760 2 2 0 0 100 120 
1400 2100 1 1 150 0 120 0 
2200 3300 2 2 0 130 0 130 
2800 3360 3 2 88 77 60 0 
1100 1650 2 1 96 98 70 0 
1100 1210 1 1 0 84 80 55 
2600 3640 1 1 130 0 140 0 
2900 3770 3 1 100 120 0 0 
2100 2730 1 1 112 70 75 0 
1200 1560 1 2 50 60 65 55 
1600 2400 3 1 0 84 120 55 
2400 3600 1 2 0 140 0 150 
1600 1920 1 1 140 110 0 0 
1400 1680 1 1 120 70 65 0 
3000 4500 2 2 0 98 96 60 
1600 2400 1 2 96 105 75 0 
3000 3300 1 1 80 70 50 0 
1200 1440 1 1 150 0 150 0 
2300 3450 1 1 100 0 120 0 
2100 2940 3 1 0 150 0 150 
1400 1680 3 1 100 0 130 0 
2900 3480 2 2 70 55 70 55 
1000 1200 3 2 130 0 120 0 
1500 2250 2 2 0 0 150 140 
2100 2520 3 2 0 105 104 65 
1700 1870 1 2 0 0 150 130 
2600 3380 1 2 0 130 0 150 
1200 1800 3 2 0 130 0 140 
1500 1950 3 1 0 70 96 70 
1600 2400 3 2 0 70 112 55 
1000 1300 3 2 0 84 88 55 
2700 3240 1 1 96 84 50 0 
2000 2600 2 2 88 77 55 0 
2300 3450 2 2 0 98 120 60 
2000 2800 2 2 0 77 96 65 
1100 1650 3 1 65 75 50 60 
2300 3450 3 1 0 150 0 100 
2800 3360 2 2 140 120 0 0 
2200 3080 3 1 0 98 120 65 
2300 3220 1 2 100 0 110 0 
1800 2520 1 1 130 0 150 0 
1800 2520 1 1 0 0 100 150 
3000 3900 3 2 0 0 150 130 
2500 3000 3 2 65 60 60 60 
2500 3750 1 2 120 0 150 0 
2200 3080 3 2 0 91 88 70 
1600 2400 2 1 0 105 120 50 
2200 3080 2 1 150 100 0 0 
1700 2550 3 1 120 110 0 0 
1200 1800 1 2 0 0 130 100 
1600 2240 1 1 0 0 120 100 
2000 2200 1 1 0 110 0 110 
1900 2090 3 1 140 0 130 0 
1700 2380 3 1 120 0 150 0 
1800 2520 2 2 75 75 55 55 
1300 1430 3 2 0 0 110 140 
1100 1650 2 1 65 75 70 50 
2900 3190 1 2 0 0 130 100 
2000 2600 3 2 0 150 0 120 
2200 2420 1 2 100 0 130 0 
2300 3220 3 1 75 60 70 65 
1900 2090 1 2 120 120 0 0 
1100 1320 2 1 0 130 0 110 
2900 3770 1 1 0 150 0 100 
1600 1760 3 2 60 60 55 60 
1600 1920 2 2 0 0 120 150 
2500 3500 1 1 75 70 55 75 
1300 1820 3 2 150 0 110 0 
1100 1430 2 1 0 70 96 75 
2400 3600 2 2 0 77 80 70 
1600 1760 2 2 0 110 0 110 
1400 1960 1 1 0 120 0 150 
2700 3780 2 1 130 130 0 0 
2200 2420 2 2 0 98 88 55 
2500 3500 2 1 100 130 0 0 
2800 4200 2 2 110 0 130 0 
1200 1560 3 1 100 140 0 0 
2400 3120 3 1 140 0 150 0 
2400 3360 2 2 0 150 0 130 
1700 2210 3 2 0 0 110 150 
3000 3300 3 1 100 0 100 0 
2200 2420 1 1 104 98 60 0 
2500 3000 1 2 0 0 100 110 
2100 2520 1 1 150 130 0 0 
2400 2640 2 1 120 130 0 0 
2300 2990 2 1 150 120 0 0 
2400 3360 2 1 130 0 130 0 
1900 2090 2 1 80 105 75 0 
1500 2250 1 1 112 105 70 0 
1000 1400 2 1 130 110 0 0 
1500 2100 1 2 0 120 0 150 
1300 1430 3 2 150 150 0 0 
1800 2160 2 2 0 84 96 60 
2300 2760 2 1 0 0 110 150 
1600 1760 2 1 110 100 0 0 
2700 2970 2 2 65 75 50 50 
1200 1440 3 1 0 70 96 50 
2200 2860 2 2 150 130 0 0 
2000 2600 1 2 130 150 0 0 
1700 1870 3 2 0 120 0 150 
1400 1960 1 1 120 0 110 0 
2000 3000 2 2 55 50 75 55 
2600 3900 1 2 0 0 120 130 
1500 2250 3 2 0 98 112 70 
2700 3510 2 2 0 0 120 140 
1600 2080 1 1 96 77 60 0 
2400 3600 2 1 0 0 130 150 
1900 2280 2 2 120 0 120 0 
1700 2210 3 1 100 140 0 0 
2000 2800 3 1 50 75 50 75 
1100 1430 3 2 88 77 75 0 
2000 2200 3 2 80 105 50 0 
2700 3240 3 2 0 70 80 75 
2400 3600 2 1 120 0 130 0 
2700 3240 2 2 80 84 50 0 
1000 1100 3 2 60 60 75 55 
2200 3080 1 1 140 150 0 0 
2200 3080 3 1 140 140 0 0 
2900 3190 2 1 140 0 130 0 
2900 3480 1 1 150 0 100 0 
1300 1950 1 1 0 150 0 130 
