64
64000
2 3 4 3
3
0 1 7 260 6 6
18 62 34 11 2 3 13
1 1 5 270 2 5
35 59 61 57 48
2 1 8 180 8 8
33 16 20 47 30 28 58 39
1100 1540 2 2 55 50 75 50 
2100 3150 3 1 70 75 70 55 
2600 3900 1 2 110 150 0 0 
1000 1300 1 1 0 77 104 70 
1600 1760 2 2 0 0 110 130 
2400 3120 1 2 0 100 0 130 
1000 1500 1 1 60 55 70 50 
1700 1870 2 1 60 65 70 55 
1300 1820 1 2 140 0 120 0 
1900 2470 1 1 150 0 150 0 
1500 2250 1 2 0 0 110 120 
2200 2860 1 1 150 140 0 0 
1300 1820 3 1 100 120 0 0 
1400 1680 2 1 0 98 80 50 
2400 3360 3 1 0 77 80 65 
1200 1680 3 1 110 110 0 0 
2200 3300 3 1 0 70 88 55 
1600 1920 2 1 0 0 120 120 
2000 3000 1 1 112 98 55 0 
1400 1820 3 1 0 70 80 50 
2500 2750 2 1 130 130 0 0 
2500 3000 2 2 0 150 0 130 
1700 1870 2 2 75 70 60 50 
2200 3080 2 2 120 0 120 0 
1400 1960 3 1 100 0 150 0 
1400 1680 1 1 0 84 120 70 
1600 2400 2 1 0 0 100 150 
1500 2250 2 2 0 0 140 100 
1900 2850 3 1 120 150 0 0 
1300 1950 1 1 0 0 120 150 
2700 4050 2 2 0 150 0 150 
1500 2250 1 2 65 70 70 55 
2900 4060 1 2 0 77 80 65 
1900 2090 1 2 0 0 150 120 
3000 3900 1 2 55 65 60 65 
1300 1430 1 2 0 91 88 50 
3000 3900 3 2 0 77 104 75 
1400 2100 3 1 100 0 100 0 
2200 3080 2 1 0 105 112 50 
1900 2280 1 1 140 150 0 0 
1600 2400 3 2 0 0 150 150 
2700 3240 1 1 0 98 96 50 
1400 1960 3 1 100 110 0 0 
1200 1680 2 1 0 0 140 110 
2900 3480 1 1 75 75 70 55 
1100 1540 3 1 0 100 0 140 
1200 1800 1 2 150 0 130 0 
1400 2100 1 2 130 0 120 0 
1600 2240 3 1 0 110 0 140 
2600 3120 3 1 0 120 0 120 
2200 3300 2 2 0 0 100 130 
1300 1690 1 1 150 140 0 0 
2500 2750 1 1 0 84 96 70 
2000 2600 2 2 100 140 0 0 
2300 2990 3 2 112 84 55 0 
1200 1800 2 1 0 0 130 100 
1000 1400 2 1 55 75 55 55 
2900 3190 2 1 120 0 130 0 
2000 2200 2 1 120 91 75 0 
2400 3360 3 2 110 0 150 0 
2000 2400 1 2 140 130 0 0 
1500 1950 1 1 150 120 0 0 
2900 3480 2 2 150 100 0 0 
2100 2940 3 1 140 110 0 0 
