64
64000
2 3 4 3
1
0 1 4 190 3 4
25 54 33 44
1400 1540 2 2 120 105 70 0 
2600 2860 2 1 112 91 60 0 
2300 3220 1 2 55 50 70 75 
1300 1950 2 1 130 0 110 0 
1700 2380 1 2 0 0 130 110 
2800 3360 2 1 0 98 120 75 
2800 4200 3 1 55 65 70 70 
1000 1400 3 2 0 0 110 120 
2800 3360 3 2 110 0 110 0 
1800 2160 2 1 96 84 60 0 
1200 1320 3 1 0 0 130 100 
2500 3250 1 2 0 70 104 60 
1000 1200 1 2 150 110 0 0 
1200 1560 3 2 130 0 150 0 
1000 1200 3 1 0 70 112 55 
3000 4200 2 2 0 140 0 110 
2900 4060 3 1 0 140 0 120 
1300 1430 1 1 80 98 70 0 
1900 2470 1 1 150 120 0 0 
2400 2880 1 2 65 70 75 50 
2100 2520 1 2 0 0 150 110 
3000 3300 3 2 70 75 60 50 
2300 2530 2 2 0 140 0 140 
1400 1820 1 1 0 120 0 140 
1700 2210 2 1 0 0 130 110 
1200 1800 1 1 100 0 110 0 
3000 4200 1 2 88 91 75 0 
1000 1100 1 2 100 0 110 0 
1800 1980 3 2 110 0 120 0 
1600 1920 3 2 96 70 70 0 
2300 2530 1 1 120 130 0 0 
2300 2760 2 1 0 0 130 130 
1000 1300 3 1 50 75 75 55 
1500 1950 2 2 0 0 140 120 
2500 3750 2 2 0 70 96 55 
1400 1680 1 1 104 91 50 0 
3000 3900 3 2 0 77 88 50 
1000 1100 2 2 55 65 50 60 
2700 3240 1 2 150 110 0 0 
2300 2530 2 2 0 98 112 70 
2800 3080 3 1 120 0 150 0 
1300 1560 2 1 0 110 0 110 
2300 2530 2 2 0 98 112 55 
2200 2860 1 2 0 70 104 50 
2500 3250 3 1 0 105 80 70 
2900 3190 1 2 0 130 0 120 
1300 1690 1 1 0 91 104 70 
1700 1870 3 2 0 0 140 120 
2800 4200 1 1 120 70 75 0 
1000 1200 2 1 110 120 0 0 
2700 3240 3 1 100 0 100 0 
1200 1440 3 2 110 120 0 0 
1900 2660 1 2 104 105 50 0 
1500 2250 2 1 100 0 140 0 
1300 1690 3 1 104 91 50 0 
2700 3510 3 2 130 0 100 0 
1200 1560 1 2 110 120 0 0 
1700 2380 3 1 55 75 70 50 
2400 2880 3 2 110 0 100 0 
1400 1960 1 2 130 100 0 0 
1200 1320 3 2 0 100 0 130 
2100 2520 2 1 104 77 70 0 
1200 1440 1 2 0 98 96 50 
1100 1320 1 2 130 110 0 0 
