256
256000
2 3 4 3
16
0 1 4 200 4 4
211 178 252 204
1 1 2 230 2 2
119 2
2 1 7 190 3 3
178 35 114 34 120 171 91
3 1 7 250 2 3
249 221 61 46 18 212 189
4 1 6 120 6 6
89 182 78 247 223 43
5 1 2 160 2 2
189 82
6 1 3 210 2 2
211 27 244
7 1 2 120 2 2
199 162
8 1 2 160 2 2
81 96
9 1 4 230 3 4
228 83 52 161
10 1 4 200 2 4
122 45 101 73
11 1 2 150 2 2
75 23
12 1 3 150 3 3
223 254 83
13 1 5 290 3 3
59 201 105 141 170
14 1 4 270 2 4
181 146 3 7
15 1 8 300 4 4
71 50 209 79 32 132 51 126
2000 2800 2 2 0 84 80 55 
2300 3220 3 1 65 70 75 55 
2400 3360 3 1 120 100 0 0 
1600 2240 2 1 104 91 50 0 
1700 2380 1 2 65 75 70 75 
1400 1960 2 1 120 150 0 0 
2300 2530 1 1 150 100 0 0 
2700 2970 1 1 100 120 0 0 
1300 1690 1 1 140 0 130 0 
2800 3080 1 1 65 75 50 55 
2600 3640 3 2 0 0 150 110 
2700 4050 1 2 100 150 0 0 
1400 1820 2 1 0 130 0 140 
2300 2760 2 1 65 55 65 65 
1800 1980 2 1 0 110 0 150 
2400 2640 2 2 130 140 0 0 
1200 1800 2 1 0 0 100 150 
2500 3500 3 1 0 84 104 65 
2400 2880 3 1 100 110 0 0 
2600 3380 3 2 65 75 65 75 
2900 3480 1 1 150 120 0 0 
1900 2850 2 2 0 91 96 65 
2500 3750 2 1 0 0 110 130 
1500 2100 3 2 140 130 0 0 
2200 3300 1 2 110 0 150 0 
2000 3000 2 1 100 110 0 0 
2800 4200 2 2 120 98 65 0 
1800 2340 1 1 100 110 0 0 
1800 2160 2 2 0 0 120 130 
1300 1560 1 2 110 0 110 0 
1500 1800 2 1 104 91 55 0 
2600 3120 2 1 0 84 80 75 
1900 2090 3 1 88 98 65 0 
2300 3220 3 2 75 70 50 75 
2500 3000 2 1 104 84 50 0 
1800 2700 3 2 0 70 88 75 
1200 1560 3 1 96 91 60 0 
2200 2860 2 2 60 70 60 50 
1300 1820 3 1 140 0 120 0 
1800 2700 2 2 75 70 60 60 
1800 1980 1 2 0 150 0 110 
2100 3150 3 1 130 120 0 0 
1400 1960 1 1 75 65 75 60 
1900 2280 3 2 60 75 55 70 
2400 3600 3 1 110 0 130 0 
2300 3220 3 2 0 91 104 60 
2700 3780 2 1 60 65 70 50 
2000 3000 1 1 88 91 60 0 
1000 1300 2 1 60 75 70 50 
1100 1320 1 1 0 120 0 100 
2600 3380 3 2 0 120 0 100 
1100 1210 3 2 0 0 110 110 
1000 1200 1 2 120 0 150 0 
2700 4050 3 2 0 77 120 60 
1700 2210 2 1 140 110 0 0 
2800 3080 1 1 80 105 65 0 
3000 4200 2 2 110 140 0 0 
2000 2800 1 2 140 110 0 0 
2100 2520 2 2 0 98 80 60 
1400 1960 1 2 70 65 70 65 
1200 1560 1 2 150 150 0 0 
2600 3380 2 1 0 0 130 120 
2600 3380 1 2 0 0 140 110 
2000 2600 2 1 0 105 104 50 
1700 1870 1 1 70 50 50 55 
1000 1300 2 1 0 98 88 55 
2800 3640 1 1 120 77 50 0 
2900 3770 2 1 112 91 55 0 
1000 1400 1 1 130 0 100 0 
3000 3900 1 1 0 0 150 150 
2900 3770 2 2 104 84 60 0 
2000 2400 2 2 96 84 70 0 
3000 4200 1 2 65 55 55 75 
1500 2250 2 2 75 65 50 60 
1800 1980 2 1 150 110 0 0 
2500 3500 3 1 55 65 65 75 
2300 2530 1 2 130 0 110 0 
1100 1320 3 1 0 140 0 100 
2500 3000 2 1 140 0 120 0 
1400 1540 2 1 0 130 0 120 
2100 2730 1 2 120 77 50 0 
1900 2660 3 1 100 110 0 0 
2100 2310 3 1 120 0 110 0 
2600 3640 2 1 75 75 65 70 
1500 2250 1 1 0 120 0 100 
2300 2530 1 2 120 70 65 0 
2900 3480 2 2 0 110 0 150 
1500 2100 3 2 80 77 60 0 
1700 1870 1 1 55 50 65 75 
1300 1560 3 1 0 0 100 140 
1800 2700 2 2 0 105 80 55 
2600 3120 2 2 120 130 0 0 
1400 1540 2 2 100 0 110 0 
1800 1980 2 2 0 0 130 100 
1300 1690 1 2 112 98 60 0 
3000 4200 3 2 0 140 0 140 
1500 2250 1 1 0 98 112 60 
1700 2040 3 1 65 55 65 60 
2100 3150 2 1 120 0 100 0 
1100 1650 2 2 0 140 0 150 
1500 1800 2 2 0 98 80 55 
1700 2380 2 1 104 77 70 0 
2300 2990 2 2 0 84 120 55 
3000 3300 1 2 110 0 120 0 
1000 1100 1 2 140 0 140 0 
3000 4500 2 2 104 98 65 0 
2200 2420 3 2 0 0 150 100 
2400 2880 2 2 88 98 60 0 
1800 2340 2 1 0 110 0 150 
2500 3500 3 1 0 0 100 140 
1100 1430 3 1 110 0 100 0 
2500 3500 3 1 112 84 50 0 
1300 1950 1 1 130 0 130 0 
1700 2380 3 1 0 98 112 70 
2100 2940 3 1 55 75 50 50 
1300 1560 2 1 0 84 120 60 
1500 2100 1 2 110 0 140 0 
1000 1500 2 2 140 140 0 0 
1400 1820 2 2 150 0 100 0 
1900 2280 1 2 0 0 100 110 
2500 3250 1 1 130 0 150 0 
1800 1980 3 1 0 110 0 130 
2900 4060 3 2 150 0 100 0 
1000 1500 3 2 65 60 55 55 
1400 1820 3 2 0 98 120 75 
1000 1300 1 1 0 98 80 55 
2400 3120 3 1 50 65 65 75 
2800 3360 1 1 140 100 0 0 
2300 2990 3 2 110 0 110 0 
2300 2530 1 2 150 0 120 0 
2600 3380 1 2 0 0 120 120 
2600 2860 3 2 0 91 112 75 
2800 3360 2 2 150 140 0 0 
2300 2530 2 1 110 0 150 0 
2600 3900 2 1 0 140 0 150 
2200 2420 3 2 88 77 60 0 
2700 3240 1 1 0 0 130 140 
2700 2970 3 2 120 0 130 0 
1000 1400 3 2 80 77 55 0 
2100 2520 1 2 130 120 0 0 
1800 2520 1 1 0 130 0 140 
2600 3380 2 1 110 140 0 0 
2200 2640 1 1 140 0 110 0 
1400 2100 2 1 110 0 120 0 
1900 2660 1 2 0 150 0 110 
2900 3190 3 2 0 0 140 120 
1000 1400 3 1 140 0 130 0 
1300 1430 1 1 0 0 100 100 
2000 2200 1 2 80 84 60 0 
2600 2860 3 2 120 0 150 0 
2900 3480 1 1 110 130 0 0 
2800 3920 1 1 0 105 96 55 
1700 2550 2 1 150 0 100 0 
2100 2730 2 2 0 100 0 120 
1800 2160 2 1 50 65 75 65 
1900 2280 2 1 120 0 120 0 
2100 2730 3 1 104 91 70 0 
2300 3220 3 2 0 91 80 70 
1600 1760 1 2 0 70 96 50 
1000 1200 2 2 150 100 0 0 
3000 4500 1 2 100 0 110 0 
1300 1820 3 1 120 70 70 0 
2600 3380 2 1 0 0 140 140 
2500 3000 2 1 88 70 60 0 
2900 3190 1 1 96 70 60 0 
1600 2400 1 2 75 70 65 75 
1300 1820 1 2 0 91 96 60 
1600 2400 1 1 0 0 140 120 
2000 2800 1 1 75 65 65 60 
2800 4200 3 2 110 130 0 0 
2100 3150 3 2 70 55 70 70 
2500 3250 2 2 0 0 130 120 
2700 3510 3 1 55 70 75 75 
2500 3750 2 2 0 70 112 75 
3000 3600 1 1 0 77 88 60 
1100 1210 3 1 0 140 0 150 
1500 2250 1 1 70 50 60 75 
1200 1440 2 1 0 100 0 110 
2600 3120 3 2 120 120 0 0 
1200 1320 3 1 0 77 120 65 
2200 2640 3 2 0 0 120 150 
2300 2760 3 2 0 100 0 140 
1500 1650 1 1 110 100 0 0 
2600 3380 1 1 0 0 110 120 
2300 2530 2 1 0 130 0 150 
1700 2550 3 1 0 91 96 75 
1000 1500 3 1 50 55 60 55 
1400 2100 3 2 0 0 130 100 
1600 2400 3 1 100 0 100 0 
1100 1430 2 2 0 0 130 130 
3000 3300 3 1 70 65 50 55 
2500 3000 1 2 0 0 110 100 
2300 3450 2 1 150 140 0 0 
2200 3080 3 2 100 0 130 0 
1200 1560 1 2 50 60 75 75 
2000 2800 2 2 80 84 60 0 
2400 3120 3 2 70 75 55 50 
2700 3510 2 1 140 130 0 0 
1500 2100 3 2 0 150 0 110 
1100 1650 2 2 96 84 50 0 
2400 3360 3 2 130 0 150 0 
2900 3190 1 2 110 140 0 0 
2600 3900 1 2 100 120 0 0 
1500 1950 3 1 0 91 80 65 
1100 1650 3 2 0 120 0 150 
1100 1540 2 2 70 60 60 65 
1000 1400 1 1 50 70 70 75 
2900 4350 3 1 0 0 120 130 
1800 2340 3 2 0 0 100 110 
2200 3080 1 1 120 0 140 0 
2900 4060 2 1 130 0 120 0 
1200 1320 3 2 120 140 0 0 
2200 2420 3 2 130 0 110 0 
2600 2860 3 2 100 100 0 0 
1500 2250 2 1 0 91 88 75 
2800 4200 1 1 0 0 130 110 
1000 1100 2 2 0 84 104 55 
2500 3250 2 2 140 140 0 0 
2700 4050 2 1 0 105 96 60 
2300 3220 1 2 0 0 150 130 
1200 1440 1 2 0 110 0 140 
1400 1960 2 2 0 130 0 150 
1000 1100 3 1 0 0 150 110 
2300 2530 3 1 65 65 75 50 
1100 1540 3 2 0 120 0 120 
2300 3450 2 1 55 60 55 70 
1000 1400 2 2 88 84 60 0 
1200 1800 1 1 120 91 75 0 
2600 2860 3 1 50 50 55 50 
1600 2080 2 1 140 140 0 0 
1200 1320 1 1 0 0 120 110 
1000 1400 1 1 0 0 150 140 
2500 3500 1 1 0 110 0 150 
1500 1650 1 2 0 150 0 100 
1300 1820 2 2 70 70 75 70 
2400 3600 3 2 75 60 70 65 
1200 1560 2 2 80 70 60 0 
2900 3770 3 1 80 70 70 0 
2800 3360 2 1 0 120 0 140 
1100 1650 3 2 0 0 150 130 
1900 2470 2 1 0 130 0 110 
1000 1200 3 2 100 120 0 0 
1700 2210 2 2 0 70 96 65 
1800 2340 3 2 150 0 120 0 
2600 3380 2 2 150 0 140 0 
2800 3920 2 1 150 0 110 0 
1800 2520 1 2 120 0 110 0 
1800 1980 2 2 0 0 110 120 
2300 3220 1 2 0 98 88 70 
2200 2860 1 2 0 0 130 130 
2600 3640 1 1 0 130 0 120 
2500 3500 3 1 120 120 0 0 
1200 1440 3 2 70 60 50 75 
1400 1540 3 1 0 0 100 110 
1700 2040 3 2 0 84 104 55 
2400 3360 1 1 0 120 0 130 
