50
50000
2 3 4 3
1
0 1 5 300 4 4
17 13 3 14 9
3000 4500 3 2 0 130 0 150 
2900 3770 3 1 96 70 70 0 
1800 2160 1 1 0 91 120 55 
1200 1440 2 1 0 77 120 60 
3000 3300 3 2 0 0 110 120 
2800 3920 1 2 110 0 110 0 
1000 1400 1 2 0 70 112 60 
1900 2850 1 1 104 77 70 0 
1800 2700 1 2 50 75 55 70 
2200 2640 1 1 55 55 75 50 
1300 1950 3 2 0 70 88 60 
2600 3900 2 1 0 150 0 100 
1400 1680 2 1 0 120 0 100 
2400 2640 2 1 0 0 150 110 
1900 2280 3 1 0 0 130 120 
2300 3220 3 1 0 0 140 110 
1200 1320 2 1 96 91 70 0 
1700 2380 1 2 0 84 80 70 
2100 3150 3 2 60 75 70 65 
1900 2850 2 2 0 120 0 130 
2700 3780 3 1 130 130 0 0 
2100 2730 1 1 120 77 55 0 
2700 3780 3 2 0 0 110 140 
2400 3360 2 2 0 0 120 100 
3000 3900 2 1 112 70 70 0 
1200 1680 1 2 110 120 0 0 
2600 3900 2 2 0 77 120 70 
1100 1650 1 2 65 70 75 75 
2900 3190 3 1 70 50 65 55 
1600 2400 2 1 0 150 0 110 
2600 3900 2 2 100 0 150 0 
2200 2420 3 2 0 0 130 130 
1300 1560 2 1 120 130 0 0 
1700 1870 3 1 0 0 100 130 
1500 2100 1 2 0 0 130 100 
1800 1980 3 2 150 0 150 0 
2500 3000 1 2 88 70 50 0 
1300 1820 3 2 150 140 0 0 
2000 3000 1 1 0 140 0 150 
1300 1820 2 1 0 70 120 65 
2900 3480 1 2 130 120 0 0 
1000 1100 2 2 104 70 50 0 
2100 3150 1 1 60 60 50 70 
2300 2530 1 2 0 70 120 70 
2600 3900 2 1 65 65 75 50 
2400 3600 3 2 65 75 60 75 
2900 3770 2 2 130 140 0 0 
1500 1650 2 1 0 100 0 140 
2400 3600 2 1 100 0 110 0 
3000 3600 1 2 112 105 50 0 
