128
128000
2 3 4 3
2
0 1 6 190 3 5
24 56 74 22 4 12
1 1 7 110 5 6
59 25 122 120 29 99 48
3000 3900 2 1 0 91 120 65 
2000 2200 3 1 65 50 55 50 
1800 2700 2 2 0 77 88 70 
1800 2160 2 1 150 100 0 0 
2700 3510 3 1 120 120 0 0 
1700 2040 3 2 0 84 80 75 
1200 1560 1 2 75 50 50 50 
1100 1430 2 2 140 0 130 0 
1700 1870 2 1 50 60 60 75 
2900 3480 2 2 0 77 88 75 
2200 3080 2 2 140 130 0 0 
1500 1800 3 2 0 150 0 100 
2300 2760 2 2 100 0 130 0 
3000 4500 3 2 50 75 70 65 
1700 1870 1 1 0 0 140 110 
2100 3150 1 2 0 120 0 140 
2700 3510 2 1 96 98 60 0 
1800 2340 1 1 0 150 0 150 
2400 2880 1 1 0 105 80 65 
1600 1760 2 2 65 55 50 60 
2300 2530 2 2 110 150 0 0 
1400 2100 3 1 0 0 120 100 
1200 1320 2 2 130 0 100 0 
1200 1560 1 2 110 110 0 0 
2900 4350 1 1 96 84 60 0 
2200 2640 3 1 0 120 0 100 
2100 2520 1 1 0 0 130 150 
2300 2990 2 1 150 140 0 0 
1400 1540 1 2 70 60 60 70 
2400 2640 3 1 55 65 70 65 
1900 2470 3 2 80 77 75 0 
1100 1210 1 1 112 84 60 0 
2700 3510 2 2 70 55 75 65 
1300 1950 2 1 140 0 100 0 
1700 2210 3 1 0 70 112 60 
1400 2100 1 1 0 120 0 130 
2000 3000 1 2 96 105 75 0 
2500 3750 2 2 0 140 0 100 
2200 2420 3 2 88 91 60 0 
2000 3000 3 1 0 98 104 60 
1000 1200 3 1 140 120 0 0 
2500 2750 1 2 55 50 55 55 
1100 1320 3 2 0 84 120 70 
1700 2550 3 2 150 100 0 0 
2500 3000 3 2 0 150 0 100 
2200 3300 3 2 150 0 120 0 
2500 3000 2 2 130 0 100 0 
2200 2860 1 2 0 105 104 75 
3000 3900 3 1 60 55 75 50 
1200 1440 3 2 0 150 0 130 
2600 3120 3 2 0 140 0 150 
2600 3380 1 2 110 0 120 0 
1200 1560 3 2 0 0 130 120 
2700 3240 3 2 150 140 0 0 
2800 4200 1 1 130 0 130 0 
2800 3080 1 2 0 0 140 140 
1300 1430 3 2 0 91 88 70 
2000 2200 1 1 96 98 50 0 
1900 2090 1 1 140 120 0 0 
2800 3920 2 2 65 55 55 60 
1600 1760 3 1 70 70 55 65 
2800 3080 3 2 0 110 0 140 
2800 3920 3 2 0 100 0 130 
1100 1320 3 1 120 0 140 0 
1300 1950 1 1 0 150 0 140 
1200 1800 2 2 96 77 75 0 
1700 2210 1 1 120 70 50 0 
1400 1820 1 1 0 70 120 70 
2500 3250 3 1 110 0 100 0 
2400 3360 3 1 55 60 60 60 
2700 3240 2 1 120 0 140 0 
1400 1540 2 1 0 98 120 65 
1700 1870 1 2 0 0 110 140 
2100 2730 3 2 130 140 0 0 
2800 3920 2 1 55 70 75 55 
1100 1320 3 2 0 0 100 110 
2000 2400 3 2 110 110 0 0 
2000 2600 3 2 0 140 0 110 
1500 1650 2 2 50 75 75 50 
2900 3480 1 2 0 70 104 75 
1600 1920 2 2 0 140 0 110 
1500 2250 3 1 88 70 60 0 
1100 1210 2 2 70 75 65 65 
2500 3000 1 1 0 0 150 130 
2300 2990 2 2 96 105 55 0 
1700 1870 2 1 0 84 80 65 
1200 1800 1 2 0 120 0 110 
2100 2310 1 2 50 50 60 70 
1500 1800 2 1 0 70 112 65 
1400 1960 3 1 150 0 100 0 
2600 3380 3 1 0 120 0 120 
3000 4200 3 2 104 105 60 0 
1300 1950 2 2 120 140 0 0 
2500 2750 2 1 70 70 65 65 
2300 2530 3 2 120 0 140 0 
1000 1500 1 1 150 0 100 0 
2100 2520 1 2 0 0 110 120 
2500 2750 3 1 0 105 112 55 
2700 3510 3 1 65 75 50 75 
2200 3300 3 1 140 0 140 0 
1100 1320 3 1 96 98 50 0 
2200 2640 1 1 0 120 0 100 
1000 1500 1 1 0 84 104 55 
2500 3250 3 2 100 0 120 0 
2000 2400 3 1 0 140 0 100 
1700 1870 3 1 0 150 0 120 
1800 2700 2 2 0 98 104 75 
1200 1560 3 2 0 150 0 120 
1800 1980 2 1 0 140 0 110 
1100 1540 1 1 0 91 120 65 
1600 1920 3 2 0 84 112 75 
2700 3780 3 2 0 100 0 150 
1600 2080 3 2 0 91 88 70 
1900 2090 2 2 0 0 150 130 
1000 1400 1 1 0 130 0 120 
1000 1200 2 2 0 120 0 140 
2400 2880 3 2 110 0 110 0 
2900 3770 1 1 0 140 0 150 
2900 3770 1 1 150 0 100 0 
2500 3750 3 1 0 130 0 140 
2900 4060 1 1 0 120 0 110 
1700 2210 1 2 112 84 60 0 
2500 2750 2 1 55 65 75 50 
2000 2400 2 2 60 70 65 70 
2300 3450 3 2 0 110 0 150 
1200 1560 2 2 0 150 0 120 
2600 3380 1 1 0 0 100 140 
1200 1560 2 2 88 98 55 0 
