1 5.25 0.0 2020.0 13.0  9.5
2 3.25 1.0 2048.0 1469.25  12.5
3 2.5 0.0 2025.0 1378.25  13.0
4 4.25 0.0 2026.0 19.0  9.0
5 8.25 0.0 2043.0 126.25  22.5
6 4.5 0.0 2010.0 15.5  10.5
7 4100.0 3969.0 4878.0 4715.75  4629.0
8 4214.25 4044.0 5181.0 4906.75  4629.0
9 4369.5 4130.0 5040.0 4844.5  4643.5
10 4337.0 4111.0 5364.0 5210.25  4540.0
11 3879.25 3683.0 4726.0 4647.75  4527.5
12 4226.0 4046.0 5149.0 4922.75  4601.5
13 4634.5 4447.0 5142.0 5047.0  4964.0
14 4085.25 3947.0 4804.0 4610.75  4184.0
15 4718.25 4505.0 5373.0 5210.5  5040.5
16 4064.0 3826.0 4975.0 4903.25  4817.5
17 4056.75 3859.0 5140.0 4923.25  4669.0
18 4678.75 4442.0 5350.0 5168.75  5081.5
19 4515.0 4402.0 5382.0 5214.0  4937.5
20 3201.0 3031.0 3893.0 3744.5  3621.0
