100
250000
23  14  11  14  11  7  9  7  4 
5000 1   2  0  0  35000  0  45000  0  0  18000  0  
4975 1   1  0  0  40000  45000  0  0  12000  0  0  
4950 3   2  10000  0  0  0  0  30000  0  0  42000  
4925 2   1  0  30000  0  0  45000  0  0  42000  0  
4900 2   2  0  0  20000  45000  0  0  0  6000  0  
4875 3   1  0  0  15000  0  45000  0  12000  0  0  
4850 1   2  30000  0  0  0  30000  0  0  48000  0  
4825 1   2  0  10000  0  45000  0  0  0  48000  0  
4800 2   1  25000  0  0  0  0  45000  0  42000  0  
4775 3   1  0  0  50000  45000  0  0  0  0  48000  
4750 3   1  0  10000  0  0  0  15000  48000  0  0  
4725 2   2  35000  0  0  0  45000  0  0  60000  0  
4700 1   2  0  10000  0  45000  0  0  0  36000  0  
4675 2   2  0  0  10000  0  0  60000  0  30000  0  
4650 3   2  0  30000  0  60000  0  0  0  0  24000  
4625 1   2  20000  0  0  0  0  60000 30000  0  0  
4600 2   2  15000  0  0  0  0  30000  6000  0  0  
4575 1   1  0  45000  0  0  60000  0  48000  0  0  
4550 1   1  0  10000  0  30000  0  0  24000  0  0  
4525 1   2  0  0  10000  0  30000  0  0  0  30000  
4500 1   2  0  25000  0  15000  0  0  0  54000  0  
4475 2   2  40000  0  0  60000  0  0  0  0  36000  
4450 2   2  0  0  25000  0  45000  0  0  60000  0  
4425 3   1  0  15000  0  0  0  45000  12000  0  0  
4400 3   2  0  0  45000  0  0  60000 30000  0  0  
4375 1   2  5000  0  0  0  60000  0  0  0  18000  
4350 3   2  0  0  25000  0  45000  0  0  0  30000  
4325 3   1  35000  0  0  0  45000  0  30000  0  0  
4300 1   1  0  0  15000  30000  0  0  0  48000  0  
4275 2   1  30000  0  0  30000  0  0  0  48000  0  
4250 2   2  0  40000  0  0  30000  0  18000  0  0  
4225 1   1  0  50000  0  45000  0  0  0  0  42000  
4200 2   1  40000  0  0  0  15000  0  12000  0  0  
4175 2   2  35000  0  0  0  0  60000  0  0  24000  
4150 2   1  45000  0  0  0  30000  0  0  0  42000  
4125 2   2  0  0  50000  45000  0  0  0  0  60000  
4100 2   1  45000  0  0  0  60000  0  24000  0  0  
4075 2   2  40000  0  0  60000  0  0  0  48000  0  
4050 1   2  0  0  25000  0  0  15000  48000  0  0  
4025 3   1  0  45000  0  0  30000  0  42000  0  0  
4000 3   2  0  0  25000  0  0  45000  54000  0  0  
3975 1   2  10000  0  0  0  60000  0  6000  0  0  
3950 3   1  30000  0  0  30000  0  0  0  60000  0  
3925 2   2  0  0  50000  0  0  15000  60000  0  0  
3900 2   2  0  0  45000  15000  0  0  0  0  12000  
3875 3   2  0  0  35000  30000  0  0  0  54000  0  
3850 2   2  0  30000  0  45000  0  0  0  0  6000  
3825 3   2  0  0  40000 15000  0  0  0  0  6000  
3800 3   1  0  5000  0  60000  0  0  0  0  36000  
3775 1   2  0  10000  0  0  0  45000  0  0  12000  
3750 3   2  0  0  15000  60000  0  0  0  54000  0  
3725 2   1  0  30000  0  0  0  45000  0  48000  0  
3700 1   2  0  10000  0  0  60000  0  18000  0  0  
3675 3   2  0  10000  0  0  0  15000  0  30000  0  
3650 1   1  15000  0  0  45000  0  0  0  54000  0  
3625 2   2  40000  0  0  0  60000  0  0  36000  0  
3600 1   2  0  0  5000  0  0  15000  18000  0  0  
3575 1   2  10000  0  0  0  0  60000  0  0  60000  
3550 1   2  25000  0  0  30000  0  0  0  0  48000  
3525 3   1  0  10000  0  15000  0  0  0  0  30000  
3500 3   2  0  20000  0  60000  0  0  0  0  6000  
3475 3   1  20000  0  0  0  0  60000  0  0  60000  
3450 2   2  0  0  50000  0  0  60000  0  18000  0  
3425 2   2  0  0  40000 15000  0  0  0  60000  0  
3400 2   1  0  0  40000  0  15000  0  54000  0  0  
3375 3   1  0  45000  0  0  0  15000  0  0  48000  
3350 2   1  0  50000  0  60000  0  0  0  0  36000  
3325 2   2  0  45000  0  0  0  30000  0  0  54000  
3300 3   2  5000  0  0  0  0  15000  0  18000  0  
3275 1   1  20000  0  0  0  0  30000  0  0  18000  
3250 2   1  0  0  30000  0  60000  0  18000  0  0  
3225 3   2  0  10000  0  0  45000  0  0  6000  0  
3200 1   1  10000  0  0  45000  0  0  60000  0  0  
3175 2   1  45000  0  0  0  0  30000 12000  0  0  
3150 3   2  0  30000  0  15000  0  0  0  48000  0  
3125 3   1  25000  0  0  0  30000  0  0  0  60000  
3100 2   1  45000  0  0  60000  0  0  0  0  24000  
3075 1   1  20000  0  0  0  60000  0  0  30000  0  
3050 3   2  0  0  10000  60000  0  0  0  0  30000  
3025 3   2  25000  0  0  0  0  15000  0  6000  0  
3000 2   2  40000  0  0  30000  0  0  0  0  12000  
2975 3   2  0  0  35000  0  15000  0  0  0  24000  
2950 2   1  0  25000  0  0  0  30000  0  0  30000  
2925 3   1  5000  0  0  0  30000  0  6000  0  0  
2900 3   1  0  0  10000  60000  0  0  0  24000  0  
2875 3   2  0  0  10000  0  15000  0  0  48000  0  
2850 1   2  0  0  50000  0  45000  0  36000  0  0  
2825 3   1  10000  0  0  0  30000  0  0  0  60000  
2800 3   2  40000  0  0  0  0  60000  0  0  6000  
2775 2   1  0  0  35000  0  30000  0  0  42000  0  
2750 1   1  0  0  25000  60000  0  0  0  0  12000  
2725 2   2  0  35000  0  60000  0  0  54000  0  0  
2700 1   2  0  20000  0  15000  0  0  0  0  42000  
2675 1   1  25000  0  0  0  0  15000  0  24000  0  
2650 2   1  0  0  50000  0  0  15000  0  0  48000  
2625 2   2  0  0  45000  0  0  15000  0  12000  0  
2600 3   1  5000  0  0  30000  0  0  0  0  36000  
2575 1   1  0  0  10000  0  60000  0  0  0  24000  
2550 2   2  20000  0  0  0  60000  0  0  0  60000  
2525 2   2  20000  0  0  0  30000  0  18000  0  0  
