256
256000
2 3 4 3
16
0 1 4 170 3 3
115 122 175 202
1 1 7 280 5 6
183 199 76 185 83 161 66
2 1 7 210 5 7
224 16 132 177 50 149 51
3 1 8 190 6 8
180 100 9 130 16 47 169 83
4 1 7 210 6 6
166 60 232 96 21 102 224
5 1 6 220 3 4
131 195 251 205 140 168
6 1 8 190 6 8
46 133 183 12 119 80 149 162
7 1 8 180 2 3
193 207 67 139 166 175 122 162
8 1 5 110 3 3
196 70 60 61 194
9 1 6 280 3 4
70 0 159 233 194 231
10 1 7 250 2 4
208 34 167 147 169 56 161
11 1 2 180 2 2
16 32
12 1 7 300 4 5
31 43 203 44 235 232 206
13 1 8 270 8 8
237 70 67 11 193 104 22 8
14 1 7 270 2 7
128 102 36 12 154 76 33
15 1 5 250 5 5
154 195 244 213 9
1500 2250 1 1 0 0 120 130 
1600 2400 3 1 0 105 88 50 
1200 1800 3 2 140 0 130 0 
2300 2990 3 1 0 0 110 120 
2400 2880 1 2 130 0 130 0 
1900 2090 2 1 0 98 80 50 
1400 1540 1 2 0 140 0 110 
2500 3250 1 2 60 55 50 65 
1700 2040 3 2 0 0 140 120 
1000 1200 2 1 50 65 75 50 
1200 1680 1 2 70 60 50 65 
1400 1680 2 2 0 140 0 120 
1800 1980 1 1 0 0 110 150 
3000 4500 2 1 0 0 120 100 
1700 1870 2 2 0 120 0 140 
1900 2090 2 1 120 150 0 0 
1600 2240 3 2 0 105 112 55 
1700 2550 1 1 0 150 0 140 
2700 2970 2 1 0 105 120 65 
1400 2100 3 2 120 77 75 0 
1900 2850 2 2 0 91 96 70 
1100 1210 2 2 100 150 0 0 
1300 1690 3 1 0 0 110 120 
1900 2660 2 1 100 0 150 0 
1600 2240 3 2 96 91 65 0 
1200 1440 1 2 110 0 120 0 
1000 1300 3 2 75 55 65 50 
2000 2200 3 1 0 105 104 60 
1500 1650 3 2 0 100 0 100 
2900 4060 3 1 65 55 70 55 
1000 1100 3 2 0 0 150 100 
1800 2700 2 1 0 130 0 150 
2600 3380 3 1 0 98 112 60 
2800 3640 1 1 140 130 0 0 
2700 4050 3 1 110 150 0 0 
1400 1680 2 2 104 105 60 0 
2300 2990 2 2 0 120 0 110 
2500 3000 1 2 120 110 0 0 
1100 1650 1 2 0 0 110 110 
2200 2420 3 1 80 105 75 0 
1000 1100 3 1 0 0 150 140 
1400 1540 3 1 75 65 50 55 
2400 3600 1 2 150 150 0 0 
2100 2730 3 2 0 91 104 60 
2000 2800 3 1 60 75 75 60 
2200 3080 2 2 0 84 96 50 
1400 1960 3 2 70 50 55 65 
1300 1430 1 1 0 0 120 100 
2000 3000 3 1 112 77 70 0 
1200 1440 2 1 112 98 50 0 
2700 3240 3 1 0 0 130 120 
2500 3000 2 1 0 98 112 60 
1800 1980 2 1 0 120 0 130 
1300 1950 3 2 0 0 150 140 
2500 3500 1 2 120 120 0 0 
1600 1920 1 1 150 0 140 0 
1600 2080 3 1 0 110 0 110 
3000 3900 1 2 120 150 0 0 
2000 2400 3 1 65 60 70 55 
2500 3500 3 2 55 70 50 50 
1800 2340 3 1 60 70 70 60 
2900 3480 2 2 0 77 88 65 
1900 2660 1 1 0 100 0 150 
1200 1680 2 2 0 98 96 70 
2000 2400 2 1 112 91 60 0 
1300 1690 2 2 50 75 65 60 
2800 3640 1 2 0 100 0 100 
2900 4060 2 2 110 0 120 0 
2400 3120 3 1 96 84 60 0 
1400 1680 1 1 112 70 50 0 
1600 1760 2 2 75 70 55 60 
2100 2310 1 2 0 120 0 110 
2800 3920 2 1 140 130 0 0 
1800 2340 1 1 140 0 110 0 
2400 2880 2 1 104 77 75 0 
2300 2990 3 1 88 77 50 0 
1900 2470 3 1 60 50 65 60 
2400 3120 3 1 100 0 120 0 
2800 3920 3 1 55 55 55 60 
1800 2160 3 2 0 98 112 55 
1900 2660 1 2 80 91 50 0 
2200 2640 3 1 0 0 140 100 
1700 2040 1 1 130 0 120 0 
1500 1950 2 2 120 0 130 0 
1800 2340 3 1 88 70 75 0 
1300 1430 3 1 0 84 112 55 
1600 2400 3 1 130 100 0 0 
2500 3000 3 1 0 0 120 100 
1100 1430 3 2 0 0 140 100 
2000 3000 3 2 110 0 120 0 
1800 2160 3 1 0 105 80 65 
2600 3380 1 2 130 130 0 0 
1300 1690 1 1 0 100 0 100 
1300 1950 2 1 0 140 0 100 
1800 2520 2 1 60 50 70 75 
2700 2970 1 2 0 98 104 55 
2400 3600 1 1 150 0 130 0 
2200 2860 2 1 140 0 140 0 
2000 3000 3 1 112 70 50 0 
2900 3190 1 2 140 150 0 0 
2600 3900 1 1 0 70 80 55 
1000 1100 2 1 75 65 75 60 
2600 3380 1 2 55 60 65 50 
2800 3080 1 1 0 140 0 120 
1400 1820 3 1 0 77 112 75 
1300 1950 3 1 100 0 110 0 
2800 4200 3 1 100 100 0 0 
3000 3900 3 2 0 0 100 100 
2000 2800 1 1 0 140 0 110 
2000 2800 3 2 55 60 55 60 
3000 4200 3 1 75 75 60 60 
1800 2700 3 2 0 120 0 110 
2400 3600 1 2 0 0 110 100 
1900 2660 2 1 0 0 150 130 
1700 1870 2 1 0 98 104 55 
1600 2080 3 2 0 91 96 75 
1700 2040 2 1 140 110 0 0 
1500 2100 3 2 120 150 0 0 
2500 3250 2 2 120 84 70 0 
2700 3780 2 2 0 70 112 50 
2100 2730 3 1 150 120 0 0 
2700 2970 1 2 0 0 120 120 
1600 1920 3 2 110 120 0 0 
1300 1690 1 1 0 140 0 100 
2200 2860 1 2 130 120 0 0 
2200 2420 2 2 0 130 0 150 
1900 2470 3 1 0 77 96 55 
1700 2040 1 2 0 77 104 75 
1500 1650 1 1 50 65 65 70 
1600 1920 2 2 55 55 70 75 
2900 3770 3 1 140 0 100 0 
1600 2400 3 2 0 0 120 120 
1100 1210 3 2 140 0 110 0 
1200 1800 2 1 0 77 112 50 
1200 1320 3 1 0 110 0 150 
1200 1680 3 2 0 0 100 100 
1800 2520 1 1 75 65 65 75 
2500 3000 3 2 112 105 65 0 
1100 1540 3 1 0 120 0 120 
3000 3300 1 1 60 65 70 70 
1600 2240 1 1 96 77 70 0 
1000 1300 3 1 140 120 0 0 
1900 2660 2 2 70 60 60 75 
2200 3080 3 1 60 50 75 75 
1100 1210 1 1 0 0 120 140 
2400 3600 2 2 140 150 0 0 
2100 2940 3 2 0 0 110 100 
1900 2660 2 1 0 0 110 110 
1100 1430 2 2 140 110 0 0 
1200 1680 3 1 0 150 0 100 
1300 1820 3 1 0 110 0 140 
1200 1680 3 2 0 110 0 110 
1400 1540 2 1 65 65 60 50 
2300 2530 3 2 140 0 140 0 
2900 4060 2 2 50 55 50 60 
1300 1820 1 2 0 140 0 110 
2900 3480 1 2 0 120 0 130 
1800 2700 3 1 140 0 100 0 
2400 3120 3 1 0 98 88 55 
1300 1950 3 1 55 55 70 50 
2300 2760 2 2 120 0 120 0 
2100 3150 1 2 100 0 130 0 
2800 3640 3 2 150 120 0 0 
2400 2640 2 2 0 0 130 130 
2100 2310 2 2 140 140 0 0 
1500 1950 3 1 0 110 0 140 
1000 1100 2 2 88 105 75 0 
2700 2970 2 1 104 77 65 0 
1600 2400 2 2 120 77 50 0 
2900 4350 2 2 65 60 60 55 
1200 1800 3 2 96 105 60 0 
2600 3640 3 1 110 150 0 0 
1700 2550 1 2 0 0 100 150 
2100 2730 2 1 130 0 130 0 
2600 3120 1 2 150 0 130 0 
2500 3750 2 2 0 150 0 140 
1600 1920 1 1 96 84 60 0 
2500 3250 2 2 65 50 55 60 
1400 1540 2 1 0 77 80 55 
1200 1560 1 2 100 0 110 0 
1000 1400 3 2 0 140 0 150 
1000 1100 3 2 0 77 120 55 
2700 4050 1 2 0 0 100 100 
2800 3640 1 2 55 55 65 65 
1800 1980 2 2 0 0 130 130 
3000 4200 3 1 0 0 150 110 
1000 1500 3 1 0 105 112 70 
2700 2970 3 1 130 140 0 0 
1000 1400 3 2 120 0 110 0 
2000 3000 3 1 110 100 0 0 
1300 1430 3 1 70 70 60 60 
1900 2850 2 2 112 70 65 0 
2200 2640 2 1 100 0 150 0 
1500 1650 3 1 55 55 55 65 
2800 3640 1 1 100 110 0 0 
1500 1650 1 2 60 65 70 70 
2500 3750 3 1 60 75 75 70 
2800 3360 1 2 0 84 88 70 
2200 3300 1 2 0 0 120 140 
2600 3120 3 2 0 0 120 100 
2200 2420 3 1 0 105 88 50 
2900 4350 2 1 110 130 0 0 
1700 2210 1 2 0 120 0 100 
1900 2850 3 1 0 100 0 150 
2500 3500 2 1 0 100 0 130 
1900 2470 3 2 0 0 120 120 
2200 2860 3 1 0 0 100 130 
2400 3600 1 2 0 77 96 70 
2900 3480 3 1 150 0 100 0 
2200 3300 1 1 0 0 130 110 
2000 3000 2 1 120 70 55 0 
1700 2550 2 2 88 84 55 0 
1200 1680 2 1 96 77 55 0 
2200 2640 2 2 0 0 150 130 
2000 2200 1 1 0 77 120 55 
1400 1540 3 1 130 0 110 0 
1100 1210 2 1 100 0 150 0 
1700 2380 3 1 110 0 130 0 
1800 2700 3 1 75 70 60 75 
2700 3240 3 2 75 75 75 75 
1600 2400 2 1 110 0 140 0 
1400 2100 3 1 110 0 110 0 
1100 1210 2 2 150 120 0 0 
1100 1320 1 2 0 91 112 75 
2100 2310 2 2 140 0 140 0 
2400 2880 1 1 50 75 55 55 
2200 2640 2 2 0 0 110 130 
1300 1950 3 2 0 110 0 120 
1700 2210 2 2 0 100 0 100 
2400 3360 1 1 0 110 0 150 
1200 1320 3 2 0 0 110 130 
2700 3240 1 1 100 0 110 0 
3000 3300 1 2 0 84 80 65 
3000 3600 3 2 0 100 0 140 
2900 3770 3 2 112 70 50 0 
1200 1680 3 2 150 0 140 0 
1000 1100 2 1 0 98 88 50 
2100 2520 2 2 140 120 0 0 
2800 3360 3 2 65 75 70 70 
1100 1430 3 1 0 91 80 55 
1600 2400 2 2 0 0 110 110 
2300 3450 1 2 112 77 50 0 
2300 3220 1 1 0 0 130 110 
2200 2860 1 1 104 70 70 0 
1100 1430 3 1 0 91 88 65 
2300 2530 2 1 100 130 0 0 
2300 3220 2 2 140 120 0 0 
1800 1980 2 1 100 120 0 0 
1300 1820 2 2 0 105 112 65 
1800 1980 1 2 150 0 100 0 
1500 1650 2 1 140 150 0 0 
2100 2940 1 2 110 140 0 0 
2400 3120 1 2 0 0 100 130 
1100 1430 2 2 120 105 50 0 
1500 2100 3 1 120 0 150 0 
2100 2940 3 1 120 120 0 0 
