1024
1024000
2 3 4 3
59
0 1 5 100 4 4
164 99 963 358 276
1 1 8 210 6 8
393 464 765 920 625 720 250 819
2 1 7 120 7 7
348 790 690 91 533 299 983
3 1 6 100 6 6
189 910 282 802 837 853
4 1 2 250 2 2
705 773
5 1 8 240 2 3
895 503 790 614 914 533 0 822
6 1 2 120 2 2
208 590
7 1 5 230 4 4
1004 486 385 628 993
8 1 3 190 3 3
114 623 993
9 1 4 300 2 3
74 1022 337 278
10 1 5 180 5 5
811 597 378 796 489
11 1 4 150 2 4
104 268 287 281
12 1 4 150 4 4
695 518 15 698
13 1 2 280 2 2
442 742
14 1 3 210 2 3
566 1002 623
15 1 7 150 2 6
932 269 177 511 350 743 166
16 1 2 130 2 2
144 272
17 1 5 220 4 5
274 756 305 732 806
18 1 2 270 2 2
535 977
19 1 6 140 4 4
816 9 828 631 391 253
20 1 3 130 2 2
200 718 390
21 1 6 300 4 6
814 220 123 618 528 62
22 1 7 200 3 3
1022 212 422 369 81 848 692
23 1 5 280 3 4
310 288 156 782 442
24 1 2 200 2 2
626 847
25 1 2 190 2 2
24 473
26 1 5 110 2 5
133 708 1003 129 18
27 1 6 190 3 4
78 856 268 141 121 201
28 1 4 170 3 3
251 560 116 655
29 1 7 120 2 6
131 44 446 690 377 337 671
30 1 5 250 5 5
386 105 567 1001 468
31 1 4 100 4 4
912 391 681 464
32 1 7 160 7 7
1021 252 464 295 374 763 275
33 1 6 110 6 6
968 851 619 498 718 137
34 1 8 200 4 8
447 920 327 511 39 163 722 996
35 1 5 260 2 2
863 10 962 294 404
36 1 2 150 2 2
818 593
37 1 6 270 2 5
939 7 467 134 837 953
38 1 8 240 2 2
721 0 488 565 970 344 332 572
39 1 3 160 2 3
381 432 405
40 1 5 230 3 4
380 422 985 1002 678
41 1 2 110 2 2
899 105
42 1 3 210 2 2
45 46 880
43 1 7 150 7 7
506 1018 328 396 357 96 140
44 1 5 230 3 3
771 404 363 767 744
45 1 7 250 3 7
594 173 372 303 672 50 125
46 1 2 230 2 2
703 935
47 1 5 260 5 5
632 531 448 380 394
48 1 7 290 3 5
560 552 942 467 53 662 168
49 1 6 260 5 6
996 749 724 939 520 34
50 1 6 160 2 3
988 656 872 640 830 601
51 1 3 200 3 3
56 117 471
52 1 3 160 3 3
823 740 245
53 1 6 190 4 4
535 698 24 304 669 391
54 1 8 300 4 4
340 273 294 333 745 928 383 285
55 1 4 130 4 4
69 526 654 499
56 1 7 270 4 5
470 418 554 634 774 939 108
57 1 7 250 4 4
815 31 918 764 868 846 754
58 1 2 160 2 2
425 662
1300 1430 3 1 0 0 140 110 
1100 1210 3 2 120 100 0 0 
2300 3220 2 2 104 98 50 0 
2100 2310 3 1 130 0 150 0 
1300 1950 3 1 112 70 55 0 
1700 2040 1 2 150 120 0 0 
2300 3220 2 2 110 0 140 0 
1300 1820 2 2 100 120 0 0 
2900 3480 2 2 120 150 0 0 
2800 3920 1 2 75 60 75 50 
1100 1210 1 2 0 98 104 50 
2900 4060 2 2 150 0 110 0 
1100 1210 2 1 0 120 0 100 
2700 3510 1 1 0 98 112 70 
3000 3600 1 1 0 150 0 150 
2600 3120 1 2 96 91 55 0 
2100 2520 3 2 0 100 0 150 
1800 2340 1 2 130 100 0 0 
2300 3220 3 1 0 110 0 150 
1700 1870 3 1 120 105 70 0 
2700 3240 3 1 96 84 65 0 
2100 2730 2 1 70 60 70 70 
1900 2470 3 2 110 0 100 0 
1800 2340 2 1 120 150 0 0 
2700 3510 1 2 120 0 130 0 
2300 2530 2 2 88 84 75 0 
2300 3450 1 1 150 100 0 0 
1700 2380 1 1 0 100 0 110 
2200 3080 3 1 65 60 65 65 
2400 2640 3 2 65 50 75 60 
1100 1210 2 2 65 50 65 50 
2800 3080 3 2 0 0 140 140 
1000 1400 1 1 120 120 0 0 
1800 2700 3 1 0 0 150 150 
2300 2990 2 1 0 140 0 120 
1200 1440 3 2 80 70 55 0 
2500 3000 1 1 120 110 0 0 
1900 2090 3 1 0 105 80 65 
2200 3080 2 1 100 0 150 0 
2400 3360 1 2 0 120 0 100 
2600 3900 3 2 0 0 130 100 
2900 4060 1 1 120 91 50 0 
1800 2340 3 2 0 100 0 140 
1000 1400 1 1 0 0 110 100 
2100 2520 2 1 0 100 0 110 
1000 1100 1 2 75 75 50 70 
2800 3920 2 1 140 120 0 0 
2600 2860 3 1 120 70 50 0 
1600 1920 2 1 0 105 104 65 
1500 2250 1 1 0 150 0 110 
3000 3900 2 1 88 91 55 0 
2500 3000 3 1 112 105 60 0 
1400 1680 2 1 0 105 120 55 
1700 1870 2 2 0 0 110 140 
1100 1540 3 1 120 0 140 0 
2000 2400 3 1 0 0 150 100 
2600 2860 3 2 50 65 70 50 
1000 1400 3 1 120 0 150 0 
2200 2860 2 1 110 120 0 0 
1800 2700 3 1 120 130 0 0 
2700 2970 3 2 0 120 0 150 
2900 3480 3 2 0 84 96 50 
1200 1320 2 2 100 0 110 0 
1000 1100 1 2 120 140 0 0 
1900 2470 3 1 0 140 0 150 
2200 3080 1 1 0 100 0 110 
2700 3510 1 2 55 75 75 50 
2400 2640 1 2 0 77 120 65 
2500 3750 3 2 0 105 80 75 
1300 1430 3 2 150 0 100 0 
1100 1210 3 2 70 50 60 50 
1000 1300 2 1 80 91 70 0 
2400 2880 3 2 0 77 112 75 
2300 3220 3 1 0 0 100 150 
1100 1320 1 2 120 130 0 0 
1400 1960 2 2 120 130 0 0 
2300 2990 1 1 120 120 0 0 
1500 1650 2 2 0 0 130 150 
1000 1100 1 2 0 0 110 130 
1200 1320 1 1 150 0 150 0 
2900 3190 1 1 96 70 70 0 
2700 2970 3 1 0 0 120 140 
3000 4200 1 1 0 0 140 120 
1600 2400 3 2 120 0 120 0 
2000 2200 2 2 0 98 80 65 
2400 2640 1 2 130 0 140 0 
2300 3450 1 1 0 140 0 130 
2200 2640 2 1 120 110 0 0 
1900 2470 2 1 0 84 88 55 
1100 1210 3 1 0 100 0 120 
2400 3360 3 1 120 120 0 0 
3000 3600 1 1 100 120 0 0 
1300 1430 1 2 104 77 55 0 
1200 1800 2 1 120 0 150 0 
2100 2520 3 2 120 150 0 0 
1300 1560 1 2 140 110 0 0 
2800 3360 3 1 65 70 55 70 
3000 4200 1 2 0 84 104 70 
1500 1800 3 2 70 65 75 55 
2300 2760 1 1 0 84 112 70 
2600 3900 2 1 150 110 0 0 
1200 1440 3 2 100 120 0 0 
2700 2970 1 2 0 100 0 150 
1700 2210 3 2 0 140 0 100 
2300 3220 3 1 100 150 0 0 
2900 3190 1 2 55 70 70 65 
1200 1800 3 2 0 100 0 150 
3000 3300 2 1 140 0 120 0 
1200 1320 3 1 0 91 112 70 
2800 3640 1 2 0 0 100 100 
1600 2240 1 1 0 0 150 140 
3000 4500 3 2 100 0 120 0 
2200 2860 3 1 150 120 0 0 
2200 3300 2 2 70 55 75 60 
1700 2210 2 1 0 84 112 65 
1000 1400 1 1 0 84 112 55 
1200 1800 2 2 0 0 110 130 
1800 2700 2 2 96 70 70 0 
1700 1870 2 2 140 140 0 0 
2100 3150 3 1 0 98 104 50 
1500 2100 3 1 110 130 0 0 
1900 2660 3 2 120 100 0 0 
2500 3500 3 1 65 55 70 75 
2600 3120 2 1 0 100 0 150 
1600 1920 1 2 0 140 0 120 
1100 1650 1 1 0 0 150 150 
2800 3080 1 2 0 98 104 60 
1600 2080 2 2 104 105 70 0 
2300 2760 1 2 0 0 120 120 
2100 2940 1 2 0 0 110 100 
1500 1800 1 1 0 91 104 70 
3000 3600 2 1 55 75 75 50 
2400 3600 2 2 0 100 0 100 
2000 2800 1 1 0 91 96 60 
1400 1540 1 2 0 140 0 130 
2300 2760 2 2 130 100 0 0 
2000 2400 1 2 0 0 100 140 
2900 4060 1 1 0 84 80 70 
2600 3640 2 2 96 98 55 0 
2000 2800 1 2 70 55 55 60 
2700 3510 3 1 70 65 75 55 
2600 3380 2 1 65 75 60 65 
1500 1650 1 1 110 130 0 0 
2000 2600 2 2 120 150 0 0 
1300 1820 1 2 55 60 60 50 
1100 1430 3 1 150 0 150 0 
2500 3500 2 2 0 70 104 50 
1700 1870 2 1 0 140 0 100 
3000 4500 3 2 130 110 0 0 
1000 1500 2 1 104 77 55 0 
1200 1440 1 1 0 70 112 55 
1700 2210 3 1 100 0 110 0 
2600 3380 1 1 65 75 65 65 
1200 1320 1 2 110 100 0 0 
2100 2940 3 1 0 98 80 50 
2100 2310 3 1 88 98 65 0 
1500 2100 1 2 0 84 112 60 
2600 3380 2 1 0 150 0 140 
3000 3900 1 2 100 120 0 0 
2200 3080 3 2 0 150 0 140 
1500 2250 3 1 0 70 88 60 
1300 1560 2 1 75 70 60 65 
1000 1300 3 1 0 70 104 70 
1900 2660 3 1 0 0 100 100 
2600 3640 1 1 70 55 55 75 
2800 3080 1 1 150 0 110 0 
1100 1210 3 2 120 0 120 0 
1500 2100 1 1 0 105 112 50 
1700 2210 3 2 75 65 55 55 
2400 2880 2 2 96 70 50 0 
1700 1870 3 2 96 105 75 0 
2500 3000 1 2 0 91 104 55 
1000 1200 2 1 0 110 0 110 
1200 1320 1 2 110 0 130 0 
1100 1430 2 1 0 105 88 65 
2500 2750 3 2 75 70 70 55 
2600 3640 2 1 0 0 120 150 
2600 3380 3 2 88 84 70 0 
1400 1820 1 2 80 105 55 0 
2700 3780 1 1 0 0 110 100 
2500 3000 2 1 0 0 120 150 
1000 1300 3 2 110 0 130 0 
2500 3500 1 2 65 55 65 60 
1600 2240 1 1 0 84 120 70 
1200 1440 2 1 75 50 70 60 
1700 2380 2 2 150 0 110 0 
1300 1820 3 1 0 70 104 70 
2500 3000 2 1 140 0 110 0 
2900 4350 3 1 0 0 150 100 
1200 1680 3 1 0 0 100 120 
2100 2520 2 1 0 0 120 150 
1200 1680 3 2 0 0 140 140 
1500 2250 3 1 100 100 0 0 
1100 1650 1 2 0 130 0 150 
2800 3920 1 2 0 0 150 140 
2500 2750 3 1 96 105 60 0 
3000 3600 1 2 120 100 0 0 
1400 1820 2 2 0 150 0 110 
1100 1430 1 1 0 150 0 150 
2200 3300 1 1 65 55 55 60 
2300 2760 2 1 80 70 50 0 
2800 3920 3 1 120 130 0 0 
1900 2280 1 1 130 130 0 0 
2500 3250 1 2 110 130 0 0 
2700 4050 3 1 0 84 120 75 
1700 2040 3 2 50 55 75 55 
1100 1320 2 2 0 0 110 110 
2700 4050 3 2 120 98 65 0 
1800 2700 3 2 70 70 60 70 
1700 2380 2 2 80 105 70 0 
1800 2700 1 1 50 50 60 65 
2800 3640 3 1 0 110 0 130 
2900 3480 1 2 60 75 75 75 
2700 2970 1 2 0 105 88 65 
2900 3480 1 2 0 0 140 110 
2700 3240 2 1 0 0 130 110 
2700 3510 2 2 55 55 60 65 
1100 1650 3 1 110 110 0 0 
2100 2940 1 2 0 70 80 55 
1900 2470 3 2 140 100 0 0 
1300 1430 2 2 50 75 50 50 
1600 2400 3 1 0 110 0 140 
1900 2850 2 2 120 84 55 0 
1400 1960 2 1 75 70 70 50 
1400 1960 2 1 120 91 60 0 
1500 1950 3 1 80 98 70 0 
1400 1820 3 2 100 0 100 0 
1200 1440 2 2 130 0 140 0 
2600 2860 2 2 0 0 110 140 
1200 1440 1 2 100 140 0 0 
2400 3120 2 2 112 77 65 0 
2800 3640 1 2 0 120 0 110 
2100 2730 1 1 0 0 130 120 
3000 3300 3 1 0 77 104 75 
3000 4200 3 1 0 100 0 140 
1900 2470 3 1 0 0 100 100 
1100 1540 3 2 65 65 60 50 
1100 1210 2 2 0 0 130 120 
2100 3150 3 2 0 100 0 140 
1400 1820 1 2 100 0 120 0 
1100 1320 3 2 0 110 0 110 
2200 2640 1 2 140 130 0 0 
2400 3360 2 1 150 0 110 0 
1100 1430 2 2 150 0 140 0 
1100 1540 3 2 120 100 0 0 
2800 4200 3 2 0 0 110 130 
2700 3780 3 1 130 140 0 0 
2200 3080 2 1 0 140 0 130 
2600 3380 2 1 70 70 75 55 
1900 2850 3 2 0 84 96 65 
1600 2240 3 1 110 0 150 0 
1200 1440 1 2 0 110 0 130 
1600 1920 3 1 140 100 0 0 
1500 1800 1 2 70 75 55 60 
1800 2520 3 1 96 70 50 0 
1400 2100 3 2 0 150 0 120 
2100 2520 3 1 100 0 140 0 
2700 3510 1 2 112 91 55 0 
1500 1950 3 1 0 70 96 65 
1100 1540 2 2 0 91 88 55 
3000 4500 3 2 104 98 50 0 
2000 3000 1 1 0 100 0 120 
3000 3300 1 1 110 120 0 0 
1900 2280 2 2 120 0 140 0 
2500 3000 3 2 55 60 55 65 
1400 1540 3 1 0 0 100 140 
1200 1440 1 2 140 0 110 0 
2100 2310 3 2 140 0 100 0 
1600 2240 3 2 0 0 110 120 
1300 1820 1 2 110 0 130 0 
2700 3780 2 2 88 91 65 0 
1100 1320 1 1 112 77 75 0 
1200 1560 3 2 65 75 50 60 
1700 2040 3 1 130 0 120 0 
2000 3000 3 2 112 91 75 0 
1400 1960 3 2 50 50 50 60 
3000 4500 2 1 130 120 0 0 
1700 2040 3 1 50 60 70 65 
2800 3920 3 1 96 84 75 0 
2700 3240 2 1 0 0 120 100 
1100 1430 1 2 75 60 75 70 
2000 2800 1 1 0 150 0 130 
2700 3510 1 1 140 110 0 0 
2100 2940 1 1 100 0 110 0 
1100 1540 3 1 0 0 110 120 
2000 2800 1 1 0 91 112 60 
1600 1760 3 1 0 150 0 110 
1200 1800 3 1 75 55 50 75 
2800 4200 3 2 120 130 0 0 
1600 1920 3 1 0 91 112 50 
1500 2250 3 2 150 0 130 0 
2000 2400 2 2 120 0 150 0 
1800 2160 2 2 0 105 80 55 
1700 2380 3 1 100 0 130 0 
1200 1320 1 1 0 130 0 110 
1200 1320 1 2 120 130 0 0 
2000 3000 1 2 50 70 60 65 
2300 2990 1 2 104 91 65 0 
1200 1320 2 2 104 77 60 0 
3000 3900 3 1 88 77 60 0 
2800 4200 3 2 70 65 60 75 
2100 3150 2 1 0 0 100 100 
1400 1820 3 2 130 150 0 0 
2800 3360 3 1 0 91 80 75 
3000 3300 1 2 0 91 80 50 
1700 2040 3 1 112 70 70 0 
1200 1320 3 2 110 110 0 0 
1000 1100 2 2 120 0 150 0 
1900 2090 2 2 120 91 50 0 
2400 2880 2 1 65 50 70 70 
2600 2860 2 2 0 140 0 120 
1300 1690 3 2 0 77 88 50 
1400 1820 3 1 0 91 80 70 
1700 2210 1 2 0 110 0 110 
2400 2880 3 1 0 140 0 130 
1900 2280 1 2 0 0 150 110 
1500 2100 3 2 75 55 55 75 
1800 2340 2 2 140 100 0 0 
1600 1760 3 2 80 84 50 0 
3000 3900 3 1 0 120 0 100 
2500 3000 1 1 50 65 75 55 
1000 1400 1 2 80 105 65 0 
1300 1950 1 2 0 130 0 140 
1000 1400 3 1 0 0 130 120 
1400 1680 3 1 112 91 75 0 
2600 3380 2 1 0 77 80 75 
2900 4350 3 2 100 0 100 0 
1800 2160 3 2 150 0 140 0 
3000 3600 1 1 0 70 112 70 
3000 3900 3 2 100 0 120 0 
2200 3080 2 1 50 50 65 70 
2300 3220 1 1 0 70 88 60 
2400 2880 2 2 0 0 150 140 
1800 2700 2 2 112 84 65 0 
1600 1760 2 2 120 0 140 0 
2700 3510 1 1 0 91 112 70 
1500 1800 3 2 0 0 150 140 
1900 2090 2 1 0 0 120 110 
2700 2970 2 2 120 0 110 0 
1400 2100 2 1 104 70 75 0 
1000 1300 3 2 0 98 88 50 
1200 1440 1 2 0 110 0 100 
1100 1320 1 1 130 150 0 0 
1000 1400 1 2 70 75 70 65 
1400 1960 2 1 120 150 0 0 
1300 1560 3 1 120 70 75 0 
1600 1760 1 2 0 150 0 130 
2100 2310 2 2 140 0 140 0 
1500 2100 3 2 140 0 140 0 
2900 3480 2 2 0 0 120 100 
1600 1760 3 2 100 130 0 0 
1000 1200 2 1 55 55 55 55 
2900 4060 1 1 65 60 60 65 
2400 3120 3 1 150 0 140 0 
2100 2730 3 1 0 110 0 140 
1000 1300 1 1 0 84 112 75 
1000 1100 2 1 0 0 140 150 
1300 1690 2 2 0 0 130 100 
3000 4500 1 1 150 0 110 0 
1200 1320 1 2 96 105 50 0 
1700 2040 3 2 55 75 65 65 
2200 2860 2 1 0 100 0 120 
1600 1760 2 2 110 0 130 0 
2700 3240 1 1 0 150 0 150 
2500 3500 3 1 130 130 0 0 
1300 1950 3 2 0 0 140 110 
1300 1820 2 2 0 0 120 140 
2400 3360 1 2 0 84 112 70 
2300 2760 3 1 0 77 120 60 
2900 3770 1 1 112 77 50 0 
1300 1820 3 2 0 84 96 60 
2700 2970 2 2 110 0 100 0 
2400 2640 2 2 60 55 55 55 
2500 3750 1 1 150 100 0 0 
2600 3900 1 1 150 100 0 0 
1300 1560 2 1 88 84 50 0 
1300 1560 1 2 0 110 0 110 
2600 3640 3 1 80 105 55 0 
2700 3510 2 2 0 0 140 120 
1400 1960 2 1 50 65 70 60 
2100 2310 2 1 0 0 120 140 
1500 1650 1 2 0 150 0 100 
2700 4050 1 1 100 0 120 0 
2800 3640 3 2 0 120 0 150 
2400 3120 2 2 0 70 80 70 
1900 2660 1 1 0 105 104 65 
1600 1920 2 1 0 91 112 60 
1000 1200 3 1 50 70 60 60 
1200 1680 3 1 60 65 70 50 
1600 2400 2 2 150 110 0 0 
1700 2040 1 1 0 0 120 110 
1700 2550 1 2 0 100 0 110 
2900 3770 1 2 120 0 110 0 
3000 4500 3 1 88 84 70 0 
1700 1870 2 2 0 140 0 100 
2500 3750 1 1 0 0 110 140 
1200 1800 3 2 0 130 0 130 
2600 3120 1 1 130 100 0 0 
3000 3600 3 1 80 91 65 0 
1800 1980 2 1 60 65 70 75 
2400 2880 2 2 0 0 110 110 
1600 1760 1 1 0 0 120 120 
1900 2660 2 1 60 65 65 70 
1200 1320 1 1 88 84 50 0 
1200 1560 2 1 0 91 104 50 
1600 1760 2 2 140 0 110 0 
1000 1200 3 1 100 0 150 0 
2600 3640 3 1 96 98 55 0 
2500 3750 2 1 104 70 75 0 
1700 2550 3 2 0 130 0 150 
1400 2100 2 1 100 0 150 0 
1500 1650 2 1 150 150 0 0 
2700 3240 2 2 0 77 120 65 
2100 3150 2 1 140 120 0 0 
3000 3900 3 1 0 110 0 140 
2900 3480 3 1 65 60 50 60 
1100 1540 1 2 140 150 0 0 
1800 1980 2 2 0 91 120 55 
3000 3900 1 1 0 120 0 130 
1400 1820 3 2 110 0 140 0 
1500 1650 2 1 70 60 50 50 
2100 2730 1 1 0 0 140 110 
1500 1800 2 1 140 0 110 0 
1500 1950 2 2 0 130 0 140 
1100 1320 1 2 120 98 60 0 
3000 3900 2 2 60 65 70 75 
2500 3000 3 2 0 0 120 120 
2500 3000 3 1 120 0 100 0 
2900 4060 2 2 0 130 0 140 
1800 2700 2 1 110 0 150 0 
1500 1950 3 1 96 91 65 0 
1100 1430 3 2 0 0 150 130 
2600 2860 2 1 150 150 0 0 
2000 2600 3 2 140 150 0 0 
1200 1320 2 1 0 84 80 60 
1700 2380 1 2 0 150 0 150 
1700 2210 3 1 0 0 110 150 
2100 2520 2 1 130 0 150 0 
2600 3640 3 2 0 84 80 70 
2800 3080 3 2 75 75 50 65 
2900 4350 3 2 65 65 70 70 
2300 2760 2 2 110 0 120 0 
2900 4060 1 2 130 150 0 0 
1700 2210 2 1 65 60 60 70 
2700 3240 1 2 0 91 120 50 
3000 3900 3 1 0 0 120 140 
2000 2800 3 1 120 70 65 0 
2200 2860 1 2 100 0 120 0 
2100 3150 2 2 0 0 140 140 
1100 1320 1 2 50 65 75 70 
2200 3080 3 1 0 0 110 140 
2300 2530 2 2 55 50 65 55 
2400 3360 2 1 110 150 0 0 
1500 1650 2 2 0 130 0 130 
2200 2860 1 2 60 50 50 55 
2000 3000 2 2 140 110 0 0 
1600 1920 2 2 0 100 0 120 
2200 2860 2 1 75 60 65 55 
1600 2080 1 2 0 0 110 110 
2600 3380 1 1 0 98 88 75 
2200 2420 1 2 0 98 112 70 
1400 1820 3 1 120 0 100 0 
1000 1500 2 2 0 105 96 65 
1300 1690 1 1 0 77 112 50 
1000 1500 3 1 75 65 60 70 
1100 1540 1 2 0 98 120 50 
2200 2640 2 1 100 0 100 0 
2500 3500 1 1 130 0 110 0 
3000 3600 3 1 0 91 120 55 
2500 3500 2 1 140 110 0 0 
1500 2250 2 1 0 0 130 130 
1800 2160 3 2 0 105 88 55 
2200 3080 3 1 0 77 112 50 
2800 4200 3 2 0 100 0 140 
1700 1870 1 2 120 91 75 0 
1300 1430 2 2 0 77 96 60 
2300 2530 1 1 0 140 0 120 
2300 3450 3 2 0 0 150 110 
2400 2640 3 1 65 60 55 70 
1900 2090 3 1 104 105 55 0 
2200 2860 1 1 0 105 112 60 
1700 2210 3 2 150 0 110 0 
1000 1200 2 1 0 91 80 60 
2700 2970 1 1 0 91 88 55 
2900 4350 3 2 112 105 75 0 
1300 1690 2 1 0 0 130 100 
1000 1100 2 2 0 130 0 110 
1600 2080 1 2 0 84 120 55 
3000 4200 2 1 0 0 130 110 
1300 1820 3 1 0 130 0 130 
1700 2040 2 1 0 100 0 120 
1600 1760 3 2 0 0 140 110 
1300 1430 1 1 0 0 120 130 
1100 1320 1 2 0 0 120 110 
1700 2550 2 1 150 140 0 0 
1100 1650 1 1 0 140 0 100 
2100 2520 2 1 140 130 0 0 
1000 1500 1 2 150 110 0 0 
2900 3770 1 2 100 0 110 0 
1500 2100 1 2 120 70 70 0 
1200 1800 1 1 88 70 75 0 
1400 2100 1 1 0 130 0 110 
1700 2550 3 1 100 0 130 0 
2100 2730 3 2 110 0 150 0 
1200 1440 2 2 80 77 65 0 
2100 2730 3 2 110 0 120 0 
1500 1950 2 1 0 0 140 120 
1800 2160 1 2 0 0 120 100 
1600 2400 3 2 88 98 70 0 
1500 1950 2 1 150 150 0 0 
3000 4500 1 2 88 105 50 0 
2100 2310 2 2 150 0 140 0 
1400 1820 2 2 140 0 140 0 
1700 2040 3 2 100 150 0 0 
1800 1980 1 2 150 150 0 0 
1600 2240 3 2 0 98 120 75 
2200 2860 3 2 0 150 0 150 
2700 4050 1 1 0 84 80 55 
2400 2640 3 2 70 65 70 65 
2800 3920 2 1 55 50 55 65 
1900 2850 2 2 0 100 0 150 
2400 2640 2 1 110 0 150 0 
1500 1950 2 1 0 84 88 65 
2900 4060 1 1 0 0 140 110 
3000 3900 1 1 0 0 130 100 
1300 1950 3 2 110 150 0 0 
2000 2400 1 1 0 0 140 110 
1500 1800 1 1 100 100 0 0 
2200 2640 3 1 130 0 140 0 
1500 1950 2 1 0 0 130 100 
2000 2600 1 2 0 0 130 120 
1700 2550 3 2 0 0 150 130 
1300 1690 3 1 100 100 0 0 
1700 1870 3 1 0 70 96 65 
1800 2700 1 2 150 0 110 0 
1900 2280 1 2 150 140 0 0 
2500 3500 3 1 130 110 0 0 
1000 1100 3 2 130 150 0 0 
2100 2730 3 1 120 120 0 0 
1600 1760 2 1 100 130 0 0 
2600 3640 3 1 0 84 112 65 
2600 2860 1 1 0 150 0 140 
1000 1100 2 2 0 150 0 140 
2700 3240 2 1 65 60 65 70 
1200 1800 1 1 0 0 150 130 
2500 3500 3 1 80 105 55 0 
1400 1540 2 1 0 98 88 50 
1200 1320 3 2 130 0 120 0 
2700 4050 3 1 100 110 0 0 
1200 1680 2 2 100 150 0 0 
2300 2530 1 2 120 77 65 0 
3000 3900 1 1 80 91 60 0 
2000 2800 3 2 0 0 100 120 
2300 2530 1 2 0 0 120 110 
2800 3640 1 1 120 0 100 0 
1300 1560 3 1 0 0 150 150 
1800 2700 2 1 65 60 60 50 
1600 2240 2 1 70 55 60 65 
1400 1960 3 2 0 0 150 130 
1300 1950 1 1 0 0 140 110 
2300 2530 3 1 0 140 0 130 
2400 3360 1 2 70 70 65 75 
1600 2080 3 1 140 0 140 0 
1700 2550 3 2 120 84 70 0 
2700 4050 1 2 150 140 0 0 
2800 4200 3 1 96 70 60 0 
1800 2160 2 1 70 60 70 70 
1400 2100 2 2 100 100 0 0 
1200 1800 1 2 112 77 75 0 
2000 2800 1 2 112 91 70 0 
2600 3120 3 2 55 65 75 50 
1700 1870 3 2 0 0 100 130 
2500 3000 1 1 150 0 120 0 
2100 2730 2 2 75 70 60 50 
2700 2970 2 2 100 0 120 0 
1300 1690 3 2 0 77 104 70 
2600 2860 2 2 0 0 100 140 
2700 3780 2 1 65 65 75 65 
2600 3640 3 2 60 70 65 75 
2500 3000 2 2 130 0 110 0 
1900 2280 2 1 112 91 65 0 
1700 2210 3 2 100 130 0 0 
2000 2600 1 1 80 70 60 0 
2300 2990 2 2 0 91 112 70 
2600 3380 3 1 0 98 104 70 
2800 3920 2 2 110 140 0 0 
1600 1920 3 1 120 140 0 0 
1000 1500 2 1 0 0 150 130 
1700 1870 2 1 80 70 70 0 
2600 3900 3 2 130 140 0 0 
1700 2210 3 1 140 0 150 0 
1700 2380 3 2 0 100 0 140 
2500 3500 2 2 130 0 130 0 
1500 2100 1 1 0 100 0 100 
2900 3770 1 1 150 150 0 0 
2000 3000 1 1 130 0 100 0 
1000 1400 2 2 0 91 88 75 
1100 1320 1 2 112 70 65 0 
3000 3900 3 2 0 0 150 140 
3000 4500 3 1 150 0 100 0 
2100 2520 1 2 80 105 60 0 
3000 3600 3 2 88 91 50 0 
2200 3300 2 1 120 130 0 0 
2500 2750 3 2 0 0 140 150 
1800 2340 3 1 88 84 70 0 
1700 2210 2 2 50 50 70 70 
2900 3190 3 1 96 77 55 0 
3000 3600 2 1 50 60 60 65 
2100 3150 3 2 88 98 60 0 
2200 2640 2 1 0 0 100 150 
1900 2850 2 1 65 70 75 50 
1400 1820 1 1 75 75 50 55 
1000 1100 2 1 110 130 0 0 
2900 3480 3 1 0 150 0 150 
1600 1760 1 1 150 0 100 0 
1900 2090 2 2 0 70 112 50 
1800 2340 2 1 0 140 0 150 
2100 2940 1 2 140 0 110 0 
1600 1920 2 1 0 105 112 65 
2200 3080 2 1 0 0 100 120 
1900 2470 2 1 112 98 65 0 
3000 3600 2 2 65 60 60 65 
1800 2520 1 2 140 140 0 0 
2900 4350 1 2 0 98 104 75 
2400 3360 1 2 130 0 130 0 
2300 2990 3 2 0 110 0 120 
1800 2340 2 1 112 91 65 0 
1700 2040 2 1 55 70 65 55 
2600 3380 3 1 60 60 55 70 
2600 2860 3 2 130 110 0 0 
1900 2660 1 1 0 70 80 70 
2600 2860 3 1 130 0 120 0 
1600 1920 3 1 112 77 55 0 
1000 1200 1 1 0 0 100 100 
2500 3000 2 2 0 140 0 140 
1700 2380 3 1 130 0 130 0 
1500 1800 1 1 0 84 88 75 
2500 3750 3 1 110 0 110 0 
3000 4500 2 1 0 84 104 50 
3000 3300 2 2 0 0 140 130 
2200 2860 1 2 55 75 60 50 
2700 3240 2 1 0 0 130 130 
2800 3640 1 1 0 0 130 130 
1600 2400 3 2 0 77 88 70 
1800 2160 3 1 0 0 100 130 
1300 1820 3 2 0 77 80 70 
1600 2240 2 1 0 130 0 110 
3000 4500 2 1 60 75 50 65 
1600 2080 3 2 140 120 0 0 
2000 3000 1 2 0 0 120 110 
2100 2940 2 1 0 91 88 50 
2600 2860 2 2 96 84 65 0 
1000 1200 3 2 130 0 100 0 
2500 3250 3 1 150 130 0 0 
2200 2420 2 1 50 70 70 60 
1800 2700 1 2 0 0 140 140 
2800 3080 2 2 104 105 75 0 
1500 1950 3 1 120 140 0 0 
2100 2310 3 2 100 0 140 0 
3000 3300 3 2 112 77 65 0 
2700 3780 3 1 60 50 75 70 
2200 2860 2 1 130 0 140 0 
2000 2200 2 2 0 91 120 60 
2100 3150 3 1 0 0 130 100 
1900 2090 2 2 130 130 0 0 
1200 1320 2 2 0 70 112 55 
2300 3220 3 1 0 0 100 130 
1500 2250 3 1 0 98 104 55 
2600 3900 2 2 0 0 120 100 
2600 3900 1 1 100 130 0 0 
1200 1680 3 1 120 77 50 0 
2500 3250 3 2 100 130 0 0 
3000 4200 2 2 112 98 50 0 
2000 3000 1 2 75 65 60 55 
1900 2280 2 2 0 91 120 65 
2600 3120 2 2 0 77 104 50 
2400 2640 3 1 0 84 88 65 
2900 3770 3 1 88 77 50 0 
2800 3640 2 2 60 65 70 60 
2200 3300 2 1 130 0 110 0 
2200 3300 3 2 140 0 120 0 
2400 3600 1 2 0 110 0 130 
1000 1400 1 1 150 100 0 0 
2100 3150 3 2 0 98 112 55 
2600 3900 3 2 88 84 75 0 
1000 1300 1 1 120 110 0 0 
1000 1500 2 2 0 0 110 100 
2000 2600 1 2 140 0 120 0 
1300 1950 2 1 104 70 55 0 
2000 3000 1 1 0 0 130 110 
1100 1650 1 2 0 0 150 110 
1600 1760 1 1 0 91 88 50 
2200 2640 1 1 0 0 100 150 
2200 3080 1 1 0 150 0 130 
2600 3640 2 1 0 100 0 130 
1000 1100 2 2 0 0 100 130 
2700 2970 3 1 88 84 70 0 
2200 2420 2 2 70 55 50 55 
2500 2750 3 1 0 0 150 150 
1900 2850 3 1 140 0 150 0 
2100 3150 2 2 60 75 55 75 
2000 2600 1 2 150 130 0 0 
1100 1430 1 1 100 120 0 0 
2800 3640 1 2 0 70 80 50 
2300 3450 1 2 75 60 70 75 
1500 1650 1 2 0 130 0 120 
1300 1560 3 2 0 77 96 60 
2300 3220 1 1 0 0 130 100 
1000 1300 1 2 130 0 120 0 
3000 4500 1 1 0 0 140 120 
2100 2520 1 2 0 0 140 120 
2200 3300 1 2 140 0 140 0 
2600 3380 3 2 140 0 140 0 
1600 1760 1 2 0 140 0 100 
1300 1950 3 1 120 70 65 0 
1100 1540 2 1 60 60 55 60 
2700 2970 3 1 0 0 110 120 
2200 2640 1 2 75 50 70 65 
2700 3240 2 1 140 120 0 0 
1500 2100 3 2 50 70 65 70 
1600 2080 1 1 0 120 0 120 
2800 3640 1 2 0 0 100 110 
2700 4050 3 2 0 130 0 130 
2300 3450 2 1 0 98 96 65 
1600 2400 3 1 100 0 110 0 
2200 3080 3 2 110 140 0 0 
1900 2090 3 1 50 75 50 70 
1600 2080 1 2 100 120 0 0 
2600 2860 1 2 75 50 70 75 
3000 3300 3 1 75 65 50 70 
2400 2880 2 2 104 77 75 0 
1200 1800 3 1 0 130 0 100 
2200 2420 1 1 80 84 60 0 
1600 2240 3 2 104 84 65 0 
1600 1920 1 2 130 0 130 0 
2100 3150 3 2 112 91 70 0 
1900 2850 3 2 130 0 120 0 
2200 2420 1 1 140 150 0 0 
1200 1680 2 2 0 150 0 100 
2000 3000 3 2 0 110 0 130 
1000 1400 2 1 0 0 100 140 
1000 1500 1 2 0 105 88 50 
1100 1320 1 1 110 0 140 0 
2400 3120 1 2 0 105 104 65 
2600 3120 1 2 70 65 60 70 
1600 2080 1 1 88 105 50 0 
2400 2640 2 2 110 0 130 0 
1000 1400 1 2 150 0 110 0 
2400 2880 3 1 0 0 150 110 
1600 2240 1 2 140 110 0 0 
2600 3900 3 2 100 0 100 0 
1500 1650 3 1 0 110 0 140 
1200 1560 1 1 130 140 0 0 
2700 3510 2 1 96 77 55 0 
1900 2280 2 1 100 0 150 0 
1900 2660 1 2 70 75 60 70 
2600 3900 2 1 0 0 140 120 
2800 3640 3 1 130 0 130 0 
1700 2550 1 1 80 98 60 0 
2400 2880 2 1 130 0 110 0 
2300 2760 2 1 0 0 140 140 
1800 1980 1 2 88 84 60 0 
1600 1760 3 2 55 50 55 75 
1100 1540 3 1 0 70 88 50 
3000 4500 2 2 0 84 96 60 
1700 1870 1 1 0 150 0 110 
1100 1540 3 2 140 0 110 0 
1100 1540 2 1 150 100 0 0 
1100 1650 2 1 55 75 55 70 
1300 1820 2 2 130 140 0 0 
2600 3120 3 2 0 77 112 55 
2800 3920 2 2 0 84 120 70 
1800 2700 1 2 80 98 60 0 
2700 4050 1 2 0 105 104 75 
2000 2600 3 2 0 0 150 100 
1200 1320 3 1 112 98 70 0 
2700 3510 3 1 104 70 60 0 
2100 2940 2 1 120 105 75 0 
2800 3640 1 2 120 0 140 0 
2700 4050 1 2 0 105 88 70 
2100 2940 3 1 50 70 50 60 
1300 1560 3 1 65 50 75 70 
2100 2730 2 2 0 0 140 150 
2000 2600 1 1 0 70 96 55 
1200 1560 2 1 140 0 140 0 
2400 2640 1 1 65 60 75 75 
1600 2080 3 2 0 120 0 110 
1800 1980 2 1 110 0 130 0 
1700 2380 1 1 0 150 0 130 
1300 1950 2 2 104 105 75 0 
2900 3190 1 2 0 0 120 100 
1800 2160 2 1 0 77 80 65 
3000 3900 2 2 60 65 70 75 
2100 3150 1 1 0 98 112 75 
1800 2520 3 1 0 140 0 100 
1900 2850 1 2 150 110 0 0 
1800 2520 1 1 130 140 0 0 
1100 1430 2 1 0 100 0 120 
2600 3380 1 1 150 150 0 0 
1100 1540 1 1 0 0 100 110 
2500 2750 3 2 0 110 0 140 
2400 3360 3 1 110 0 130 0 
1700 2210 3 1 130 110 0 0 
2500 3750 3 1 0 77 80 75 
2600 3380 3 2 100 100 0 0 
1900 2280 1 2 0 100 0 100 
1900 2470 1 2 0 0 120 150 
2800 3640 1 2 0 140 0 150 
1200 1680 2 1 0 105 88 65 
2200 3300 3 2 0 130 0 140 
1800 2340 1 1 110 0 100 0 
2900 3480 1 1 140 140 0 0 
1400 1540 1 2 65 50 50 70 
1900 2280 3 2 88 105 75 0 
1900 2850 2 1 0 0 110 140 
2300 3220 1 1 104 98 60 0 
2600 3380 3 1 0 100 0 110 
1700 2550 3 1 0 91 96 75 
1900 2280 3 2 96 70 70 0 
1300 1950 1 2 130 0 120 0 
1600 2400 1 2 130 100 0 0 
2400 3360 3 2 0 0 150 140 
3000 3900 1 2 0 0 150 100 
1600 2240 2 1 0 140 0 140 
1200 1680 2 1 0 91 120 75 
1900 2660 1 1 120 110 0 0 
3000 4500 3 2 130 0 140 0 
1200 1560 1 2 140 0 120 0 
2800 3920 3 1 0 0 120 110 
1100 1650 1 2 0 150 0 110 
1300 1560 1 1 130 0 130 0 
1500 1800 2 2 0 0 110 100 
2900 4350 2 1 0 84 96 55 
1600 1920 3 1 150 110 0 0 
1900 2660 2 1 150 110 0 0 
1800 2160 3 2 0 0 100 130 
2700 3780 2 2 70 50 75 55 
1200 1440 2 1 130 0 120 0 
1300 1820 2 2 110 0 150 0 
2800 3360 2 1 96 105 75 0 
1900 2660 3 1 0 0 120 140 
2300 2990 3 2 0 70 96 70 
1700 2210 1 1 75 65 50 55 
3000 4200 3 1 130 110 0 0 
1600 1920 2 1 0 140 0 110 
2100 3150 2 2 0 130 0 150 
1100 1210 1 1 0 130 0 100 
1900 2280 2 2 0 150 0 140 
1600 2080 3 1 0 105 120 50 
2200 2860 2 1 130 110 0 0 
1000 1400 2 2 0 0 150 110 
2800 3080 3 2 50 70 65 60 
2800 3360 3 2 0 0 100 130 
1800 1980 2 1 0 0 120 130 
2200 2860 1 1 112 105 60 0 
2100 2940 2 2 104 77 55 0 
1800 2700 2 1 75 75 55 70 
2700 3780 2 1 140 0 130 0 
1500 2250 2 1 88 105 60 0 
1600 2240 2 1 0 98 112 75 
1900 2850 3 2 0 84 104 55 
2300 2760 1 1 60 55 50 55 
2100 2730 3 1 0 77 104 50 
2600 3380 2 2 0 130 0 110 
1600 2400 1 2 0 100 0 110 
1300 1560 2 1 104 91 55 0 
2500 2750 1 2 130 150 0 0 
2700 2970 1 2 140 100 0 0 
2300 2530 2 1 0 130 0 150 
2800 3360 2 2 0 98 88 50 
2100 2520 3 1 150 0 150 0 
2300 3220 3 2 0 84 112 50 
1300 1820 1 1 96 84 60 0 
1800 2340 1 2 0 0 120 120 
2400 2640 1 2 140 0 100 0 
1400 2100 3 2 0 110 0 140 
3000 4200 1 1 50 65 60 60 
2700 3780 2 2 80 77 50 0 
1100 1540 1 1 0 110 0 140 
1400 1540 3 1 65 70 65 75 
2100 2520 3 1 150 0 120 0 
1000 1100 1 1 112 105 65 0 
1200 1800 3 2 120 0 130 0 
1500 1650 1 2 0 70 120 60 
1900 2470 3 1 130 140 0 0 
2900 3190 2 2 100 0 130 0 
2300 2760 2 2 75 60 55 70 
3000 3300 1 2 140 120 0 0 
1400 1960 1 1 120 77 55 0 
1300 1690 2 1 0 150 0 150 
1800 2520 1 1 0 77 104 60 
2400 2640 2 2 110 120 0 0 
1500 1800 2 1 0 0 150 150 
2100 2940 1 1 88 70 60 0 
2700 2970 1 1 100 120 0 0 
1200 1560 2 1 150 0 130 0 
3000 3300 1 2 0 0 150 130 
1600 2080 3 1 88 105 55 0 
1500 1650 1 1 0 0 100 130 
2000 2400 1 2 70 65 65 60 
1000 1100 1 2 130 110 0 0 
2300 2760 1 1 140 150 0 0 
1800 2340 2 2 75 55 65 75 
2800 3080 1 1 0 100 0 130 
1000 1500 1 2 0 0 120 110 
1800 2160 3 1 80 98 50 0 
1400 1540 1 2 110 110 0 0 
2800 3360 3 1 120 0 140 0 
1400 1680 1 1 110 0 120 0 
2800 3360 1 1 130 120 0 0 
1700 2380 1 2 0 77 104 75 
3000 3600 1 1 0 84 112 55 
2000 2400 3 2 130 0 150 0 
2100 2730 1 2 0 105 104 55 
3000 4500 1 2 150 0 140 0 
1600 1920 1 1 0 0 100 110 
1700 1870 2 1 80 98 65 0 
2700 4050 2 1 88 77 55 0 
2600 3640 2 1 0 120 0 150 
2100 2310 3 1 100 110 0 0 
1400 1960 2 2 112 70 50 0 
2200 2640 3 2 65 60 55 60 
2800 3080 3 1 0 91 120 70 
2700 3240 2 1 50 50 55 70 
2000 2800 3 1 0 100 0 120 
3000 3900 3 1 70 50 55 50 
1600 1920 3 1 0 84 112 70 
3000 3300 2 2 104 84 70 0 
1300 1430 3 2 120 0 120 0 
3000 3600 2 1 80 105 60 0 
1800 2520 1 2 0 140 0 130 
1100 1540 2 2 0 0 150 150 
2100 2940 1 1 0 0 150 120 
2100 2940 3 1 0 84 80 75 
2700 2970 1 1 120 0 110 0 
1800 1980 3 1 130 110 0 0 
1600 2400 3 2 120 98 50 0 
2800 4200 3 1 0 77 96 75 
1700 2550 2 2 0 120 0 120 
1800 2700 2 2 0 105 80 60 
2000 2800 1 1 55 70 55 60 
1300 1430 2 1 100 0 140 0 
1000 1200 3 1 150 0 130 0 
2200 3300 2 1 0 0 100 120 
1500 1950 2 1 120 91 75 0 
1400 1680 1 2 0 0 120 110 
2400 3600 2 1 80 98 70 0 
1000 1500 3 1 120 150 0 0 
1200 1560 3 1 0 77 96 50 
2000 2800 2 1 0 98 120 70 
2700 4050 3 2 120 0 110 0 
1000 1400 2 1 100 100 0 0 
1700 2210 3 1 150 0 110 0 
1200 1680 1 1 150 0 150 0 
2000 2400 2 1 0 77 112 65 
2900 3480 3 1 0 110 0 110 
2700 3510 3 2 0 150 0 140 
1000 1300 1 1 0 105 96 50 
1900 2280 1 1 0 0 140 150 
1200 1800 3 1 0 91 120 60 
1300 1430 2 1 75 70 60 50 
2800 4200 1 2 0 0 140 150 
2600 3900 1 2 0 100 0 140 
2000 3000 2 2 0 98 80 75 
2500 2750 2 2 100 120 0 0 
2300 3220 3 1 104 84 50 0 
2600 3640 2 1 88 70 55 0 
1200 1440 3 1 96 84 65 0 
2100 3150 1 1 88 105 50 0 
1300 1690 1 2 140 100 0 0 
2200 3300 1 1 96 77 50 0 
1400 1960 1 2 0 0 150 120 
1200 1560 1 2 120 0 150 0 
2700 3510 3 2 150 140 0 0 
1400 1680 2 2 0 105 88 55 
3000 4200 3 1 0 91 112 55 
1700 2210 3 1 120 98 55 0 
1400 1820 1 2 120 84 70 0 
2200 3080 1 2 50 55 75 70 
3000 4200 3 2 80 70 60 0 
2200 2420 1 2 0 84 88 65 
1300 1560 1 2 88 84 75 0 
2100 2730 3 1 0 0 130 150 
2000 2800 3 1 0 0 150 130 
2000 2200 3 2 150 140 0 0 
1700 2550 1 1 70 60 50 70 
1200 1560 1 1 0 140 0 140 
1800 2340 2 2 70 60 75 70 
1000 1200 3 1 96 105 50 0 
1400 1540 2 2 140 140 0 0 
2800 3360 2 2 120 0 130 0 
3000 3900 3 1 0 84 120 70 
1400 1680 2 2 0 0 140 120 
1500 1950 3 2 0 0 100 140 
1000 1400 3 1 70 55 60 50 
1500 1950 3 2 65 50 70 55 
1700 1870 2 1 55 55 70 70 
1900 2090 3 2 0 0 150 100 
2300 2530 3 1 130 0 130 0 
2100 2520 3 2 120 77 50 0 
1300 1430 2 2 75 75 55 55 
2100 2730 1 2 0 77 112 50 
1800 2520 3 1 0 0 130 130 
1300 1950 1 2 120 70 70 0 
2600 3640 1 1 120 105 50 0 
2400 3600 2 2 0 110 0 140 
2700 3510 2 2 70 50 70 65 
3000 4200 3 1 50 70 50 60 
1700 2040 3 2 0 98 120 65 
1900 2280 2 1 0 120 0 140 
1700 2040 2 1 0 140 0 110 
2900 4350 1 1 0 0 100 130 
1200 1320 3 1 150 130 0 0 
2900 4060 3 2 104 98 50 0 
1000 1500 1 1 0 0 150 110 
1300 1430 3 2 0 77 88 55 
1300 1430 1 2 0 84 120 60 
2800 3080 3 2 120 120 0 0 
2400 2880 2 1 100 140 0 0 
2100 2310 1 2 130 0 110 0 
2400 2880 1 1 70 50 70 65 
1000 1100 2 2 0 0 130 140 
2500 3250 3 1 140 0 130 0 
2200 3080 3 2 120 150 0 0 
