512
512000
2 3 4 3
0
1500 1800 3 2 120 0 150 0 
2600 3640 1 2 0 150 0 130 
1600 1920 3 1 140 0 130 0 
1500 2250 3 2 150 120 0 0 
1500 2250 1 1 150 100 0 0 
1200 1440 2 1 100 0 100 0 
3000 3600 3 1 0 150 0 130 
2400 3120 3 1 130 0 150 0 
2700 3240 1 2 110 120 0 0 
3000 3300 1 1 60 65 50 60 
2700 4050 3 2 0 0 140 140 
1100 1650 1 2 0 98 88 60 
1000 1300 1 1 140 110 0 0 
1200 1560 1 2 140 130 0 0 
1600 2080 1 2 0 0 150 110 
2800 3080 3 1 0 98 80 75 
1100 1210 1 1 0 130 0 140 
1300 1950 1 1 0 91 96 50 
1300 1430 1 2 120 84 70 0 
2900 3190 1 1 140 0 100 0 
1200 1320 3 1 0 0 140 150 
1600 2240 2 1 75 50 75 65 
1900 2470 3 2 130 0 130 0 
2600 3640 2 2 0 140 0 150 
1600 2400 2 2 0 84 104 55 
2300 2530 2 2 140 100 0 0 
1000 1400 2 2 0 0 120 150 
2100 3150 1 1 0 0 120 110 
2500 3500 1 2 0 91 96 65 
2100 2520 3 1 0 0 110 130 
3000 3600 1 2 0 0 130 100 
1000 1500 3 1 0 120 0 100 
2400 3360 2 2 0 105 96 55 
3000 3300 1 2 75 55 50 70 
2700 3780 3 1 100 150 0 0 
1300 1950 2 2 112 105 55 0 
2400 3120 1 1 140 0 150 0 
2500 3750 2 2 150 150 0 0 
1100 1650 2 1 140 150 0 0 
1500 2100 2 1 96 84 55 0 
2200 2860 1 2 0 0 120 130 
2000 2800 1 1 75 65 65 60 
2000 3000 2 1 75 60 60 60 
3000 3600 1 2 110 120 0 0 
2000 3000 2 2 0 140 0 140 
2800 3640 1 1 0 0 100 140 
1600 2400 2 1 104 105 65 0 
1500 2250 3 2 0 105 112 50 
1400 1540 1 1 0 120 0 150 
1700 2380 1 1 0 98 104 65 
2000 3000 1 1 0 0 120 130 
2500 3000 3 1 0 0 140 110 
2700 3780 1 2 130 150 0 0 
2900 3190 3 1 96 84 65 0 
1900 2470 3 2 0 91 104 55 
2700 3510 1 2 140 0 120 0 
2800 3640 2 2 100 140 0 0 
1800 2700 3 2 0 110 0 100 
2500 2750 2 1 130 0 150 0 
1600 2080 3 2 75 65 50 70 
1100 1430 3 2 150 0 130 0 
1700 2210 2 2 0 105 96 75 
2500 3250 2 2 100 140 0 0 
1400 1960 3 2 0 0 150 120 
1000 1100 3 1 60 60 50 75 
2800 3640 3 2 130 0 100 0 
1400 1960 1 1 110 120 0 0 
2200 3300 3 2 140 0 110 0 
1500 1650 1 2 0 0 100 100 
1200 1800 3 1 0 140 0 100 
1900 2850 2 1 80 91 60 0 
2100 2310 2 2 0 91 104 60 
2800 3640 1 2 130 0 150 0 
2500 3750 3 2 50 55 70 50 
2400 3600 2 1 0 77 120 75 
2600 3380 1 2 65 70 70 50 
2100 2730 2 2 0 120 0 120 
1700 2040 3 2 0 98 120 70 
1900 2660 1 2 0 0 140 150 
1200 1560 3 1 120 0 100 0 
2500 2750 1 1 0 140 0 130 
1800 1980 1 1 110 120 0 0 
1300 1820 3 1 150 120 0 0 
1900 2660 3 1 70 65 55 50 
1500 1800 2 1 130 150 0 0 
1400 2100 2 2 50 55 60 65 
2600 3900 3 1 110 130 0 0 
1400 1960 3 2 112 70 65 0 
2000 2400 2 1 140 120 0 0 
2600 3640 3 1 104 77 65 0 
2800 3920 2 2 0 70 104 55 
1400 1680 1 1 0 70 96 70 
1300 1430 3 2 0 150 0 110 
2200 3300 3 1 50 55 50 75 
1000 1200 2 2 0 0 150 110 
1900 2660 2 1 140 140 0 0 
1700 2040 1 1 120 0 130 0 
1800 2160 1 2 0 0 100 120 
1400 1820 3 1 0 150 0 150 
1500 2100 1 2 120 150 0 0 
1600 2400 1 1 0 130 0 120 
1900 2850 3 1 0 84 112 55 
2900 3190 2 2 150 140 0 0 
1600 2080 1 2 120 120 0 0 
1700 2040 3 2 0 0 120 140 
2300 2990 2 1 88 84 50 0 
2800 3920 1 1 100 140 0 0 
1200 1320 1 2 120 0 150 0 
2000 2400 1 1 88 98 55 0 
1800 2340 2 2 0 140 0 140 
1100 1320 3 2 110 130 0 0 
2200 2860 1 2 120 140 0 0 
2600 2860 1 2 110 0 150 0 
1700 2380 2 1 0 0 100 140 
1700 2210 2 1 0 77 96 50 
1500 1950 3 1 65 50 55 70 
1800 2520 2 2 120 140 0 0 
2900 3480 3 2 96 77 70 0 
2800 3920 1 2 0 110 0 130 
2700 4050 2 2 100 0 120 0 
2200 2640 1 1 0 77 120 75 
2100 2730 2 1 110 0 150 0 
1500 1650 1 2 150 140 0 0 
1300 1820 1 1 0 70 96 50 
2000 3000 1 2 70 70 65 70 
1700 2210 3 1 75 55 70 70 
2000 2400 2 2 120 120 0 0 
1700 1870 1 2 70 50 70 55 
2400 3360 1 2 55 60 55 70 
2400 3120 3 2 100 0 100 0 
2300 2990 1 2 0 130 0 110 
2600 3120 1 1 100 0 110 0 
2500 3250 1 2 0 91 80 65 
1800 1980 2 1 0 0 150 100 
1200 1560 1 1 110 130 0 0 
2600 3120 2 2 55 70 65 55 
2500 3500 1 1 0 0 120 100 
2600 2860 1 2 0 150 0 130 
1000 1200 1 2 140 150 0 0 
1500 2100 1 1 100 110 0 0 
2900 4060 2 1 0 84 80 60 
1400 1680 1 2 120 110 0 0 
1900 2850 3 2 140 0 140 0 
2000 2600 2 2 112 91 75 0 
2100 2940 2 2 60 65 70 50 
1200 1560 3 2 0 77 120 55 
3000 4200 1 2 70 75 65 60 
1200 1560 1 2 0 0 140 120 
2400 3360 3 2 120 84 75 0 
1700 2210 1 2 104 91 55 0 
2100 2310 1 2 0 91 96 65 
2400 3360 3 1 0 77 104 75 
2100 2520 1 1 75 70 60 70 
2700 3240 1 1 100 120 0 0 
2900 3190 3 1 112 91 65 0 
2600 2860 3 2 110 0 140 0 
2800 3640 3 1 150 140 0 0 
2100 2520 2 2 0 0 110 120 
2400 3120 1 1 0 105 80 55 
2700 4050 2 2 0 130 0 140 
1000 1500 2 2 150 110 0 0 
1400 1960 2 2 140 0 130 0 
1600 1920 3 2 112 98 55 0 
2300 3220 2 2 60 70 50 70 
2500 2750 1 1 0 0 130 140 
2000 2600 1 1 0 84 96 50 
2100 2310 3 2 0 70 120 60 
1400 1540 3 1 0 84 104 55 
2100 3150 1 2 60 65 60 70 
2500 2750 3 1 0 0 100 100 
1600 1920 1 2 0 0 140 140 
2500 2750 2 2 100 110 0 0 
2600 3120 2 2 110 140 0 0 
2200 2420 3 2 0 0 150 150 
2600 3900 2 1 110 0 130 0 
2000 2600 1 1 0 0 120 110 
2900 4350 3 1 0 140 0 150 
2900 4060 3 2 120 130 0 0 
2400 2640 1 1 96 70 70 0 
1200 1800 1 2 100 150 0 0 
1500 1650 3 2 0 91 120 50 
1800 2520 3 1 120 140 0 0 
1400 1960 1 2 130 110 0 0 
1000 1400 3 1 88 105 55 0 
3000 4500 3 1 0 105 80 75 
2900 3190 1 2 130 130 0 0 
1500 2250 1 1 0 0 150 120 
1800 2700 3 1 112 91 70 0 
1800 2160 2 1 130 110 0 0 
2700 2970 2 2 65 50 55 75 
2900 3480 1 1 0 0 140 120 
2100 2310 3 1 0 0 100 150 
1200 1440 1 1 0 130 0 120 
2100 2310 3 1 0 100 0 120 
2900 3480 2 1 80 98 50 0 
2100 2940 3 1 65 65 65 60 
2000 3000 1 2 130 0 140 0 
3000 3600 1 2 60 75 55 60 
2000 2400 2 2 0 0 100 110 
1000 1100 1 1 75 50 55 65 
1900 2660 3 1 80 70 60 0 
2600 2860 1 1 65 75 70 50 
1400 1540 2 1 55 50 70 50 
1900 2850 2 1 150 120 0 0 
3000 3600 3 2 100 0 130 0 
2200 2420 2 1 65 65 70 70 
2300 3450 2 2 140 140 0 0 
2800 4200 3 2 0 0 130 130 
1400 1960 3 1 0 0 110 120 
2200 2640 2 2 0 150 0 140 
1500 2250 2 2 0 0 130 120 
3000 3900 2 2 96 98 55 0 
2300 2530 1 1 100 120 0 0 
2900 3190 2 1 0 120 0 140 
3000 3900 3 1 112 105 75 0 
1700 2380 2 1 0 110 0 150 
2100 2940 3 1 75 75 75 60 
1200 1320 1 2 140 100 0 0 
2900 3190 3 1 80 77 55 0 
1900 2470 1 2 80 70 75 0 
2900 3480 3 1 0 0 120 150 
1500 1800 1 2 75 50 60 60 
2800 3640 3 1 80 91 65 0 
2600 3900 1 2 0 150 0 140 
1200 1440 1 1 88 70 55 0 
1400 1960 1 2 0 105 96 65 
2800 3640 1 2 0 91 96 50 
2900 4060 1 1 70 55 55 55 
1100 1650 2 2 65 75 50 65 
2600 3640 2 1 0 120 0 130 
1600 1760 1 2 0 100 0 110 
1300 1430 2 2 150 0 120 0 
2300 3220 1 2 0 84 88 60 
1500 2250 3 1 120 84 50 0 
1200 1680 2 1 130 140 0 0 
1700 2550 3 1 60 50 75 50 
1500 1950 2 2 130 140 0 0 
1100 1430 1 1 140 150 0 0 
2900 4350 1 1 140 140 0 0 
2900 3190 3 1 120 105 50 0 
1200 1800 2 2 110 130 0 0 
1300 1690 1 2 75 60 70 50 
1100 1540 2 2 120 84 65 0 
2800 3360 2 1 0 91 96 60 
2000 2600 1 2 120 0 130 0 
2700 4050 2 1 100 0 120 0 
2200 2640 2 2 55 65 60 75 
2500 2750 3 2 0 70 104 70 
2900 3480 2 2 0 100 0 140 
1400 1680 2 1 55 55 55 75 
1900 2470 3 2 130 140 0 0 
1900 2280 1 2 0 70 96 75 
2800 3080 3 2 150 120 0 0 
2000 2600 1 2 70 55 60 55 
2600 2860 1 2 0 110 0 150 
2900 3190 1 1 0 0 130 140 
2200 3300 3 1 120 0 120 0 
2200 2640 1 1 112 77 50 0 
2600 3640 1 1 0 0 130 100 
2400 2880 3 1 96 84 70 0 
1500 2100 1 2 100 0 110 0 
1700 2210 1 2 130 0 100 0 
2700 2970 3 2 0 0 100 130 
2600 2860 2 2 96 77 55 0 
3000 3300 3 2 130 140 0 0 
2000 2400 2 1 110 100 0 0 
3000 3600 2 1 0 77 112 50 
1600 2400 1 1 120 120 0 0 
1800 2520 2 1 0 0 130 140 
2000 2600 2 2 120 110 0 0 
2100 2310 3 1 70 55 75 55 
2600 3900 1 1 0 105 120 75 
2400 3600 3 1 104 98 70 0 
2100 2730 2 1 0 77 88 75 
1100 1430 3 2 112 77 70 0 
2000 2400 2 2 120 77 75 0 
2900 3190 1 1 0 0 130 110 
1200 1560 2 2 88 70 55 0 
1200 1680 1 2 0 0 140 100 
1500 1950 2 1 140 0 130 0 
2000 2800 2 2 0 150 0 100 
3000 4200 1 2 0 0 150 110 
2500 3500 2 1 0 0 120 120 
1000 1500 2 2 0 91 104 75 
2900 4060 3 2 0 91 96 50 
2200 2860 1 1 130 130 0 0 
1100 1540 1 2 130 0 110 0 
1800 2160 2 2 100 140 0 0 
1400 2100 1 1 150 0 140 0 
1200 1680 2 2 110 130 0 0 
1800 2520 1 2 0 0 130 140 
2900 3190 1 2 110 0 150 0 
1700 2380 1 2 110 0 140 0 
2900 3770 1 1 0 98 88 65 
2500 3250 1 1 0 91 88 60 
1200 1440 2 2 100 150 0 0 
2200 2420 2 1 70 70 75 60 
1400 1680 1 2 0 77 112 75 
2800 4200 2 2 55 60 75 75 
2200 2420 2 1 100 0 100 0 
1400 1820 3 1 120 120 0 0 
2200 3300 1 2 80 77 50 0 
2600 2860 2 1 96 77 70 0 
1600 2240 1 2 0 140 0 100 
1300 1430 2 2 0 91 96 70 
1200 1680 3 2 120 0 130 0 
1300 1430 2 2 88 98 70 0 
2200 3080 2 2 0 91 80 70 
2200 3300 1 2 80 98 70 0 
1600 2240 2 2 0 105 96 60 
2700 3510 3 2 88 70 70 0 
1900 2660 2 2 110 0 110 0 
1600 2400 1 2 130 0 120 0 
1000 1200 2 1 150 130 0 0 
1700 2380 1 2 120 120 0 0 
1900 2660 1 1 140 0 130 0 
1600 1760 2 2 0 0 100 110 
2700 3240 3 2 120 77 60 0 
1500 2250 1 2 140 0 130 0 
2300 2530 3 2 0 70 96 60 
2200 3080 3 2 75 75 70 70 
1500 1950 1 1 104 105 65 0 
1400 2100 2 2 112 77 55 0 
2000 3000 2 2 75 60 50 50 
2900 3480 2 1 75 55 50 60 
2900 4350 3 1 104 70 75 0 
1200 1440 1 2 0 120 0 120 
2100 2730 2 2 0 77 88 60 
1800 2520 2 1 0 98 80 50 
1300 1950 1 1 0 70 120 50 
1600 2400 1 1 110 130 0 0 
1100 1650 3 1 130 0 150 0 
1100 1430 2 1 60 55 65 70 
2800 3360 3 2 150 0 100 0 
1200 1320 3 1 96 77 55 0 
1900 2470 1 1 0 0 130 150 
1800 2700 2 1 0 120 0 130 
2100 3150 2 1 0 0 120 110 
2100 2730 2 1 140 100 0 0 
1200 1320 1 2 110 130 0 0 
1800 2700 1 1 110 110 0 0 
1200 1680 3 2 60 55 60 65 
1000 1300 1 2 0 120 0 150 
2400 2640 2 1 0 0 100 140 
1300 1820 1 1 50 75 55 55 
1300 1950 1 2 130 0 150 0 
1000 1300 3 2 70 50 50 65 
2700 2970 1 2 0 91 80 60 
1300 1950 1 2 100 140 0 0 
3000 4200 1 2 0 0 150 110 
2400 3600 3 2 150 0 130 0 
2300 3450 1 2 150 0 100 0 
2000 2800 2 2 100 150 0 0 
2200 3080 3 2 0 0 100 100 
2700 3510 3 1 120 150 0 0 
2100 3150 3 1 140 0 110 0 
2000 3000 1 2 0 70 80 75 
1000 1500 1 2 0 110 0 140 
1200 1800 2 2 0 120 0 130 
2000 2800 1 1 0 120 0 100 
2200 3080 3 1 0 98 112 65 
2100 2940 1 1 96 77 55 0 
2400 3120 1 2 75 55 65 75 
2200 2860 3 2 60 60 75 50 
2800 3640 2 2 112 105 65 0 
2100 2520 3 2 120 0 100 0 
3000 4200 1 2 0 91 96 75 
3000 3600 1 1 130 100 0 0 
3000 3600 3 2 0 0 140 120 
2500 3250 1 2 50 55 70 55 
1500 1950 3 1 0 130 0 110 
2200 2420 1 2 104 77 65 0 
2600 3120 3 2 150 110 0 0 
1500 1950 2 1 0 110 0 100 
1300 1820 1 1 0 77 104 55 
1600 2240 3 2 112 105 70 0 
2200 2640 2 2 120 140 0 0 
1600 2080 3 2 55 65 60 70 
2300 2530 1 2 60 50 75 75 
2800 4200 3 2 140 150 0 0 
2700 3510 3 1 0 105 96 75 
1300 1430 1 2 150 130 0 0 
2200 2640 1 1 150 120 0 0 
2300 2530 2 2 0 110 0 130 
1100 1430 1 2 0 70 104 65 
2800 3080 3 1 0 130 0 100 
1200 1800 2 1 65 70 55 65 
1700 2210 1 1 0 0 120 130 
1200 1440 1 2 100 100 0 0 
1600 2080 2 1 0 105 80 65 
2000 3000 1 1 0 0 140 110 
1100 1650 1 1 60 70 50 75 
1400 1540 1 1 0 84 112 65 
1000 1500 2 1 0 0 110 130 
2300 2990 2 1 150 120 0 0 
2000 2600 3 2 0 84 80 75 
1500 1950 2 2 50 65 70 50 
1200 1320 1 2 65 65 70 65 
2100 3150 1 1 100 130 0 0 
1900 2850 3 2 100 0 100 0 
1600 2240 2 1 0 0 140 100 
2500 3500 2 1 65 60 55 55 
1800 2520 1 2 0 0 150 140 
2500 3500 1 1 0 70 104 60 
2600 2860 1 2 0 100 0 130 
2900 3480 3 2 110 140 0 0 
2400 3360 1 2 50 60 75 70 
2400 3600 1 2 0 110 0 100 
1400 1820 1 1 80 77 65 0 
2500 3500 2 2 0 98 120 75 
1100 1540 1 2 50 60 65 55 
2600 3900 3 1 0 100 0 120 
3000 3300 3 2 110 100 0 0 
2700 3780 2 2 0 140 0 150 
1800 2520 1 2 130 130 0 0 
1700 1870 2 1 0 0 130 100 
2300 2530 1 1 0 105 88 55 
1000 1100 2 2 120 140 0 0 
2700 3780 3 2 0 150 0 100 
1800 2700 1 2 0 105 80 55 
1300 1820 1 2 150 140 0 0 
3000 4200 2 1 88 70 55 0 
2900 4350 1 2 0 0 110 130 
2500 3500 1 2 60 60 65 60 
1600 1920 2 2 0 105 104 60 
2000 2400 3 2 70 70 70 70 
1000 1200 2 2 104 105 55 0 
2200 2640 1 1 140 100 0 0 
2200 3080 3 2 65 50 60 75 
2700 3240 3 1 100 0 130 0 
1600 2240 3 2 0 91 80 75 
3000 3600 2 1 110 150 0 0 
1200 1560 2 1 104 91 50 0 
3000 4200 1 1 70 60 70 75 
1600 1920 1 1 0 140 0 150 
2400 3360 3 2 0 0 100 130 
3000 4200 2 1 50 50 60 70 
2200 2420 2 2 0 84 88 70 
1700 2040 1 1 120 140 0 0 
1500 1800 3 1 0 77 96 50 
2300 3220 2 1 112 91 75 0 
2700 3780 3 1 0 84 88 65 
1500 1950 3 1 0 140 0 100 
2900 3480 1 1 0 100 0 100 
2700 4050 3 2 120 130 0 0 
1100 1430 3 2 0 140 0 150 
1900 2850 2 1 0 140 0 150 
1000 1400 2 1 130 0 120 0 
1400 1680 3 2 0 130 0 110 
1500 2100 3 1 60 60 70 60 
1800 2340 1 1 0 91 96 65 
1000 1500 3 1 70 65 55 55 
2700 3510 2 1 0 110 0 140 
2900 4060 3 1 110 0 100 0 
1200 1560 2 1 0 110 0 120 
2100 2520 3 2 0 110 0 100 
1000 1400 3 2 112 70 65 0 
1200 1680 3 2 0 0 110 120 
1800 2520 2 2 0 70 88 75 
2200 2420 2 1 112 91 50 0 
1600 1920 2 2 0 130 0 130 
2300 2530 2 1 0 130 0 140 
1900 2850 2 2 120 140 0 0 
1100 1210 3 2 0 0 120 120 
2000 2200 1 1 120 0 130 0 
1200 1320 1 2 80 77 50 0 
2400 2880 3 2 120 0 130 0 
1000 1500 1 2 50 75 60 50 
1700 2550 2 1 130 0 130 0 
1600 1920 1 2 65 60 65 65 
2300 3450 2 1 0 100 0 100 
1100 1430 1 1 0 120 0 150 
1500 1650 3 2 60 55 65 60 
1400 1680 1 2 0 0 150 130 
1400 1540 1 1 120 91 65 0 
1200 1680 3 2 100 140 0 0 
1200 1560 3 1 60 70 55 55 
2700 3240 1 1 150 110 0 0 
1900 2280 3 1 0 0 110 120 
1600 2240 3 1 60 75 65 65 
2300 3450 3 2 65 70 60 65 
2600 3120 1 1 150 0 100 0 
1500 1800 3 2 0 100 0 140 
2100 2520 1 1 0 150 0 100 
1100 1320 1 1 100 100 0 0 
3000 4200 2 1 104 98 65 0 
1600 2400 1 1 0 140 0 130 
2800 3080 1 1 96 98 65 0 
1500 2100 3 1 110 120 0 0 
1200 1440 2 1 112 91 70 0 
1200 1440 2 2 120 0 140 0 
1200 1680 3 2 0 130 0 150 
2200 3080 2 1 100 0 150 0 
1900 2660 3 1 65 70 65 65 
1500 2100 1 1 104 105 65 0 
2600 2860 1 2 0 98 112 70 
1400 1680 1 2 0 0 100 100 
1400 1820 2 2 55 70 55 70 
2800 4200 2 2 55 70 70 60 
2900 4350 2 1 120 0 110 0 
1900 2850 1 1 0 120 0 140 
2300 2760 3 2 104 91 55 0 
2000 2800 3 1 140 0 150 0 
2100 2730 1 1 55 50 55 65 
1400 2100 1 1 0 130 0 120 
2000 2800 1 1 0 150 0 100 
2500 3000 2 2 0 70 112 55 
1700 2040 3 1 130 110 0 0 
1300 1950 1 1 130 110 0 0 
1500 2250 3 1 0 84 88 65 
1900 2470 1 1 0 91 80 70 
2100 2940 3 2 120 84 70 0 
