64
64000
2 3 4 3
2
0 1 6 180 2 6
54 12 14 25 18 32
1 1 2 190 2 2
56 37
1300 1820 3 1 150 0 110 0 
2300 3220 1 2 130 0 120 0 
1600 1920 1 2 140 140 0 0 
1400 1960 1 2 60 60 70 60 
1700 2210 1 2 0 120 0 110 
2400 2880 3 2 0 0 140 100 
2300 2990 2 2 55 65 70 70 
1500 2100 3 2 0 0 140 100 
1600 1920 3 2 120 120 0 0 
2800 4200 1 1 0 150 0 130 
2100 2310 1 2 70 65 60 55 
1900 2470 1 1 0 0 100 110 
2600 3380 1 1 100 120 0 0 
3000 3600 2 2 88 105 60 0 
1900 2660 2 1 65 55 70 65 
1700 2040 2 2 112 70 75 0 
1100 1210 1 2 0 130 0 140 
2300 2530 2 2 100 0 110 0 
1000 1500 2 1 140 0 140 0 
2500 3000 3 2 70 60 75 65 
1100 1430 2 2 100 0 150 0 
1100 1320 3 2 0 98 80 65 
1900 2470 3 2 140 100 0 0 
1500 1800 2 1 0 91 120 75 
2400 3120 3 1 130 110 0 0 
2200 3300 3 2 0 130 0 150 
2500 3250 3 1 0 120 0 110 
1300 1690 2 2 112 70 65 0 
2500 3500 3 2 112 105 65 0 
1800 2340 2 2 0 0 130 130 
2300 3220 3 1 120 77 70 0 
2600 3380 1 2 0 77 112 75 
1000 1500 1 2 120 0 150 0 
2900 3480 1 1 96 70 75 0 
1800 2340 1 2 0 140 0 110 
3000 3600 2 1 120 0 110 0 
1400 1960 2 2 140 0 130 0 
2800 3360 3 2 0 91 88 55 
1800 2160 1 1 0 130 0 130 
2600 2860 1 1 110 100 0 0 
1600 1920 1 2 88 91 60 0 
1600 2400 3 1 0 0 110 120 
2400 3360 2 2 120 0 140 0 
2300 2530 1 1 110 110 0 0 
1800 1980 1 1 0 105 80 75 
2800 3360 2 2 55 75 55 55 
2800 4200 1 2 150 110 0 0 
1800 2160 3 2 75 55 65 50 
2200 3080 3 2 80 70 70 0 
2500 2750 1 2 130 150 0 0 
2200 2860 3 2 0 100 0 120 
2400 3120 1 2 130 0 130 0 
2600 3380 3 2 0 120 0 100 
3000 3300 2 2 80 105 55 0 
3000 3300 2 1 150 0 100 0 
2100 3150 3 1 110 0 120 0 
1100 1430 3 1 96 77 60 0 
1600 2240 3 2 0 84 80 60 
1700 2380 3 1 0 120 0 150 
1500 1800 2 2 70 55 60 55 
1800 1980 2 2 0 120 0 110 
2400 2640 1 2 50 50 50 65 
2200 3080 2 2 0 120 0 150 
1100 1430 2 1 0 91 120 50 
