50
50000
2 3 4 3
2
0 1 4 290 2 3
24 49 27 9
1 1 6 300 2 3
28 32 19 38 1 46
2400 3120 2 1 100 120 0 0 
2600 3640 2 1 0 0 130 130 
1500 1650 1 2 0 140 0 120 
1300 1560 3 2 150 0 120 0 
2400 2880 1 2 120 0 140 0 
1800 2520 1 1 0 0 140 120 
1500 1650 3 1 110 0 130 0 
2100 2310 2 1 96 91 50 0 
3000 3600 1 2 50 50 55 70 
2900 4060 3 2 0 150 0 100 
2300 2760 1 1 0 120 0 100 
2800 4200 3 2 80 70 55 0 
1600 2400 1 2 0 0 110 120 
1900 2470 1 1 88 77 55 0 
1300 1430 3 1 0 120 0 110 
2900 4060 3 1 0 98 120 70 
1000 1200 1 1 88 77 65 0 
2800 3920 1 2 0 91 112 50 
1800 2340 1 2 65 55 50 65 
1000 1200 1 2 0 0 120 100 
3000 4200 1 2 55 60 55 70 
1300 1820 2 1 0 91 112 65 
1600 2240 2 1 60 75 55 65 
2500 3500 2 1 50 55 65 50 
2200 3080 1 2 0 120 0 140 
1900 2280 3 1 0 110 0 150 
2700 2970 1 1 0 0 130 110 
2300 2760 1 2 0 150 0 150 
1500 1650 2 2 140 0 140 0 
1700 1870 3 2 120 130 0 0 
2900 3770 1 1 60 60 70 65 
1400 1960 3 2 140 0 150 0 
1400 1960 1 2 0 91 80 75 
2600 2860 1 1 96 91 70 0 
2600 2860 3 2 70 75 75 70 
2000 2800 1 2 130 150 0 0 
2200 2640 1 1 88 84 60 0 
2100 2310 3 2 70 75 55 55 
1800 2520 1 1 0 0 140 150 
2400 3120 2 1 0 0 100 140 
1500 2250 1 1 150 150 0 0 
1700 1870 2 1 150 0 120 0 
1900 2090 3 2 0 150 0 110 
2200 3300 2 1 0 91 104 50 
1600 2240 1 2 0 0 150 150 
2100 3150 2 1 100 100 0 0 
1600 2240 2 2 0 105 104 50 
2500 3500 3 2 110 100 0 0 
2400 2880 3 1 0 0 140 100 
2500 3500 3 2 0 110 0 100 
