50
50000
2 3 4 3
1
0 1 4 290 4 4
34 36 27 41
2100 3150 2 2 65 50 70 60 
1000 1400 2 2 0 0 140 120 
2300 3450 2 1 150 150 0 0 
1500 1650 1 1 0 140 0 110 
2500 3500 3 2 0 98 104 70 
1300 1820 1 2 110 150 0 0 
1300 1950 1 2 80 98 65 0 
2200 2860 3 1 0 0 110 130 
1100 1650 3 1 0 0 100 150 
1400 1540 2 2 0 77 80 70 
3000 4500 1 2 0 70 88 65 
1300 1950 2 1 0 140 0 110 
2000 2200 3 2 55 65 50 50 
1800 1980 2 1 80 98 70 0 
1800 1980 2 2 0 110 0 130 
2200 3300 2 2 55 50 50 70 
1900 2280 1 2 0 0 100 110 
2400 3120 3 1 0 77 80 50 
1400 1960 3 2 0 0 130 100 
1500 1800 1 1 0 140 0 100 
1800 2700 1 1 150 120 0 0 
1700 2040 1 2 0 0 110 130 
2200 3080 3 2 120 0 120 0 
2300 2760 2 1 130 0 140 0 
1000 1500 2 2 100 140 0 0 
1200 1800 1 2 0 120 0 130 
1300 1950 1 2 0 0 100 130 
1500 1800 1 1 0 130 0 140 
1100 1650 2 1 88 77 75 0 
1200 1440 3 1 140 100 0 0 
2600 3640 1 2 0 77 88 60 
2500 3750 2 1 96 105 50 0 
1300 1820 2 2 150 0 110 0 
1200 1800 1 2 0 150 0 150 
2500 2750 1 1 96 91 75 0 
1200 1440 3 1 50 65 75 60 
3000 4200 3 1 60 50 55 55 
2600 3380 3 1 65 50 75 65 
2100 2940 2 1 0 110 0 130 
2500 3500 1 1 0 130 0 130 
2900 3190 3 1 110 120 0 0 
2900 3480 1 2 0 100 0 140 
1000 1100 2 1 88 91 60 0 
2100 2730 3 2 88 98 70 0 
2100 2730 2 2 80 98 60 0 
2600 3380 1 2 0 0 130 130 
2700 4050 1 2 120 120 0 0 
2600 3380 2 2 112 98 60 0 
2700 4050 1 1 0 0 120 120 
1900 2660 2 1 110 0 150 0 
