50
50000
2 3 4 3
3
0 1 6 300 5 6
36 41 21 18 31 34
1 1 4 210 2 3
32 10 40 8
2 1 6 300 2 5
43 24 34 42 19 46
1200 1800 3 1 88 77 50 0 
2100 2520 2 2 0 98 112 50 
2300 2760 3 2 120 140 0 0 
2700 4050 1 1 0 0 140 120 
2800 3360 2 2 0 110 0 130 
2500 3750 1 1 0 110 0 100 
2600 3640 2 2 110 0 140 0 
2500 3750 1 2 120 70 55 0 
1400 1960 3 1 88 70 75 0 
2600 2860 3 1 130 0 110 0 
1100 1320 1 1 0 77 80 60 
2800 4200 3 1 100 0 100 0 
2900 3480 2 2 70 50 50 50 
2200 2640 2 1 120 120 0 0 
1900 2850 3 2 0 70 80 65 
2700 3780 1 2 120 120 0 0 
1600 1920 1 1 130 0 130 0 
2200 3300 1 1 0 110 0 100 
2200 2640 3 2 0 120 0 140 
1200 1440 1 1 0 0 140 150 
2200 3300 3 1 130 120 0 0 
2100 3150 3 1 65 65 55 70 
1900 2090 3 1 110 0 120 0 
1800 2520 2 1 0 150 0 130 
2300 3220 1 1 0 91 120 65 
2000 2200 3 1 130 110 0 0 
2600 3120 1 1 0 120 0 150 
1100 1650 3 1 0 98 88 75 
2300 2530 3 1 130 150 0 0 
2600 3120 2 1 0 150 0 110 
2500 2750 3 1 0 0 140 140 
2400 2640 3 2 100 110 0 0 
2800 3360 1 2 88 77 50 0 
1800 1980 3 2 0 77 104 70 
2300 2760 2 1 0 0 150 100 
1100 1210 3 1 150 120 0 0 
1000 1500 2 2 55 65 60 75 
1100 1430 2 1 50 75 75 70 
2800 3920 3 2 70 70 65 60 
1100 1540 3 2 0 84 88 55 
1600 2240 2 2 0 84 80 50 
2500 3750 3 1 65 65 70 75 
2500 2750 3 2 150 0 110 0 
2800 3920 1 2 120 105 60 0 
1900 2090 1 1 0 100 0 150 
2900 3770 2 1 0 100 0 130 
2800 4200 2 2 0 77 88 75 
1600 2400 3 2 100 110 0 0 
2200 3080 3 1 100 0 120 0 
2900 3190 3 2 150 0 140 0 
