128
128000
2 3 4 3
2
0 1 6 140 2 5
69 44 95 110 17 28
1 1 4 160 4 4
45 47 44 46
2000 2800 3 1 75 55 65 65 
2100 2310 3 1 0 130 0 120 
2900 4060 3 2 110 100 0 0 
1800 2520 1 1 150 130 0 0 
1300 1690 1 1 0 0 150 150 
1500 2250 3 1 140 0 110 0 
1800 1980 1 1 0 70 112 70 
2000 2800 1 2 0 70 88 50 
1200 1800 1 2 0 0 140 110 
2700 3240 3 2 0 0 150 120 
1200 1800 2 1 55 55 75 60 
1400 1820 3 1 0 130 0 100 
2400 3600 3 1 0 84 104 60 
2600 3900 3 1 70 50 75 50 
3000 3900 1 2 0 0 140 120 
1000 1400 3 2 0 150 0 130 
2600 3380 3 1 130 0 100 0 
2900 3770 2 2 150 0 130 0 
1600 2240 2 2 0 0 140 110 
1400 1540 1 2 80 98 65 0 
2900 3190 3 2 120 130 0 0 
1600 1760 2 2 0 98 88 55 
1100 1430 1 2 140 140 0 0 
3000 4200 3 2 0 105 120 50 
2600 3380 2 1 0 120 0 120 
2900 3770 2 1 112 91 75 0 
3000 3600 3 2 88 70 60 0 
1500 2100 1 1 130 0 130 0 
1900 2660 3 2 0 70 88 60 
2000 2800 3 1 140 100 0 0 
1300 1950 3 2 100 120 0 0 
2100 2940 1 2 0 84 120 50 
1800 1980 2 1 0 120 0 150 
1700 2210 2 2 0 84 120 50 
2500 2750 1 2 120 140 0 0 
2100 2730 2 2 0 77 88 65 
1200 1800 2 1 0 105 88 60 
1900 2660 3 2 0 91 112 55 
1900 2660 2 2 110 120 0 0 
2200 3300 1 2 110 0 120 0 
1800 2340 1 1 120 70 50 0 
1300 1950 3 2 50 55 75 60 
2100 2940 3 2 130 140 0 0 
1500 2250 3 2 0 0 140 140 
1500 1800 1 2 150 0 130 0 
2100 2310 3 1 0 130 0 100 
1000 1200 2 1 0 91 80 70 
2300 2990 3 1 0 120 0 120 
2200 2860 3 1 65 55 70 65 
3000 4500 1 1 150 130 0 0 
1200 1800 3 1 0 150 0 150 
2800 3360 1 2 0 0 100 150 
1500 2100 3 2 65 50 50 70 
1600 2400 3 2 110 0 100 0 
1800 1980 3 2 0 84 80 65 
2000 2200 3 1 0 0 110 150 
2000 2600 1 2 0 110 0 100 
1600 2080 2 2 70 55 60 75 
1300 1430 3 2 70 75 60 70 
1800 2340 2 2 130 150 0 0 
1900 2090 2 1 110 0 140 0 
2400 2880 2 2 0 130 0 120 
1400 1540 2 2 0 150 0 110 
1300 1690 3 1 110 110 0 0 
1800 2340 2 2 120 0 130 0 
1500 2250 2 2 0 110 0 130 
2600 3640 3 2 120 0 140 0 
1800 2520 1 1 70 70 60 50 
2100 2310 3 1 55 60 75 60 
2400 3360 2 2 60 60 65 70 
2700 2970 3 2 112 105 50 0 
2200 2860 2 1 0 0 150 130 
2600 2860 1 2 50 55 50 50 
2400 3360 2 2 130 0 130 0 
1300 1560 2 1 0 100 0 150 
1900 2850 3 1 0 84 96 60 
2900 3770 1 1 0 120 0 150 
2300 3220 2 2 50 55 65 50 
2500 3250 3 1 0 0 120 140 
2900 3480 2 2 100 0 130 0 
2900 3480 3 1 0 100 0 130 
2400 3120 2 1 88 105 70 0 
1800 2520 3 2 55 70 50 75 
2400 3120 1 2 60 50 50 75 
2400 3600 3 2 0 70 88 70 
1300 1690 3 1 0 77 96 60 
1500 1800 3 1 70 50 75 75 
1100 1430 1 2 88 70 50 0 
2000 3000 1 2 112 105 60 0 
1200 1320 2 1 0 105 80 60 
2500 2750 3 2 0 91 120 60 
1500 1650 2 1 100 0 140 0 
2400 3600 3 2 0 91 80 60 
2500 3250 3 1 0 0 140 150 
1800 2340 2 2 110 150 0 0 
3000 4500 2 1 55 50 65 75 
3000 3300 3 1 0 150 0 130 
2200 2860 2 1 0 98 96 65 
3000 4500 2 2 75 55 75 60 
2500 3000 3 2 96 105 70 0 
3000 3300 1 1 110 0 120 0 
1900 2660 1 1 110 0 100 0 
1600 1760 3 2 88 98 70 0 
1500 2250 3 2 0 91 80 75 
1400 1540 3 1 65 60 65 50 
2300 2530 3 2 0 140 0 110 
2600 3380 1 2 80 70 70 0 
2900 4060 1 2 50 55 70 50 
1100 1320 2 1 70 70 70 70 
1900 2470 2 1 80 70 55 0 
1700 2550 1 2 110 0 130 0 
2300 3450 3 1 0 105 96 60 
1000 1400 3 1 100 150 0 0 
2800 3640 3 1 0 77 112 70 
1500 1650 3 2 0 140 0 150 
2000 2200 2 1 0 100 0 120 
2200 3080 1 1 0 105 112 65 
1700 2040 3 1 96 105 75 0 
1200 1800 1 1 140 140 0 0 
2400 3120 3 2 0 110 0 130 
2100 2730 2 2 0 110 0 140 
2900 3190 3 2 70 55 60 50 
2100 2310 2 1 0 120 0 110 
2100 2940 1 1 0 91 88 60 
3000 3300 2 2 0 100 0 120 
2600 3380 2 2 100 120 0 0 
1600 1760 3 2 130 140 0 0 
2700 2970 3 2 140 130 0 0 
