256
256000
2 3 4 3
0
1500 1950 2 2 140 0 140 0 
1500 1950 3 2 0 77 104 50 
2400 3120 1 1 0 0 150 150 
1700 1870 1 1 75 60 70 70 
2400 2640 1 2 120 84 75 0 
2000 2400 1 1 0 150 0 110 
2200 3080 2 1 0 0 150 100 
1700 2210 1 2 150 0 100 0 
2100 3150 3 1 0 105 120 65 
1000 1400 1 2 110 0 120 0 
1000 1500 2 2 140 110 0 0 
1100 1430 3 1 0 150 0 130 
2900 4350 1 1 0 70 112 65 
1200 1680 3 1 75 75 60 70 
2000 2400 3 2 0 105 112 75 
1300 1950 2 2 0 91 112 55 
2100 2940 3 2 110 120 0 0 
2400 2880 3 2 0 0 150 100 
1300 1820 3 2 120 91 75 0 
1200 1320 3 2 0 100 0 110 
2600 3900 2 2 75 65 55 70 
1500 1800 2 1 0 70 120 70 
1700 2380 1 1 60 60 50 70 
2100 2730 2 1 0 0 100 120 
2800 3360 3 1 0 98 80 65 
1400 1960 3 1 0 91 120 50 
1600 2240 3 2 80 70 60 0 
2400 3120 2 2 96 77 75 0 
1400 1820 2 1 70 70 70 55 
1400 2100 1 2 88 105 60 0 
1000 1300 3 2 0 130 0 150 
2400 3600 1 2 75 60 50 60 
1700 2380 3 2 150 0 130 0 
1600 2400 2 2 112 98 60 0 
2600 2860 2 1 150 0 150 0 
2900 3480 3 1 70 50 65 75 
2300 3220 2 1 88 84 75 0 
1200 1800 3 2 80 98 75 0 
1900 2280 1 2 0 0 120 100 
2000 2200 2 1 50 60 70 50 
2600 3640 2 1 60 55 55 50 
2300 2990 1 2 0 0 100 110 
1000 1100 3 2 88 91 55 0 
1300 1950 3 2 0 91 120 75 
2400 2880 1 1 0 0 140 110 
2300 3220 3 2 0 140 0 120 
2800 3080 1 2 0 0 120 140 
3000 3600 2 1 65 65 75 55 
2700 3510 2 2 100 0 100 0 
1700 2380 3 2 0 77 120 75 
1400 1680 3 2 0 130 0 100 
2900 4350 3 2 0 130 0 100 
1700 2040 2 2 0 0 150 140 
2500 3750 3 2 0 98 80 60 
2100 2730 3 1 75 50 75 75 
1100 1650 1 2 50 50 65 75 
1800 2160 2 1 110 0 130 0 
2700 3780 3 2 65 60 50 60 
2200 2420 3 2 0 100 0 140 
1600 2080 1 2 110 130 0 0 
1600 1760 3 2 0 0 110 140 
3000 4200 2 1 0 0 120 140 
2200 2420 2 2 130 120 0 0 
2100 2730 3 2 55 60 60 60 
3000 3300 2 2 0 110 0 130 
2700 3510 1 1 100 0 130 0 
1300 1560 1 1 0 91 96 55 
2300 3450 3 1 0 0 100 120 
2700 3240 2 1 150 130 0 0 
1900 2660 3 2 112 84 75 0 
2000 3000 3 1 0 0 150 100 
1300 1430 2 1 120 105 50 0 
2100 2520 3 1 0 0 110 150 
1100 1210 2 1 0 0 110 110 
2700 3510 1 1 60 55 65 50 
2300 2760 1 1 70 60 60 75 
1000 1100 1 1 0 140 0 120 
2300 3220 3 2 0 0 100 100 
1200 1560 3 2 0 100 0 150 
2300 2530 1 1 130 0 100 0 
2000 2400 3 1 60 60 55 55 
2200 2420 3 2 0 110 0 110 
1000 1300 1 1 88 105 65 0 
2200 3080 3 2 0 110 0 100 
1700 2380 3 1 0 0 150 120 
1900 2470 2 1 130 0 100 0 
1900 2660 1 2 0 0 140 140 
2400 3120 3 2 140 130 0 0 
1000 1300 3 2 50 55 70 60 
1600 2400 3 1 0 105 80 70 
1800 2520 2 2 0 0 130 150 
2800 3640 2 1 130 0 130 0 
2900 4350 1 2 0 110 0 120 
2000 2800 3 1 0 0 120 100 
1900 2470 2 1 112 77 75 0 
2900 4060 1 1 100 0 130 0 
1100 1650 1 2 100 140 0 0 
2900 4350 1 1 0 120 0 150 
1400 1960 2 2 100 0 110 0 
2600 3640 3 1 0 140 0 120 
2900 3190 1 1 60 75 65 55 
1000 1400 2 2 0 0 150 140 
2900 3770 1 2 110 120 0 0 
3000 4200 3 1 110 0 130 0 
2700 4050 3 1 100 0 130 0 
1000 1200 1 2 140 0 100 0 
2000 2400 1 2 0 130 0 110 
1200 1440 2 2 55 75 70 60 
2900 3190 1 1 0 140 0 150 
1800 2700 2 1 0 100 0 150 
1600 1760 1 1 0 0 150 130 
2400 3600 1 1 112 98 75 0 
2000 2600 3 1 0 91 104 50 
1300 1820 2 2 100 0 110 0 
1600 1920 3 2 0 91 112 50 
1800 2520 3 2 0 100 0 100 
2900 3480 2 1 0 105 120 60 
1800 2340 1 1 140 130 0 0 
1100 1320 1 2 130 130 0 0 
2500 3750 3 2 110 0 120 0 
2800 3080 3 2 88 77 75 0 
1900 2660 1 2 60 65 65 55 
2900 3770 1 2 50 50 65 50 
2500 3250 1 1 96 77 50 0 
2500 3750 1 1 70 60 75 60 
2200 2420 3 2 120 150 0 0 
1900 2090 1 2 88 91 50 0 
3000 3600 2 2 0 0 110 110 
1900 2470 1 1 120 0 120 0 
2700 3780 1 1 60 75 55 60 
1700 2380 3 2 0 0 150 110 
2000 3000 2 2 0 100 0 140 
1800 1980 3 1 60 55 70 60 
1600 2080 2 2 0 0 110 130 
1300 1560 2 2 70 55 65 50 
1200 1560 2 2 65 50 60 75 
1400 1540 1 1 120 77 65 0 
2100 2940 1 1 0 84 112 70 
1100 1650 2 2 110 130 0 0 
1100 1210 1 2 0 0 130 130 
1500 2250 1 1 65 50 70 70 
1300 1560 1 2 60 60 55 65 
2800 3080 2 2 65 65 65 65 
2400 3360 2 2 0 91 104 70 
1300 1820 2 1 150 0 120 0 
1900 2090 3 1 0 98 104 70 
1800 2160 1 1 0 150 0 150 
1000 1300 1 2 100 130 0 0 
2700 3780 3 2 130 140 0 0 
1500 2100 1 1 100 0 130 0 
1800 2700 3 1 110 120 0 0 
1700 2210 1 2 0 140 0 140 
2500 3250 2 1 0 0 100 110 
1100 1430 2 1 0 140 0 100 
1700 2210 3 1 55 65 75 55 
2900 4060 3 1 150 140 0 0 
1700 2040 1 1 0 77 120 60 
1300 1690 2 2 0 120 0 100 
2900 3770 1 1 0 100 0 150 
3000 4200 1 1 0 0 110 120 
2100 2940 2 2 120 0 120 0 
2900 3480 3 2 110 110 0 0 
1900 2850 1 1 75 50 75 50 
1100 1650 3 1 0 77 104 60 
2800 3640 3 1 0 0 150 150 
2100 2520 1 1 100 100 0 0 
2600 2860 2 1 150 0 130 0 
1100 1540 3 2 0 84 112 50 
1900 2090 1 2 0 0 140 140 
2500 3000 1 2 0 110 0 130 
2600 3640 2 2 120 0 150 0 
1700 2380 1 1 140 110 0 0 
1200 1800 2 1 0 105 96 65 
1300 1560 3 2 0 98 80 75 
2500 3250 1 2 104 84 60 0 
1200 1320 1 2 140 150 0 0 
1800 2700 2 2 120 0 110 0 
1900 2470 3 1 0 0 110 140 
1800 2520 1 2 120 130 0 0 
2600 3640 1 2 130 140 0 0 
1100 1650 3 2 0 120 0 110 
2200 2420 2 1 112 84 65 0 
2400 3120 1 1 130 130 0 0 
2700 2970 3 2 140 0 110 0 
1900 2280 3 1 60 75 55 70 
1300 1820 2 1 140 0 100 0 
2700 3240 3 1 120 0 100 0 
2500 3750 3 2 130 110 0 0 
1900 2470 1 2 120 105 50 0 
2900 3770 3 1 0 150 0 120 
1400 1540 1 1 0 105 112 55 
1600 2400 2 2 0 0 110 100 
2200 3300 2 2 75 60 55 60 
2600 3120 2 2 88 91 50 0 
1800 1980 3 2 0 91 88 65 
2300 3450 3 1 0 110 0 140 
1700 2380 3 1 0 77 88 60 
2500 2750 3 1 0 100 0 140 
2500 3250 2 1 0 130 0 120 
1400 1820 1 1 0 150 0 120 
1600 1760 3 2 130 100 0 0 
1200 1440 1 2 0 84 80 60 
2800 3360 3 1 0 0 140 120 
1800 1980 2 1 96 84 60 0 
1800 2520 1 2 120 0 140 0 
1200 1560 3 1 0 105 88 70 
1900 2470 3 2 100 0 120 0 
2200 2420 3 2 130 100 0 0 
1200 1560 2 1 0 0 140 130 
3000 4500 3 1 110 150 0 0 
1100 1650 2 1 0 120 0 150 
2900 3480 2 1 50 70 50 65 
2500 3750 1 2 0 120 0 150 
1900 2280 3 1 0 0 150 140 
2900 4060 3 1 150 150 0 0 
2500 2750 1 2 140 0 150 0 
2800 3920 2 2 0 98 112 50 
2500 2750 3 2 0 70 120 75 
1400 1960 1 2 0 130 0 140 
1700 1870 1 1 0 0 150 150 
1400 2100 3 2 100 0 140 0 
1600 2400 3 1 104 84 60 0 
2600 3380 2 1 60 65 65 55 
2500 3750 1 2 0 70 80 70 
2100 2520 2 2 0 98 88 65 
2300 2760 1 2 0 0 100 110 
2600 3640 2 2 110 120 0 0 
2500 3750 2 1 140 150 0 0 
2700 2970 3 1 0 77 88 55 
2000 2600 2 1 0 0 140 110 
1000 1100 3 2 120 70 50 0 
2100 2730 2 1 75 50 60 60 
1000 1500 2 2 0 105 96 55 
2400 2880 1 1 0 84 104 50 
2000 2400 2 1 140 0 140 0 
2900 3770 1 1 55 50 75 60 
2100 2940 3 1 104 98 65 0 
2000 2400 3 1 88 77 75 0 
1800 2700 1 1 0 105 96 70 
2300 3220 1 2 0 0 140 120 
2500 2750 2 1 96 91 65 0 
2600 3120 1 1 140 0 150 0 
1900 2850 3 1 120 0 150 0 
1900 2470 1 2 88 98 55 0 
2300 2530 3 1 0 91 96 75 
1200 1560 1 1 96 105 50 0 
2200 2640 1 2 70 65 70 50 
1600 2080 3 2 0 70 104 50 
2800 3080 2 2 0 100 0 150 
1400 1820 3 1 0 105 88 65 
2000 2400 2 2 96 98 60 0 
2300 3450 1 1 0 70 104 50 
1700 2210 2 2 50 55 75 50 
2600 3900 3 1 0 0 150 120 
1900 2470 1 1 104 98 65 0 
1500 1800 2 2 0 98 104 60 
