256
256000
2 3 4 3
3
0 1 7 280 4 5
172 145 159 222 9 38 14
1 1 4 160 2 3
143 86 252 12
2 1 2 160 2 2
228 229
2900 3190 2 1 55 60 50 50 
2600 3120 1 2 0 77 80 50 
2500 3000 2 2 75 70 50 70 
2100 2310 2 1 0 120 0 140 
1700 2550 3 2 75 50 55 70 
1400 1820 3 2 110 0 150 0 
2600 3640 2 1 88 98 60 0 
1700 2550 1 1 0 120 0 110 
1500 1800 2 2 100 140 0 0 
1900 2280 1 1 80 70 75 0 
2400 2880 3 2 0 100 0 140 
1100 1540 2 1 0 130 0 150 
1700 1870 3 2 88 77 65 0 
1500 2100 2 2 100 0 110 0 
2500 3500 1 2 65 65 60 70 
2400 3360 2 2 104 91 65 0 
1200 1680 3 1 0 110 0 140 
3000 4200 1 2 0 0 100 150 
2700 4050 1 2 150 0 120 0 
2100 2310 1 1 70 70 75 55 
2800 3640 3 1 65 75 75 75 
1400 1680 3 2 50 70 70 55 
2500 3250 3 2 110 100 0 0 
1900 2660 1 2 0 110 0 150 
1300 1690 1 2 104 98 50 0 
2700 3780 2 2 110 0 120 0 
2400 2640 1 1 140 0 140 0 
2200 2640 1 2 110 0 150 0 
2900 4350 1 2 60 70 60 65 
2600 3380 1 2 130 110 0 0 
2100 2940 3 1 0 0 150 120 
2000 2200 1 2 130 100 0 0 
2800 3920 2 1 120 120 0 0 
1300 1430 1 1 0 130 0 130 
1500 2250 2 1 0 140 0 150 
3000 4200 2 1 0 77 104 70 
2900 4350 1 1 0 0 120 100 
2200 3300 2 1 0 84 104 75 
2200 2860 2 1 88 77 75 0 
1500 2100 2 2 100 140 0 0 
1600 2240 3 2 0 0 150 140 
1100 1210 2 1 120 0 150 0 
1200 1560 3 1 88 77 70 0 
3000 3900 2 2 100 110 0 0 
1000 1100 2 2 70 70 70 65 
1400 1540 3 2 0 130 0 150 
1600 1920 1 2 130 0 130 0 
2700 4050 2 2 110 150 0 0 
1400 1540 3 2 0 91 88 70 
2000 2600 3 1 65 55 65 60 
2700 4050 1 1 75 50 50 70 
2200 3300 3 2 110 100 0 0 
1900 2850 3 1 100 0 130 0 
1300 1690 2 1 70 55 70 50 
2400 3120 3 1 55 70 65 75 
2600 3380 1 1 120 98 60 0 
2600 3900 3 1 120 100 0 0 
2400 2880 3 1 0 70 96 55 
2100 3150 2 2 0 91 120 55 
1400 1540 2 2 140 110 0 0 
1100 1210 3 2 0 130 0 140 
2600 3640 1 1 150 0 150 0 
1500 2100 3 1 140 0 110 0 
1400 1680 1 2 0 105 96 55 
2200 2420 3 1 0 100 0 100 
2000 3000 2 1 130 0 100 0 
2100 2940 3 1 100 0 140 0 
2900 3480 1 2 70 50 75 65 
3000 3600 3 2 140 100 0 0 
2000 2800 2 1 112 98 55 0 
1900 2280 1 2 0 77 96 65 
1000 1200 1 1 140 0 130 0 
1800 2520 1 1 100 140 0 0 
1900 2660 3 2 50 75 50 55 
2200 2420 3 1 0 77 120 75 
1600 2080 3 2 0 0 140 120 
2300 2530 3 2 140 130 0 0 
1900 2470 1 1 150 0 110 0 
1100 1320 2 2 120 120 0 0 
2200 2420 1 2 110 150 0 0 
2600 2860 2 2 60 60 50 70 
1400 1680 2 2 96 84 70 0 
2900 3770 1 1 70 65 50 55 
2000 2600 1 1 104 84 60 0 
3000 3600 1 2 120 100 0 0 
2500 3500 2 1 0 130 0 150 
1400 1680 1 2 0 0 120 150 
1200 1800 3 1 75 60 65 50 
1500 1950 1 2 0 150 0 120 
2300 2760 2 2 0 0 120 120 
1000 1200 3 2 0 0 130 140 
1800 1980 2 2 100 130 0 0 
2200 2640 3 1 0 140 0 120 
1400 1820 3 2 0 100 0 140 
2200 3300 3 1 60 50 50 70 
1200 1440 2 1 0 105 80 60 
1600 1920 1 2 130 0 140 0 
2500 3000 3 2 120 0 100 0 
2900 3190 2 2 80 98 65 0 
2000 2200 2 1 140 110 0 0 
2000 2800 3 1 140 110 0 0 
1800 2520 2 2 100 0 110 0 
2200 3080 2 2 0 0 150 130 
2200 2860 3 1 140 0 130 0 
2600 3640 1 1 0 100 0 150 
1900 2280 1 1 110 0 110 0 
2900 4350 2 2 0 110 0 150 
1100 1540 1 2 0 0 110 140 
2300 2530 1 2 0 0 120 140 
2000 3000 3 1 100 0 150 0 
2800 3080 1 1 100 150 0 0 
1400 1820 2 1 104 84 75 0 
2500 2750 3 1 0 150 0 130 
1400 2100 2 1 0 120 0 130 
1700 2380 3 1 120 70 75 0 
1700 2040 1 1 0 0 120 130 
2200 2420 2 2 75 65 60 75 
2600 3900 2 2 0 140 0 120 
2000 3000 3 2 130 0 100 0 
2600 3120 1 1 65 60 55 50 
1300 1820 3 2 96 91 60 0 
1400 1820 2 2 0 0 110 130 
3000 3900 2 2 0 0 130 110 
1000 1100 2 2 100 120 0 0 
2800 3360 3 2 0 110 0 120 
1400 1820 3 1 96 84 65 0 
2300 2530 2 2 110 110 0 0 
1800 1980 3 1 120 84 65 0 
2500 3250 3 2 0 100 0 120 
1300 1820 3 2 75 70 70 65 
1200 1440 3 2 65 55 50 55 
2700 3780 1 2 0 150 0 120 
1000 1500 2 1 70 65 65 70 
1600 2400 3 2 0 100 0 140 
1700 2550 2 2 55 55 70 60 
2400 2640 1 1 150 150 0 0 
1200 1680 1 1 0 70 80 70 
1900 2090 2 2 75 55 75 65 
2600 3640 1 2 65 60 65 70 
1900 2850 1 1 0 105 96 60 
2000 2200 3 2 0 0 140 110 
2300 3220 3 1 120 100 0 0 
1400 1680 3 1 150 0 130 0 
2500 3750 1 1 100 110 0 0 
2300 2990 3 1 96 105 65 0 
1500 1650 1 2 0 130 0 100 
2400 3120 3 2 80 77 55 0 
2800 3360 1 1 88 98 60 0 
1300 1950 1 2 140 0 150 0 
2800 3080 1 1 70 70 50 55 
1600 1760 2 1 0 91 96 60 
2700 3510 2 2 80 91 50 0 
2500 3750 1 1 0 130 0 130 
1400 2100 3 1 55 50 60 70 
1300 1430 1 2 104 105 50 0 
1900 2280 2 2 100 130 0 0 
2000 2800 1 2 65 60 55 75 
1500 1800 2 1 140 0 100 0 
1600 2240 3 2 0 70 88 60 
3000 4500 2 2 140 110 0 0 
1900 2090 1 2 0 130 0 120 
1200 1320 2 1 0 91 112 65 
2400 3600 1 2 150 0 150 0 
3000 4500 3 1 0 0 130 100 
1100 1430 2 2 0 0 150 150 
2800 3920 3 2 88 91 65 0 
1500 2100 3 2 55 55 55 75 
2500 3000 3 1 0 105 80 75 
1900 2660 2 2 140 0 150 0 
2900 4060 3 1 0 91 88 55 
1700 2550 3 2 60 65 70 70 
1200 1440 2 1 0 0 150 110 
2800 3080 2 2 0 140 0 150 
2200 2640 2 1 0 91 80 65 
1900 2090 3 2 0 0 110 110 
1200 1320 1 1 0 150 0 140 
1000 1400 2 1 0 77 88 65 
1700 2210 3 1 0 110 0 150 
2100 2310 3 1 120 110 0 0 
2000 2400 2 1 80 105 55 0 
2400 2640 2 2 104 105 75 0 
2300 2990 2 2 65 75 65 55 
2600 3640 2 2 60 60 70 70 
2300 2530 2 1 0 105 88 60 
2000 3000 2 1 0 0 140 120 
2100 2520 3 1 0 84 88 65 
1900 2660 2 2 120 70 50 0 
2500 3750 3 2 120 0 130 0 
2600 2860 2 1 0 105 112 65 
1100 1210 3 2 0 91 96 60 
1100 1210 3 2 0 98 104 60 
2100 2520 2 1 0 70 88 75 
1300 1820 3 2 65 50 55 50 
1700 2210 1 2 110 130 0 0 
1500 2250 3 2 0 140 0 110 
1000 1200 1 2 0 120 0 150 
2400 2640 1 2 75 55 50 65 
1100 1650 1 1 110 150 0 0 
2900 3190 2 1 0 0 120 130 
2900 3190 1 1 0 98 80 60 
1100 1650 2 2 110 0 120 0 
2900 3770 2 1 0 105 80 70 
1500 2250 1 1 120 0 150 0 
2900 3480 3 1 100 120 0 0 
2100 2520 2 1 70 65 55 50 
1600 2080 3 2 0 0 130 120 
2200 3300 3 2 96 77 65 0 
2300 3220 2 1 120 0 140 0 
2600 2860 2 1 100 110 0 0 
2300 3450 3 1 0 130 0 120 
2400 3360 3 1 0 0 110 140 
1100 1320 1 2 130 120 0 0 
2600 3380 1 1 0 100 0 110 
1300 1950 1 1 88 84 55 0 
1700 2040 2 2 0 150 0 100 
2500 3000 3 2 80 77 65 0 
1800 2160 2 1 120 77 55 0 
2300 3450 3 2 0 150 0 150 
1300 1690 1 1 0 110 0 140 
2400 3360 2 2 0 0 140 120 
2300 2760 2 1 150 0 140 0 
2900 4060 1 2 110 130 0 0 
1400 1820 3 2 0 0 100 140 
2400 2880 2 2 65 50 75 60 
1500 1800 1 1 112 98 60 0 
1300 1430 3 1 96 77 50 0 
2000 2400 3 1 130 0 140 0 
1100 1320 3 1 0 105 112 75 
1700 2550 3 2 0 120 0 140 
2700 3240 1 2 0 150 0 110 
2300 2760 3 2 0 0 120 130 
2700 2970 2 1 75 75 65 65 
1200 1440 1 2 0 120 0 130 
1100 1540 2 2 0 100 0 100 
2400 3120 2 1 70 50 70 50 
2200 2420 2 1 0 91 120 50 
2800 3360 1 1 0 70 120 55 
2300 2530 2 2 0 140 0 120 
2200 3080 2 2 88 105 65 0 
2300 2530 3 1 0 84 112 70 
1700 2210 3 1 130 150 0 0 
2100 2520 3 2 0 77 96 65 
1200 1680 1 2 96 84 75 0 
1500 1650 3 1 0 100 0 110 
2700 3240 2 1 70 65 70 75 
2900 4060 2 1 130 0 110 0 
1000 1100 2 2 55 50 50 75 
1100 1320 2 2 100 0 100 0 
1800 2520 3 2 100 110 0 0 
2700 3510 2 2 0 98 120 65 
2800 3640 1 1 120 84 75 0 
2600 2860 3 2 0 98 104 50 
1200 1320 2 2 0 0 120 100 
2400 3360 3 1 0 150 0 140 
2100 2520 2 2 0 0 110 120 
2200 2860 1 2 80 105 70 0 
