128
128000
2 3 4 3
3
0 1 5 260 3 5
24 73 113 26 127
1 1 3 290 3 3
114 111 67
2 1 5 140 5 5
33 125 27 5 31
1200 1440 1 2 100 0 140 0 
2400 3120 3 2 0 100 0 120 
2400 3360 2 1 60 65 60 55 
2800 3640 3 1 112 70 50 0 
1500 1650 1 2 104 98 65 0 
1100 1320 3 2 140 100 0 0 
1600 2400 1 2 140 110 0 0 
1100 1650 1 2 0 77 120 70 
1600 1760 2 1 0 0 140 120 
3000 3600 3 1 80 70 65 0 
2400 3600 3 1 140 140 0 0 
2700 3240 3 1 0 150 0 130 
2300 2530 1 2 0 84 120 60 
2700 3780 2 2 150 100 0 0 
1100 1650 1 2 70 60 50 65 
1900 2280 3 2 75 60 65 65 
1300 1560 2 1 0 91 88 70 
2700 3780 1 1 120 130 0 0 
2700 3780 3 2 0 0 110 100 
1400 1680 3 1 0 0 120 140 
1900 2850 2 1 140 0 100 0 
1400 1540 2 2 96 70 55 0 
1100 1540 1 1 0 70 88 55 
2200 2640 2 2 104 91 75 0 
2000 2400 2 1 0 98 96 50 
1700 2380 3 2 140 0 120 0 
2500 3750 1 2 120 0 100 0 
2100 3150 2 1 0 150 0 120 
1800 2160 2 2 100 120 0 0 
1000 1100 1 2 0 98 80 70 
1500 1650 2 1 110 0 110 0 
1100 1210 1 2 120 0 110 0 
1700 1870 2 2 110 0 140 0 
2200 3080 2 1 65 75 55 60 
2500 3750 2 1 60 65 60 75 
3000 3900 1 2 75 50 70 55 
2700 3780 2 2 50 70 70 65 
1900 2090 1 2 0 84 120 75 
1900 2850 3 1 120 130 0 0 
1500 2100 2 2 0 77 112 65 
1100 1650 3 2 0 120 0 100 
1500 1800 3 2 0 100 0 140 
2300 3450 2 2 130 0 140 0 
1700 2380 1 2 110 0 120 0 
1600 1920 3 2 130 130 0 0 
1700 2040 3 1 120 70 75 0 
2100 2520 3 1 120 0 150 0 
2500 3750 3 2 0 110 0 110 
1200 1440 1 2 0 77 88 75 
1400 1680 1 2 110 0 130 0 
3000 4500 3 1 150 0 120 0 
2000 3000 1 2 0 70 80 70 
1000 1500 3 1 0 0 150 120 
2300 2990 2 2 100 110 0 0 
1100 1210 2 2 100 120 0 0 
2100 2310 2 2 0 100 0 150 
2700 2970 2 2 0 105 80 50 
2400 2640 1 2 110 0 100 0 
2200 3080 3 2 130 0 150 0 
1200 1440 3 1 0 0 150 100 
1600 2240 3 1 0 77 80 70 
1000 1500 3 1 0 140 0 120 
2700 3240 1 2 0 91 120 70 
2700 2970 1 2 150 0 140 0 
1600 2240 2 2 140 100 0 0 
1600 2240 1 2 80 77 60 0 
1600 1920 1 1 0 140 0 150 
3000 4500 2 1 0 100 0 140 
2200 2640 3 2 0 130 0 130 
1400 2100 1 1 0 70 112 55 
2700 3780 2 1 65 50 50 70 
2300 2530 2 1 80 77 70 0 
1600 1760 2 2 104 84 65 0 
1500 1800 1 1 150 130 0 0 
1500 1800 3 2 0 100 0 110 
1400 1540 2 2 150 120 0 0 
1100 1650 2 2 55 70 55 50 
2200 2640 3 1 0 120 0 110 
1700 2380 2 1 112 84 75 0 
1000 1300 3 2 0 84 104 65 
1200 1800 1 2 70 65 50 55 
1600 2400 2 2 60 60 70 75 
1700 2210 1 2 130 0 110 0 
1600 1920 1 2 0 0 140 100 
1900 2850 1 2 130 0 110 0 
2200 2860 2 1 130 0 100 0 
2200 2640 3 2 120 98 55 0 
1100 1540 1 2 0 0 140 130 
1200 1320 1 2 0 100 0 100 
1900 2090 2 1 0 0 120 130 
2300 2990 2 1 0 0 130 100 
2600 2860 2 2 140 130 0 0 
2800 4200 3 2 0 100 0 150 
2500 3750 1 1 120 0 110 0 
2500 3500 1 1 80 70 75 0 
1100 1210 1 1 120 0 120 0 
2800 3360 3 1 55 50 50 50 
1200 1680 2 1 0 77 88 75 
2600 3640 3 1 55 65 50 65 
1700 1870 2 2 100 0 130 0 
1500 1650 2 2 120 100 0 0 
1500 1950 2 1 0 84 112 75 
1900 2850 2 2 140 0 140 0 
1400 1680 1 1 0 105 96 50 
2000 2600 3 2 0 84 88 60 
1600 2400 2 1 110 0 140 0 
1300 1560 3 1 0 110 0 150 
1900 2660 3 1 0 150 0 140 
1200 1680 3 1 0 120 0 140 
2300 3450 2 1 112 105 55 0 
1600 1760 1 2 60 50 55 75 
1100 1210 3 1 65 75 55 75 
2600 3900 1 1 0 105 104 75 
2500 2750 2 1 0 105 120 65 
1300 1690 2 1 112 98 60 0 
1000 1100 3 2 50 50 75 55 
2100 2940 1 2 60 70 55 70 
2800 3920 3 2 150 100 0 0 
1100 1210 2 1 0 91 88 70 
1000 1400 3 1 0 70 120 55 
1500 2250 2 1 88 105 55 0 
1800 2700 2 1 130 110 0 0 
1100 1430 2 2 88 105 50 0 
1400 1820 3 1 0 150 0 130 
2500 3000 3 1 110 0 100 0 
1800 2160 3 1 100 140 0 0 
1500 2100 3 1 0 0 140 110 
1700 2380 2 1 80 91 75 0 
