1024
1024000
2 3 4 3
49
0 1 5 110 3 3
676 958 312 863 471
1 1 5 300 3 3
603 555 58 372 741
2 1 3 140 2 3
663 31 990
3 1 8 280 4 8
16 79 9 299 366 798 949 39
4 1 8 170 2 7
513 853 396 755 248 847 220 430
5 1 4 150 2 3
476 579 251 295
6 1 2 190 2 2
469 277
7 1 3 240 3 3
155 62 874
8 1 6 160 3 4
819 731 510 764 715 567
9 1 7 240 6 6
484 38 503 748 992 330 646
10 1 4 300 4 4
925 752 954 872
11 1 2 240 2 2
373 466
12 1 3 120 2 2
189 853 411
13 1 5 300 3 4
901 732 993 961 41
14 1 2 210 2 2
858 688
15 1 3 270 2 3
768 463 139
16 1 8 130 6 6
742 1004 155 453 54 21 484 860
17 1 3 240 3 3
535 833 811
18 1 4 170 2 2
516 202 306 822
19 1 7 280 7 7
543 4 323 837 470 113 878
20 1 5 230 3 4
805 369 95 1017 1010
21 1 7 110 2 3
445 107 899 322 634 206 814
22 1 6 220 3 3
419 190 858 817 775 238
23 1 3 210 3 3
735 337 557
24 1 6 190 6 6
124 65 942 960 578 762
25 1 3 200 2 3
562 1021 291
26 1 5 160 2 3
252 1023 514 381 662
27 1 8 190 7 8
199 28 129 210 790 476 32 69
28 1 3 240 3 3
576 971 238
29 1 4 220 2 4
559 898 288 584
30 1 7 110 5 6
750 406 102 999 279 435 56
31 1 6 220 3 6
671 855 361 833 401 63
32 1 6 150 6 6
76 899 680 155 807 114
33 1 6 170 2 3
610 263 569 746 935 840
34 1 2 180 2 2
587 508
35 1 5 230 2 3
95 608 723 127 742
36 1 2 180 2 2
1001 834
37 1 3 190 2 2
748 369 793
38 1 8 110 4 8
34 127 374 87 204 64 909 736
39 1 8 220 7 8
825 526 94 573 538 602 154 643
40 1 6 300 6 6
510 55 835 153 63 175
41 1 5 290 4 4
539 87 604 86 773
42 1 4 100 4 4
255 710 119 182
43 1 4 170 4 4
111 260 527 923
44 1 8 270 6 8
565 859 544 484 675 324 522 439
45 1 4 190 3 3
343 301 989 160
46 1 8 260 6 6
750 682 360 521 250 83 370 953
47 1 7 120 7 7
661 244 967 620 451 180 761
48 1 2 240 2 2
508 945
1400 2100 1 2 75 65 65 75 
1700 1870 3 1 0 120 0 110 
2000 3000 2 1 120 98 75 0 
2700 4050 1 1 110 0 140 0 
1800 2520 2 1 0 100 0 150 
1100 1320 3 1 0 0 100 150 
1200 1800 1 2 112 91 50 0 
1700 1870 2 2 150 0 110 0 
1500 1650 2 2 112 105 65 0 
1100 1430 3 1 0 0 140 140 
2200 2420 1 2 104 91 75 0 
2300 3450 2 1 0 140 0 110 
2500 3500 2 2 120 0 140 0 
1100 1540 2 1 96 91 70 0 
2800 3640 3 2 50 65 65 50 
1800 2700 3 2 104 105 65 0 
2300 2990 3 2 140 130 0 0 
1800 1980 1 1 100 140 0 0 
1700 2380 2 2 0 0 150 120 
2800 3640 1 1 120 140 0 0 
2700 3780 1 1 0 150 0 140 
1300 1560 2 1 0 0 120 120 
1500 2250 2 2 50 70 65 50 
2100 2310 3 2 0 0 130 100 
3000 4500 2 2 0 70 88 60 
2600 3900 1 2 0 77 104 50 
1600 1760 2 2 130 140 0 0 
1000 1200 3 1 75 65 65 65 
1300 1820 2 2 110 140 0 0 
2700 3240 3 1 120 105 50 0 
2000 2400 1 2 0 0 140 110 
2400 3600 2 2 130 120 0 0 
1000 1100 1 2 110 0 100 0 
1400 1820 2 1 0 120 0 130 
1500 1800 1 1 112 105 65 0 
1900 2280 1 2 50 65 70 50 
2600 2860 3 1 65 65 50 70 
2800 3640 2 1 140 0 110 0 
1500 2100 3 1 0 0 110 100 
2000 3000 1 2 70 65 70 55 
1900 2280 2 2 0 77 96 60 
1600 2240 3 1 0 70 104 75 
1700 2210 1 2 110 140 0 0 
1700 2210 1 1 60 55 55 70 
2000 2200 1 2 104 84 65 0 
2100 2520 3 2 50 50 75 55 
2200 2640 1 2 110 130 0 0 
2200 2420 1 1 130 140 0 0 
2800 3360 2 2 0 77 104 50 
1300 1560 2 1 130 0 150 0 
1900 2090 1 1 96 98 55 0 
3000 4500 2 1 0 0 130 120 
2400 2640 3 1 120 0 120 0 
1300 1690 1 1 70 70 55 60 
1400 2100 3 2 110 150 0 0 
3000 4500 3 1 0 110 0 140 
2800 3080 2 1 110 120 0 0 
1000 1400 2 2 0 130 0 100 
3000 4200 1 2 0 150 0 130 
1900 2850 2 1 0 84 80 70 
2200 3300 1 2 0 84 88 75 
2400 2640 3 1 0 0 120 140 
1400 1680 2 1 0 140 0 130 
2600 3380 2 2 112 70 75 0 
1400 1820 1 2 50 60 50 65 
2200 3080 2 1 0 84 104 65 
1600 1760 2 1 0 100 0 150 
1300 1430 3 2 150 0 100 0 
1900 2090 2 1 0 0 130 140 
3000 4200 3 2 55 60 55 75 
1300 1950 3 1 0 105 120 55 
1300 1430 1 2 0 98 88 60 
1900 2470 2 2 112 91 50 0 
2100 3150 3 1 65 70 50 70 
1500 2250 3 1 104 84 70 0 
2100 2940 1 1 0 0 150 130 
2100 2310 3 2 0 91 88 75 
1700 2040 2 2 0 91 120 70 
1400 1960 3 1 112 91 55 0 
1000 1300 3 1 140 130 0 0 
1600 1920 2 1 140 120 0 0 
1700 1870 3 1 0 77 80 75 
1100 1430 1 1 0 150 0 140 
1600 2400 3 2 60 55 70 55 
1900 2090 1 2 0 140 0 120 
2800 3360 1 2 0 70 120 50 
1800 1980 3 1 0 130 0 130 
1400 1960 1 1 0 105 112 70 
1300 1950 1 1 0 110 0 130 
1800 2340 1 2 0 0 120 100 
2400 3360 2 1 0 70 88 50 
2900 4350 2 1 0 0 100 150 
1400 2100 1 2 100 0 100 0 
1900 2470 3 2 70 70 70 70 
1000 1200 3 2 55 70 65 50 
2200 2420 3 1 110 100 0 0 
2800 3080 2 2 0 120 0 150 
1900 2090 3 2 75 75 70 70 
1700 1870 2 1 0 70 88 50 
2100 2520 3 1 100 150 0 0 
1600 2080 1 2 65 60 60 60 
2500 3500 1 1 0 105 88 55 
1500 1650 2 1 0 130 0 150 
1100 1210 2 2 150 0 150 0 
2500 3000 2 2 120 0 130 0 
2400 3600 1 1 0 0 150 140 
1400 2100 1 1 0 84 104 65 
2500 2750 2 2 0 70 80 60 
2100 2310 1 1 0 77 96 50 
1800 2160 1 1 65 65 65 60 
2900 3190 3 1 55 55 75 55 
2500 3500 2 2 0 0 130 110 
2600 3120 2 2 0 130 0 130 
1300 1560 3 2 0 105 96 65 
1900 2470 2 1 0 140 0 150 
1900 2470 2 1 150 150 0 0 
2800 4200 1 2 70 60 55 55 
2300 3220 3 2 0 70 120 55 
2900 3190 3 2 0 84 80 60 
1400 1960 1 1 65 55 70 50 
1700 2210 1 1 0 91 96 60 
3000 4200 1 2 130 0 120 0 
1900 2280 3 1 0 0 110 110 
2200 3080 2 2 0 70 120 50 
2800 4200 1 1 140 0 150 0 
1100 1540 1 2 110 0 130 0 
1000 1200 2 1 130 150 0 0 
3000 3300 1 1 0 0 100 140 
1100 1320 3 1 120 0 140 0 
2700 2970 2 2 0 105 104 50 
2300 3450 3 2 110 0 110 0 
1700 2210 1 1 120 77 55 0 
1100 1210 2 1 0 0 140 130 
2300 3220 2 2 0 98 96 65 
1100 1430 2 2 0 110 0 130 
1900 2850 2 2 65 75 65 55 
2800 3920 2 1 130 0 140 0 
2600 3640 3 1 80 98 70 0 
1700 1870 1 1 140 0 140 0 
1000 1500 1 1 140 0 140 0 
2300 2530 3 1 0 130 0 100 
1100 1210 1 2 100 0 100 0 
2800 3640 2 2 110 0 100 0 
2600 3120 3 1 55 60 75 60 
1500 1950 2 1 0 0 130 140 
2500 2750 3 2 100 0 150 0 
1700 2210 1 2 104 77 65 0 
2200 2860 1 1 150 0 140 0 
1800 2160 3 2 75 75 75 75 
2400 2640 3 2 100 150 0 0 
1000 1200 1 1 130 0 120 0 
2700 2970 1 2 130 120 0 0 
3000 3300 1 1 150 0 120 0 
1100 1210 2 1 60 75 50 65 
1200 1680 1 1 0 0 100 110 
1900 2850 2 1 0 105 80 50 
2100 2520 1 2 130 110 0 0 
1200 1800 2 1 96 70 75 0 
2600 3900 1 2 130 110 0 0 
1500 1950 2 2 0 100 0 150 
1600 1920 1 1 0 70 104 50 
1200 1320 2 1 65 55 70 65 
2100 3150 2 2 0 77 96 60 
2200 3080 3 2 0 0 150 120 
1000 1400 3 1 130 0 110 0 
1100 1650 2 2 130 110 0 0 
1500 1950 1 1 140 120 0 0 
1400 1680 3 1 112 105 55 0 
2000 3000 2 1 0 77 104 60 
2600 3380 2 2 70 60 50 55 
2000 2200 2 2 55 55 65 60 
2200 2420 2 1 60 60 50 65 
2100 2310 1 1 0 70 80 75 
1100 1650 2 2 65 55 75 70 
2400 3600 2 2 0 0 140 100 
2200 3080 1 2 104 84 60 0 
1700 1870 3 1 140 130 0 0 
2900 3190 2 1 150 0 150 0 
2500 3750 1 1 0 84 112 65 
2800 3360 3 1 0 140 0 110 
2200 2860 1 2 75 50 60 70 
1300 1820 1 1 140 0 120 0 
2500 3750 1 2 0 0 130 110 
1200 1560 2 1 55 55 50 75 
1600 2400 3 2 65 60 75 75 
1500 2250 3 1 0 0 140 150 
2700 3780 1 1 100 120 0 0 
2800 4200 1 2 75 55 70 55 
2000 2600 1 2 150 0 110 0 
1700 2210 3 2 88 98 65 0 
1700 2550 2 1 55 50 70 55 
2600 3120 1 2 120 0 130 0 
2800 3640 1 2 120 98 55 0 
2500 3500 2 1 0 110 0 100 
1500 2250 1 2 0 98 120 55 
1700 2040 3 2 100 110 0 0 
3000 3600 3 2 75 65 55 75 
1700 2380 2 2 0 0 140 150 
1900 2660 3 1 0 91 80 60 
1100 1430 2 1 130 140 0 0 
2000 2600 3 2 140 0 120 0 
1200 1680 2 1 0 98 112 65 
1700 2550 3 1 0 0 120 150 
3000 3300 3 2 70 75 70 60 
2200 3080 3 2 0 120 0 100 
2300 3450 2 1 65 75 55 75 
2800 3640 3 1 0 77 80 75 
2400 3360 2 1 70 65 65 55 
2900 4350 2 1 0 0 100 110 
2800 3360 3 1 110 150 0 0 
2600 2860 3 1 0 70 96 50 
1600 2400 1 1 120 140 0 0 
2800 4200 1 2 100 0 130 0 
2100 3150 2 1 112 70 55 0 
2000 2200 1 2 0 0 140 110 
1400 1540 3 1 0 0 140 120 
1600 1920 1 2 120 91 65 0 
1100 1650 3 2 110 150 0 0 
2200 3080 2 1 110 0 100 0 
3000 3300 2 2 75 70 55 70 
1300 1560 2 2 0 77 96 75 
2700 3510 3 1 100 110 0 0 
2500 3250 2 2 0 120 0 150 
2200 2860 2 2 0 98 112 55 
1900 2470 3 2 0 120 0 130 
3000 4200 1 1 0 105 120 75 
1100 1540 2 1 0 110 0 120 
1500 1800 3 1 0 110 0 140 
1700 1870 1 1 0 91 96 50 
1400 1820 1 2 120 91 75 0 
1600 1920 2 1 0 130 0 150 
1600 2240 2 1 0 0 130 130 
2300 3450 1 2 0 70 112 75 
2500 3750 2 1 0 140 0 120 
2200 2640 2 2 100 0 120 0 
2900 4060 1 2 50 65 50 70 
2300 3220 2 1 80 105 60 0 
2300 3220 2 2 0 98 120 55 
2900 4060 1 1 0 0 140 100 
1800 2520 2 2 150 100 0 0 
1200 1320 3 2 120 120 0 0 
2600 3640 3 1 120 120 0 0 
2500 3250 3 2 65 70 70 70 
2200 2420 3 1 0 98 80 65 
2700 2970 1 1 110 110 0 0 
2000 2600 1 2 0 0 120 130 
2600 3640 3 1 0 70 80 60 
1500 1650 3 1 104 91 50 0 
2200 3080 3 2 120 0 140 0 
1800 2160 3 1 0 130 0 100 
3000 3900 3 2 0 110 0 110 
2000 2600 1 2 104 70 75 0 
2100 2940 2 1 104 70 50 0 
1100 1320 3 1 88 98 50 0 
3000 4500 3 1 120 98 65 0 
2700 2970 1 1 110 130 0 0 
1700 2040 1 2 0 110 0 130 
1000 1500 2 1 0 100 0 120 
1800 2520 1 1 55 50 65 50 
2000 2600 1 1 130 0 120 0 
1300 1560 2 1 130 0 130 0 
1000 1300 1 1 120 91 60 0 
2400 3120 3 1 120 98 65 0 
2700 2970 3 1 70 60 60 65 
2900 3190 2 1 0 105 88 75 
1000 1500 3 2 104 77 55 0 
2000 3000 3 1 150 0 110 0 
3000 3900 3 2 150 0 100 0 
1100 1540 3 1 0 120 0 110 
3000 3900 3 2 112 70 75 0 
2600 3640 2 2 0 140 0 130 
1400 1820 1 1 110 110 0 0 
2300 2760 2 2 0 120 0 140 
2900 4350 1 1 140 150 0 0 
1900 2090 3 1 150 0 140 0 
1700 2210 1 1 0 98 88 55 
2000 3000 2 2 0 98 88 50 
1800 2340 1 2 0 140 0 110 
2400 2640 1 1 0 150 0 150 
1300 1820 1 1 120 105 75 0 
1300 1820 2 1 120 98 70 0 
1000 1100 2 1 0 0 130 140 
1000 1200 2 1 0 110 0 100 
2000 2600 1 1 110 0 130 0 
2700 2970 3 1 112 91 70 0 
2200 2860 2 1 65 70 70 70 
2700 3780 1 1 0 0 140 100 
2600 3900 2 1 120 140 0 0 
2800 3640 2 2 55 75 60 65 
1300 1820 3 2 110 140 0 0 
2700 4050 1 2 100 100 0 0 
2200 2420 1 2 75 75 50 75 
3000 3600 2 2 0 100 0 150 
1800 2700 3 2 0 0 140 100 
1600 1760 3 2 0 105 88 50 
1900 2660 2 1 120 120 0 0 
1400 1820 1 2 0 0 120 100 
1100 1320 1 1 88 91 65 0 
2000 2600 1 1 0 150 0 140 
1300 1560 3 1 0 0 130 120 
2300 2760 1 1 0 110 0 100 
2400 3600 3 2 0 130 0 100 
2000 2800 1 1 100 0 140 0 
3000 4200 2 1 140 0 120 0 
1300 1430 3 2 80 77 75 0 
2600 3640 2 2 0 140 0 100 
1200 1440 3 1 0 70 104 70 
3000 4500 3 2 0 105 80 50 
2500 3500 3 1 112 84 70 0 
2100 2310 2 1 0 0 100 110 
1300 1560 3 2 100 100 0 0 
2100 2310 2 2 100 0 130 0 
2200 2640 1 1 80 70 70 0 
2000 3000 1 2 100 100 0 0 
2700 4050 2 1 0 0 140 100 
2100 3150 2 1 0 140 0 140 
2100 2310 1 2 0 130 0 150 
1500 2100 2 2 0 140 0 140 
2800 3360 3 1 0 105 96 75 
2300 2530 1 2 96 70 50 0 
2800 4200 3 1 80 77 75 0 
2200 2420 3 1 120 0 110 0 
1500 2250 2 1 0 0 130 140 
2300 3220 1 1 0 0 110 100 
1000 1400 1 1 0 100 0 130 
2800 3360 2 1 65 55 65 65 
2500 3000 1 1 110 0 140 0 
1000 1200 2 2 0 0 100 130 
1300 1560 3 1 0 140 0 110 
1900 2850 2 1 75 75 55 60 
1800 2520 3 2 0 0 150 130 
1300 1820 2 2 130 0 120 0 
2700 4050 3 1 0 91 88 75 
3000 4200 1 2 0 105 104 70 
1300 1560 2 1 130 100 0 0 
2700 3240 1 2 0 105 96 50 
1800 2520 2 1 55 75 65 65 
3000 4200 1 1 112 105 70 0 
1700 2380 2 1 0 120 0 130 
1400 1540 2 2 100 0 150 0 
1800 2160 2 1 0 0 120 100 
1800 2340 3 1 60 65 50 55 
1300 1430 2 1 0 140 0 150 
1500 2100 3 1 0 77 104 60 
2700 3240 2 1 110 110 0 0 
2900 4060 3 2 0 0 120 130 
1300 1820 3 2 96 98 75 0 
1100 1540 1 1 0 98 96 70 
2600 2860 1 2 0 0 110 100 
2200 2640 2 2 70 75 65 70 
2300 2990 3 1 0 0 130 120 
1500 1650 2 1 88 91 50 0 
1800 2700 2 2 140 0 100 0 
2500 3000 3 2 0 91 112 75 
1600 1920 3 2 65 75 70 55 
1100 1430 2 2 104 105 60 0 
2400 3600 2 1 0 98 112 50 
2600 3640 2 1 120 140 0 0 
2400 2640 1 2 0 140 0 150 
2100 2520 3 1 96 105 70 0 
2000 2200 1 1 0 0 140 150 
2300 3450 1 1 100 0 120 0 
2600 3380 3 1 0 130 0 150 
2000 2600 3 1 0 140 0 150 
2700 3240 2 1 70 75 50 60 
3000 4500 3 2 140 140 0 0 
1300 1690 2 1 75 65 75 65 
1200 1560 3 2 120 98 55 0 
1700 2380 2 1 0 0 120 140 
1300 1820 3 1 0 98 80 70 
1700 2040 1 2 0 105 96 50 
2200 2640 3 1 104 105 55 0 
2900 3770 2 2 0 150 0 110 
2200 2640 2 1 130 0 150 0 
1900 2850 2 2 0 0 130 100 
1000 1400 3 2 110 0 150 0 
1200 1800 2 2 0 120 0 110 
1100 1650 3 1 110 0 110 0 
2000 2200 1 1 0 0 120 100 
2400 2640 3 1 0 105 104 70 
2200 2640 3 1 0 91 88 60 
2000 3000 2 1 0 70 104 65 
1000 1400 3 1 0 100 0 140 
2100 2310 3 2 150 0 120 0 
1800 1980 2 1 140 100 0 0 
2600 2860 2 2 0 110 0 140 
1300 1950 3 2 0 91 112 70 
1500 1800 2 1 96 91 65 0 
1600 2400 1 2 0 100 0 110 
1900 2090 3 2 120 130 0 0 
2700 3240 2 2 130 0 110 0 
1300 1560 1 2 0 0 130 150 
1900 2280 3 1 0 0 100 100 
2400 3600 3 2 60 65 75 60 
2800 3920 2 2 70 55 75 55 
1900 2090 1 1 0 91 120 60 
2900 3190 3 1 65 55 65 55 
1500 1950 2 2 150 0 150 0 
2000 2200 1 1 0 150 0 140 
1800 1980 3 1 0 0 120 140 
1000 1400 3 2 130 120 0 0 
2700 4050 3 1 88 70 55 0 
1500 1950 2 2 130 150 0 0 
1000 1300 1 2 50 70 55 65 
1000 1400 3 1 0 98 112 55 
2500 3000 3 2 0 105 88 55 
1600 1920 3 2 150 0 140 0 
1200 1320 2 1 140 140 0 0 
1900 2090 2 1 0 0 100 150 
2800 3920 3 1 50 55 55 50 
2900 4350 1 1 0 105 112 75 
1100 1320 3 1 0 0 120 100 
2600 3120 1 2 100 0 100 0 
1500 2100 1 2 130 100 0 0 
1600 1760 1 1 130 150 0 0 
2800 4200 1 1 0 0 120 110 
2400 2640 2 1 140 0 110 0 
1700 2040 3 1 150 110 0 0 
1100 1430 1 1 110 140 0 0 
1800 2340 1 1 50 60 75 60 
1900 2090 3 1 120 91 55 0 
2100 2730 1 2 120 98 55 0 
1500 2100 2 2 70 75 65 55 
1000 1100 3 1 0 130 0 120 
2200 2420 1 2 65 60 55 65 
2200 2420 3 2 75 65 75 70 
1900 2470 2 2 70 55 60 60 
2100 2730 3 2 0 91 80 60 
2000 2400 3 2 0 77 104 60 
1600 2080 1 2 120 150 0 0 
2100 3150 3 1 60 75 60 55 
1400 2100 3 1 0 130 0 140 
1100 1210 3 1 80 77 55 0 
1400 1960 2 2 140 100 0 0 
2700 3780 1 2 100 150 0 0 
2700 3510 2 2 70 50 55 65 
2600 2860 1 2 88 77 55 0 
1800 2520 2 1 0 105 112 65 
2100 2310 2 2 0 98 96 65 
1700 2040 1 1 0 150 0 110 
1700 2380 2 1 60 50 60 75 
1300 1950 2 1 120 0 130 0 
1600 1920 2 2 112 98 50 0 
1700 2380 3 1 0 0 120 100 
1200 1320 2 1 0 0 110 120 
1700 2040 3 1 50 75 55 60 
2400 3120 1 1 50 65 65 65 
2200 3080 2 1 0 84 88 65 
1700 2210 2 1 140 0 100 0 
2800 3920 3 2 0 100 0 120 
2500 2750 2 2 0 70 104 55 
2200 2420 2 2 96 91 60 0 
1700 1870 3 2 150 0 140 0 
2200 2420 3 2 130 0 100 0 
2900 3190 2 2 100 0 130 0 
1900 2090 3 1 0 91 120 55 
3000 3300 1 2 0 110 0 100 
1200 1320 2 1 70 75 60 50 
2700 2970 3 1 100 130 0 0 
1200 1560 3 1 0 77 120 50 
2900 4060 1 1 0 91 104 70 
1000 1100 3 1 110 0 100 0 
2600 3640 2 2 130 0 140 0 
3000 4500 2 2 0 130 0 120 
2400 3600 3 2 0 0 150 130 
1600 2080 3 1 88 84 55 0 
2600 3120 2 1 0 0 150 120 
2300 2530 1 1 96 105 65 0 
3000 3600 2 1 0 0 100 100 
2900 3190 2 2 0 98 120 60 
2900 3770 3 2 150 0 140 0 
2000 2200 1 1 140 120 0 0 
1500 1950 1 1 130 0 110 0 
2800 3360 1 1 150 0 110 0 
1900 2470 3 2 120 70 50 0 
3000 3900 3 2 0 0 130 130 
2700 3780 2 1 0 150 0 150 
1800 2520 2 2 50 50 60 50 
1200 1680 1 1 0 150 0 140 
2400 2880 1 2 55 60 65 50 
2600 3120 1 2 65 50 65 70 
2700 3510 3 1 0 70 120 65 
1900 2850 3 1 130 0 100 0 
3000 4200 3 1 0 0 100 120 
1300 1430 3 2 65 75 50 50 
2000 2800 3 2 120 140 0 0 
1900 2660 2 1 70 50 60 55 
2000 2200 2 2 120 0 140 0 
1100 1320 1 2 0 0 110 100 
3000 3300 2 1 0 120 0 110 
1600 1760 2 1 60 65 75 70 
1500 1650 1 2 0 91 112 50 
2300 2990 2 1 65 65 50 55 
2000 2800 3 1 110 0 130 0 
1300 1950 2 1 120 120 0 0 
2800 4200 2 2 112 77 60 0 
2100 2940 2 1 100 0 100 0 
1100 1210 2 2 100 0 140 0 
1500 2100 2 1 0 130 0 120 
2100 3150 2 1 130 110 0 0 
1700 2380 1 1 0 70 80 60 
1800 2160 2 2 0 91 120 70 
2700 3510 2 2 0 100 0 110 
1000 1500 2 1 100 110 0 0 
2400 2880 1 1 110 110 0 0 
2100 2310 3 2 120 84 65 0 
1900 2470 1 1 120 0 110 0 
3000 3600 1 1 100 0 100 0 
1300 1820 3 2 80 77 70 0 
2500 3250 3 2 96 77 65 0 
1400 1960 1 1 120 110 0 0 
1700 2380 2 1 0 150 0 130 
1600 1920 3 1 0 140 0 140 
1400 1680 2 1 0 0 150 130 
1500 1800 3 1 112 77 50 0 
2400 2640 2 1 140 130 0 0 
1500 2100 2 1 0 150 0 150 
2400 2640 2 2 140 0 150 0 
2900 4060 1 2 0 77 112 55 
2800 3920 1 1 0 0 140 130 
2700 3510 1 2 0 110 0 110 
2500 3750 1 2 0 0 140 130 
2300 3220 1 1 0 120 0 150 
1300 1430 2 1 0 0 100 120 
1900 2470 3 1 96 98 75 0 
2900 3480 1 2 150 0 110 0 
2600 3900 1 1 0 130 0 100 
1600 1920 2 2 80 98 50 0 
1300 1820 3 2 0 120 0 100 
2700 3780 2 2 96 84 55 0 
2100 2520 1 2 0 150 0 110 
1300 1950 2 1 96 91 70 0 
1500 1800 2 1 100 0 100 0 
2300 3450 3 2 112 98 65 0 
2300 3450 3 2 0 0 150 140 
2000 2800 2 1 70 75 60 60 
1900 2850 3 2 0 0 110 130 
2700 3510 2 1 0 110 0 120 
1700 2040 3 2 0 0 110 120 
2700 4050 1 2 50 75 55 65 
1900 2850 1 2 0 0 130 110 
3000 3900 2 2 100 130 0 0 
1400 2100 2 2 120 140 0 0 
2100 2730 2 2 140 0 120 0 
1000 1300 2 2 0 130 0 120 
2100 2940 3 2 88 84 70 0 
2000 2600 3 2 0 120 0 140 
1900 2660 3 2 50 70 65 60 
2400 3600 3 1 112 105 50 0 
2300 3220 3 2 0 0 150 150 
2600 2860 2 2 0 120 0 150 
1600 1760 2 1 96 84 65 0 
1400 1960 2 1 0 98 80 70 
2200 2640 2 2 120 0 100 0 
2700 4050 2 2 80 77 50 0 
1000 1400 2 1 0 100 0 140 
2300 2530 3 2 140 150 0 0 
3000 4500 2 2 150 0 150 0 
1600 2080 2 2 60 75 65 65 
1600 2080 2 1 0 130 0 130 
1700 2550 1 1 110 0 100 0 
2100 2730 3 2 0 0 110 130 
2400 3360 3 1 70 55 55 55 
2800 3640 1 2 0 0 130 140 
1400 1540 3 1 0 120 0 110 
2700 3240 3 2 0 0 120 140 
1800 2160 1 1 0 150 0 100 
2600 3900 1 1 0 110 0 140 
3000 3300 2 2 0 150 0 100 
1400 1820 2 2 0 120 0 120 
1700 1870 3 1 0 150 0 120 
1900 2850 2 1 65 65 60 65 
1100 1540 2 1 140 0 130 0 
1500 1950 1 1 100 130 0 0 
2200 2640 2 1 0 70 112 75 
2200 3080 2 2 0 150 0 110 
1300 1690 2 1 130 0 150 0 
1900 2660 2 2 0 0 110 120 
1100 1320 1 2 110 0 120 0 
2700 3780 2 2 0 0 140 100 
2500 3750 3 1 112 70 50 0 
1500 2100 3 1 120 0 100 0 
2300 3220 3 2 70 50 65 60 
1800 2340 1 2 0 110 0 140 
2700 3240 3 2 100 110 0 0 
1300 1950 3 1 0 150 0 110 
1600 2240 1 1 150 100 0 0 
1400 2100 2 1 110 0 100 0 
1100 1320 2 1 0 70 104 75 
2500 3250 1 1 130 120 0 0 
2900 4060 2 2 100 0 150 0 
2700 3780 1 1 0 110 0 100 
1100 1540 2 1 70 55 70 60 
2200 2420 1 1 80 84 70 0 
1000 1500 1 1 110 0 110 0 
1400 1680 1 1 0 70 88 50 
2200 2640 1 1 80 77 70 0 
1700 2210 3 2 0 91 96 50 
2100 2520 3 2 120 100 0 0 
1000 1200 3 1 100 0 140 0 
1300 1430 3 2 65 55 55 75 
2200 3300 1 2 50 60 50 55 
2600 3640 1 1 65 60 60 65 
1600 1920 3 2 50 70 75 75 
1200 1320 3 1 75 70 75 75 
1600 1760 1 1 150 100 0 0 
1000 1500 1 2 0 70 96 55 
1500 1950 1 2 75 50 70 65 
1400 1540 2 2 0 100 0 140 
2600 3900 2 1 120 140 0 0 
1800 1980 1 2 150 0 100 0 
1600 2400 3 1 0 130 0 100 
1900 2850 3 2 100 0 150 0 
2600 2860 2 2 0 98 80 65 
2900 4350 1 2 0 84 120 60 
3000 3300 2 1 0 105 80 55 
2400 2880 1 1 0 91 96 50 
2800 3360 2 2 0 0 150 140 
2000 2800 2 1 0 130 0 100 
1200 1320 3 1 0 0 140 140 
1800 1980 1 1 0 0 110 130 
2900 3480 3 1 0 140 0 120 
1800 2160 3 1 150 120 0 0 
1300 1560 3 2 65 70 70 60 
2700 3780 1 2 0 110 0 100 
2700 4050 3 1 0 0 130 110 
1100 1210 3 2 0 0 120 120 
1000 1300 3 2 70 65 70 70 
2200 3080 3 2 0 98 80 75 
2500 3250 3 1 0 0 100 110 
1700 2380 3 1 55 55 75 75 
1300 1560 3 1 50 70 75 60 
2900 3770 1 2 0 0 120 120 
1100 1650 2 2 0 0 100 120 
1800 2160 3 1 96 77 75 0 
2000 2800 1 1 120 140 0 0 
2700 2970 1 2 0 120 0 150 
2700 4050 3 1 80 70 75 0 
1100 1320 1 1 120 120 0 0 
1900 2850 1 1 104 77 55 0 
1300 1560 1 1 110 0 150 0 
1100 1540 2 1 0 70 104 70 
1100 1430 1 1 130 0 110 0 
1100 1540 2 1 55 70 60 50 
1200 1800 2 2 0 0 140 150 
2600 3900 2 2 0 0 100 100 
2100 3150 1 1 0 77 104 55 
1100 1540 2 1 0 77 96 70 
2500 3250 3 1 140 150 0 0 
1600 1760 1 2 0 150 0 140 
1100 1650 3 2 150 100 0 0 
2100 2730 1 2 88 84 70 0 
2100 3150 3 2 50 75 50 75 
2300 2990 1 2 0 0 120 120 
1800 2160 1 1 150 110 0 0 
1800 2160 1 1 140 110 0 0 
3000 4500 3 2 0 84 112 65 
1400 2100 2 2 100 0 130 0 
1400 1820 3 1 80 98 70 0 
1900 2470 2 1 0 84 112 50 
2000 3000 2 1 120 91 65 0 
1900 2280 3 2 104 84 65 0 
1000 1400 2 2 0 0 110 130 
1900 2280 2 2 0 98 104 65 
2500 3750 2 1 150 0 130 0 
2500 3000 1 2 130 0 120 0 
2500 3250 1 2 100 130 0 0 
2100 3150 1 2 0 98 88 70 
1900 2280 2 1 110 0 100 0 
2800 3640 3 2 150 110 0 0 
2000 2600 3 1 120 105 70 0 
2300 2530 3 2 0 0 130 110 
2600 3900 3 1 150 0 130 0 
1400 1820 2 1 130 120 0 0 
1600 1760 1 2 0 0 100 130 
2100 2310 2 2 60 55 70 65 
2400 2880 3 1 75 55 60 75 
1500 2250 1 1 0 105 88 50 
2000 2400 3 2 0 105 112 65 
1400 1680 2 2 70 75 70 50 
2400 2640 2 2 0 120 0 100 
2000 2800 2 1 104 98 60 0 
1800 2340 2 2 130 0 130 0 
2000 3000 1 2 120 0 140 0 
1900 2280 2 2 75 65 65 50 
3000 3600 2 2 0 0 130 110 
1900 2470 3 1 130 0 150 0 
2000 2400 1 1 88 84 60 0 
1900 2090 1 1 65 60 55 70 
2200 2860 3 1 140 140 0 0 
3000 4500 1 1 130 0 140 0 
2000 2600 1 1 70 65 55 65 
1100 1320 3 2 70 55 55 65 
1800 2700 2 2 0 0 130 130 
2300 3450 2 2 0 100 0 120 
2800 3640 1 2 0 0 140 150 
1600 2240 2 2 0 0 130 140 
1300 1430 2 2 70 60 70 60 
2000 2200 1 1 110 0 150 0 
2100 2520 2 1 0 0 120 100 
2100 2520 1 1 110 0 100 0 
1900 2660 3 1 130 0 110 0 
1700 1870 3 2 96 91 70 0 
1600 2400 1 1 120 0 140 0 
3000 3900 3 2 0 0 120 130 
2000 2200 1 1 120 84 70 0 
1800 2160 1 2 70 70 75 50 
2300 2530 3 1 150 0 110 0 
1100 1650 2 2 104 91 60 0 
2200 2860 1 2 0 130 0 150 
2600 3900 3 1 55 65 65 60 
1000 1500 2 2 0 100 0 100 
1700 2210 3 2 150 0 110 0 
1800 2160 1 2 70 55 60 75 
1500 1950 2 2 120 130 0 0 
1200 1800 1 2 0 0 140 130 
1600 1760 2 1 0 110 0 140 
1300 1560 1 2 104 105 65 0 
2800 3080 2 2 150 0 100 0 
1900 2470 1 1 110 130 0 0 
1900 2660 3 2 0 150 0 120 
2100 3150 1 1 0 0 140 110 
1700 2380 1 1 112 91 75 0 
1000 1200 3 2 150 120 0 0 
2900 3480 2 2 50 50 70 75 
2700 2970 1 2 140 0 140 0 
2500 3250 1 2 0 105 88 55 
1100 1320 3 2 0 0 150 100 
2500 3500 3 2 0 0 120 130 
1100 1320 1 2 0 0 120 150 
2000 3000 2 2 70 70 50 55 
2900 3770 1 1 75 75 70 50 
2800 3920 1 1 0 0 150 140 
1100 1320 2 1 112 77 65 0 
1500 1800 1 1 0 105 112 55 
1000 1500 1 1 0 110 0 120 
2400 3360 1 1 0 105 96 65 
2500 3000 3 1 80 77 75 0 
3000 3600 1 1 88 84 70 0 
2200 3080 2 2 0 100 0 150 
2600 3120 2 2 120 120 0 0 
1800 2340 3 2 75 60 55 70 
2000 2400 3 2 140 0 150 0 
1200 1560 3 2 0 110 0 150 
1500 2250 1 1 100 150 0 0 
1600 1920 1 1 104 70 55 0 
2200 2860 2 1 75 75 50 65 
3000 3600 2 1 80 70 55 0 
2700 4050 1 1 70 60 50 55 
1800 2520 1 2 0 0 110 110 
2800 3360 1 2 0 0 100 100 
2600 2860 3 1 130 0 110 0 
2800 4200 1 2 0 130 0 100 
1600 1920 3 1 0 0 120 130 
1000 1200 1 2 150 0 100 0 
3000 4200 3 1 88 70 70 0 
1000 1100 2 1 88 77 60 0 
2000 3000 1 1 88 91 50 0 
2500 3000 2 2 120 150 0 0 
1400 2100 2 1 104 91 60 0 
1500 1650 1 2 0 105 80 65 
1700 2040 1 1 120 110 0 0 
1700 2550 2 2 0 91 88 50 
2500 3000 3 1 0 0 120 150 
1800 2700 3 2 0 140 0 140 
2300 2990 2 2 0 98 104 60 
2000 2600 1 1 0 84 104 65 
1900 2850 1 1 55 50 65 75 
1800 1980 1 1 112 98 50 0 
2400 3360 2 2 0 0 100 120 
1900 2850 1 1 88 84 50 0 
2500 3250 3 1 0 100 0 100 
2300 3450 1 1 150 0 100 0 
1500 1800 3 1 0 0 130 100 
1200 1320 3 2 140 0 130 0 
1700 2550 3 2 75 55 50 70 
1500 1800 2 1 0 120 0 120 
2900 3770 3 1 70 55 65 75 
2700 3510 2 2 60 55 60 50 
3000 3300 3 2 140 100 0 0 
1400 1820 3 2 0 100 0 150 
2800 3920 1 1 70 75 50 50 
1000 1400 2 1 150 100 0 0 
2700 2970 3 2 110 0 120 0 
1300 1430 2 2 0 110 0 140 
1500 1800 1 1 0 0 130 120 
1500 1800 2 2 150 0 110 0 
1800 2520 3 1 120 70 75 0 
1100 1210 2 2 75 65 70 50 
2300 3220 2 1 88 84 60 0 
1200 1560 1 2 75 65 70 65 
2400 3600 1 2 0 0 140 150 
1500 1950 3 2 100 150 0 0 
3000 3600 3 1 0 120 0 110 
1100 1320 3 2 80 91 75 0 
2500 3000 1 1 0 98 120 60 
1500 1650 1 1 110 0 100 0 
2500 3250 2 1 88 84 70 0 
2500 3250 1 2 88 84 60 0 
1400 1960 1 2 0 0 100 140 
1600 2080 2 2 0 0 100 110 
1200 1680 1 1 0 0 120 110 
2800 3640 2 1 0 91 120 70 
2700 4050 3 2 0 140 0 110 
2600 2860 2 2 0 130 0 130 
2400 2640 1 1 0 130 0 130 
2300 2760 3 2 0 110 0 110 
1600 2080 3 1 0 105 88 75 
1600 1760 1 1 80 105 70 0 
1000 1100 1 1 0 0 140 150 
2600 3640 1 2 120 0 140 0 
2100 2940 1 2 0 130 0 110 
1100 1430 1 2 110 0 150 0 
1000 1100 3 2 100 110 0 0 
3000 3300 3 1 0 0 140 150 
1900 2850 1 1 150 0 150 0 
1300 1690 2 1 130 0 140 0 
1600 1920 2 1 0 100 0 110 
2000 3000 3 1 100 0 140 0 
1100 1430 2 2 0 0 120 100 
2800 3080 1 2 75 75 65 70 
2000 2200 1 1 110 150 0 0 
2400 3120 2 1 0 77 112 65 
1300 1950 2 2 140 100 0 0 
2600 3120 2 1 0 110 0 150 
1000 1400 2 2 140 100 0 0 
1300 1690 2 1 80 91 75 0 
1900 2660 2 2 100 120 0 0 
1800 2700 3 1 0 110 0 120 
2900 3190 1 2 0 0 130 100 
2000 2400 1 1 140 140 0 0 
2800 3640 1 2 80 91 70 0 
2500 2750 3 1 0 0 130 120 
1800 2700 1 2 0 150 0 130 
2700 2970 3 2 120 150 0 0 
2600 3380 1 1 0 100 0 130 
2600 3900 2 1 50 70 65 50 
2400 2880 2 2 0 0 140 100 
2800 3640 2 2 0 110 0 150 
2200 2860 1 1 0 77 112 75 
2600 3640 1 2 104 70 60 0 
1700 2380 3 2 60 50 70 75 
1900 2470 3 2 0 140 0 120 
1500 2100 3 1 100 140 0 0 
1800 2520 3 1 0 0 110 140 
1400 1540 3 1 0 120 0 100 
1700 2380 3 1 110 140 0 0 
1900 2090 2 2 130 0 130 0 
2800 3080 3 2 140 140 0 0 
2100 2730 1 1 80 91 50 0 
1700 2550 1 1 130 0 130 0 
2200 2420 2 2 70 50 55 70 
2800 3640 2 1 0 140 0 130 
1400 2100 1 2 88 70 65 0 
2200 2640 3 2 130 0 100 0 
2000 2600 1 1 150 0 150 0 
1400 1680 2 2 120 100 0 0 
2500 2750 3 1 0 120 0 130 
2000 2600 2 2 100 130 0 0 
1900 2090 3 1 80 98 50 0 
2700 3240 2 1 120 100 0 0 
2100 2730 3 1 75 70 75 55 
2500 3000 2 1 0 77 112 50 
2000 2400 1 1 0 105 96 50 
2700 2970 1 2 0 91 96 50 
2000 2400 3 1 0 0 100 150 
1900 2660 1 2 80 91 70 0 
2400 3600 2 2 88 70 70 0 
2400 2640 2 2 120 0 150 0 
2500 2750 1 1 88 91 65 0 
3000 4500 3 2 140 0 120 0 
1100 1320 3 2 0 0 120 130 
2300 3450 1 1 0 0 100 100 
1600 2080 2 1 150 0 150 0 
1100 1320 2 1 96 91 50 0 
3000 3900 3 2 88 70 55 0 
1500 1800 2 2 130 150 0 0 
2100 2310 1 1 120 0 120 0 
2100 2730 1 2 0 110 0 100 
1700 2380 1 2 120 0 120 0 
2400 3360 2 1 130 100 0 0 
1000 1200 1 1 50 55 75 65 
2400 3600 2 1 120 100 0 0 
1800 2700 3 1 0 0 120 100 
2400 3600 3 2 120 120 0 0 
2200 2860 3 1 100 0 150 0 
2000 3000 2 1 0 105 112 75 
2300 3220 1 1 0 77 112 65 
2900 4060 2 1 0 70 112 60 
1100 1320 2 2 120 0 130 0 
2100 3150 3 2 0 84 104 75 
1000 1500 3 2 0 0 100 150 
1600 2400 1 1 120 0 100 0 
2000 2600 1 2 140 120 0 0 
2400 3600 3 1 0 105 112 75 
2700 3780 2 2 0 150 0 140 
1000 1200 2 2 110 130 0 0 
2200 3300 3 2 0 0 120 140 
1100 1650 1 2 0 130 0 120 
1300 1430 2 2 50 65 70 70 
2000 2600 1 1 112 77 55 0 
3000 3900 2 2 110 150 0 0 
2700 4050 1 1 100 100 0 0 
2900 4060 2 1 100 100 0 0 
2100 2730 2 2 0 77 80 55 
2500 3500 3 1 104 77 70 0 
2300 2760 2 1 0 100 0 120 
1400 1540 1 2 110 120 0 0 
2200 3300 2 1 110 0 110 0 
2600 3120 3 1 96 70 50 0 
2600 3640 2 1 0 0 110 130 
1900 2470 3 1 55 60 50 65 
1600 2080 2 1 0 84 104 60 
2400 2880 3 1 0 91 112 60 
1400 2100 1 1 0 130 0 120 
1700 2040 3 1 100 150 0 0 
2000 2400 3 2 60 60 70 55 
2200 3300 1 2 80 84 50 0 
1500 1950 2 1 0 105 80 50 
2100 2310 1 1 0 110 0 140 
1800 2160 3 1 150 0 110 0 
1500 1950 1 2 100 100 0 0 
2700 2970 1 1 110 0 120 0 
3000 4500 2 1 88 91 75 0 
1900 2660 1 1 150 0 140 0 
2200 3300 2 1 55 55 60 50 
2400 3600 1 1 0 150 0 120 
1000 1300 1 1 150 0 120 0 
2200 2860 1 1 0 84 120 75 
1900 2660 1 2 0 150 0 140 
1300 1950 2 1 0 0 150 140 
1500 1800 2 1 130 0 150 0 
2500 3500 3 2 0 100 0 150 
2600 2860 1 2 110 100 0 0 
2900 3480 1 2 130 0 130 0 
1300 1820 2 2 0 84 120 70 
2100 3150 2 1 0 98 96 55 
2500 3250 1 2 0 0 140 100 
2100 2310 3 2 75 50 75 50 
2800 3360 1 2 110 100 0 0 
2800 3360 2 2 0 0 100 110 
2000 2200 3 2 0 0 110 100 
1300 1820 1 1 120 0 110 0 
2200 2420 3 1 120 105 55 0 
2900 3480 2 1 0 0 130 100 
1800 2340 2 1 0 105 112 55 
1200 1800 2 2 0 0 150 120 
2300 2990 3 2 0 140 0 120 
1200 1800 2 1 0 105 120 60 
2700 3240 3 2 140 120 0 0 
1800 2520 1 2 110 0 150 0 
2400 3600 1 1 150 0 100 0 
2300 3220 3 1 0 105 104 70 
2400 3360 2 2 55 65 75 65 
1100 1320 3 2 150 0 130 0 
2800 4200 2 1 130 130 0 0 
2700 3510 2 1 0 0 130 150 
1500 1650 1 1 0 110 0 100 
1500 1650 2 1 120 98 55 0 
2000 2800 2 1 130 140 0 0 
1300 1950 2 2 80 84 75 0 
2100 2940 3 2 0 91 88 65 
1700 1870 2 1 0 77 120 70 
1300 1950 3 1 0 105 96 55 
1500 1800 3 2 88 91 65 0 
1000 1500 2 2 140 130 0 0 
2400 3360 3 2 140 140 0 0 
1500 1800 1 2 0 140 0 130 
1800 2700 3 1 65 70 75 60 
2100 2310 2 2 0 0 110 100 
1200 1560 1 2 50 65 60 55 
1200 1800 2 1 100 100 0 0 
1800 2520 1 2 0 140 0 120 
2700 3780 1 2 0 70 120 70 
2800 4200 1 1 130 0 140 0 
3000 4500 3 2 0 70 88 75 
2700 2970 2 1 120 91 60 0 
2300 3450 1 1 70 75 75 60 
1300 1560 2 1 0 70 80 55 
2700 4050 2 2 120 0 120 0 
2500 3500 2 1 0 91 104 55 
1600 1760 1 2 120 0 150 0 
1600 2080 2 2 120 130 0 0 
1100 1210 1 1 0 77 88 65 
1600 2240 3 2 0 0 130 100 
2400 2640 3 1 0 70 96 65 
1500 1650 2 2 0 140 0 130 
2800 4200 1 1 0 91 112 55 
1400 1540 2 2 130 0 120 0 
2400 3120 3 1 130 140 0 0 
1700 1870 3 1 150 110 0 0 
1000 1400 1 1 0 120 0 100 
1100 1430 1 2 110 100 0 0 
1400 1960 2 1 70 70 70 55 
3000 3600 1 1 80 77 75 0 
2400 3360 3 1 70 65 65 70 
2800 3640 2 2 0 84 112 50 
1400 1960 3 1 0 105 88 55 
1400 1960 1 2 112 77 70 0 
2400 2880 2 1 0 0 100 150 
2000 2600 3 1 0 0 130 110 
3000 3300 1 1 0 0 110 100 
2400 2640 3 2 120 0 130 0 
1400 2100 2 2 60 50 75 65 
2400 3360 3 1 0 105 80 65 
1000 1400 1 1 0 84 96 70 
2300 2530 3 1 0 120 0 110 
2700 4050 1 2 0 70 88 50 
2200 2420 1 2 80 105 60 0 
2800 3360 3 1 120 120 0 0 
2800 3640 2 2 0 100 0 150 
1700 1870 1 2 75 70 75 75 
1000 1100 2 1 0 0 150 150 
2100 2940 1 1 110 0 120 0 
1100 1430 3 1 96 98 70 0 
2500 3000 1 1 120 91 65 0 
2000 2800 3 1 0 70 88 55 
3000 4500 3 1 0 91 96 70 
2400 2640 1 1 150 0 150 0 
2200 3080 3 2 0 98 96 65 
2100 2310 2 2 0 0 140 150 
2100 2310 2 2 0 0 130 140 
1800 2520 2 1 130 100 0 0 
1800 1980 3 1 0 98 112 60 
