64
64000
2 3 4 3
1
0 1 5 110 4 5
26 24 48 29 4
2500 3250 3 2 0 98 80 55 
1500 1650 2 1 70 75 65 70 
1100 1320 1 1 88 70 55 0 
1000 1500 1 1 0 130 0 130 
2000 2600 3 1 96 70 65 0 
2500 2750 2 2 100 0 140 0 
2500 3750 2 2 0 110 0 130 
1900 2470 2 1 0 98 96 75 
1600 2080 3 2 88 70 70 0 
1100 1540 3 1 140 0 140 0 
1700 2550 3 1 0 100 0 110 
2500 2750 3 2 150 120 0 0 
2600 3900 2 2 0 84 96 55 
1200 1800 1 1 0 105 88 75 
2300 2530 3 1 0 77 120 55 
2100 3150 2 1 0 0 110 150 
1000 1400 3 2 70 55 65 50 
2400 3600 3 1 0 70 88 65 
1100 1320 2 1 0 70 88 55 
2800 3640 1 2 0 70 80 60 
2300 3450 3 1 120 0 100 0 
1600 2240 2 1 0 130 0 100 
2900 4350 3 2 55 75 50 75 
3000 4500 3 1 50 75 55 50 
1800 2160 1 1 104 77 65 0 
3000 3900 3 2 112 70 60 0 
2700 2970 2 2 140 0 130 0 
1200 1440 2 1 112 91 75 0 
1500 2250 1 2 0 0 120 100 
1500 1950 2 1 70 55 50 70 
1000 1300 1 2 0 70 104 50 
1500 2100 2 1 0 105 112 75 
1500 1950 1 2 65 60 65 75 
1400 1680 2 1 88 105 55 0 
1800 2160 1 2 0 0 110 130 
1800 2520 2 1 110 110 0 0 
2400 2880 3 1 120 77 75 0 
2000 2800 1 1 0 120 0 120 
2400 2640 2 2 120 105 75 0 
2000 3000 1 1 0 91 112 60 
2400 2880 3 1 0 77 112 55 
3000 3300 3 2 0 0 110 120 
2900 4350 3 2 0 130 0 140 
3000 4200 3 1 100 150 0 0 
2600 2860 2 1 120 91 55 0 
2900 4060 1 2 0 70 96 60 
2900 3770 2 2 0 0 120 110 
2700 3510 2 2 96 98 70 0 
2700 4050 1 2 150 0 150 0 
2000 3000 3 2 0 0 150 110 
2900 3480 1 1 104 91 55 0 
2200 2640 3 2 0 0 130 150 
2800 3640 3 2 0 100 0 120 
1100 1650 1 2 0 0 150 110 
2000 2800 2 2 70 60 50 65 
2300 3450 1 2 55 75 50 70 
1700 2550 1 2 0 70 120 50 
2000 3000 1 1 104 84 60 0 
1700 2550 3 1 0 105 80 70 
2500 3000 3 1 0 120 0 120 
2000 2400 2 2 0 140 0 130 
1900 2660 2 1 0 0 150 110 
2000 2800 2 2 60 55 75 65 
1700 2380 1 2 0 0 140 130 
