2021-08-23 12:32:11.732090 ; 1 ; True ; 0:00:00.079994 ; 1023734;1024000;0;0;446;0;22303;26910;25594;20893;

2021-08-23 12:32:11.732090 ; 2 ; True ; 0:00:00.108400 ; 1023734;1024000;0;0;446;0;22303;26910;25594;20893;

2021-08-23 12:32:11.732090 ; 4 ; True ; 0:00:00.233711 ; 1023734;1024000;0;0;446;0;22303;26910;25594;20893;

2021-08-23 12:32:11.732090 ; 8 ; True ; 0:00:00.460841 ; 1023734;1024000;0;0;446;0;22303;26910;25594;20893;

2021-08-23 12:32:11.732090 ; 16 ; True ; 0:00:00.881685 ; 1023734;1024000;0;0;446;0;22303;26910;25594;20893;

2021-08-23 12:32:11.732090 ; 32 ; True ; 0:00:01.719156 ; 1023734;1024000;0;0;446;0;22303;26910;25594;20893;

