1 1 10.0 16.0 25.0 142
2 1 11.0 18.0 31.0 145
3 1 9.0 16.0 25.0 105
4 1 9.0 15.0 24.0 136
5 1 10.5 16.0 30.5 145
6 1 11.0 16.0 26.5 119
7 1 10.0 16.0 32.0 163
8 1 11.0 16.0 30.0 167
9 1 10.0 17.0 27.0 127
10 1 9.0 15.0 21.5 78
11 1 9.5 16.0 24.5 110
12 1 8.5 15.0 22.0 187
13 1 9.0 14.0 20.5 124
14 1 11.0 17.0 24.5 111
15 1 9.0 14.0 23.0 119
16 1 10.5 15.0 22.5 119
17 1 11.0 16.0 26.0 100
18 1 10.5 15.0 26.5 103
19 1 10.0 14.0 20.5 55
20 1 9.5 16.0 25.0 89
21 1 11.0 15.0 23.0 128
22 1 33.0 46.0 66.0 465
23 1 34.5 47.0 65.0 276
24 1 36.0 49.0 68.0 262
25 1 11.0 16.0 25.0 165
26 1 11.0 17.0 31.5 125
27 1 10.5 16.0 26.5 153
28 1 37.0 54.0 117.0 264
29 1 39.0 55.0 144.0 467
30 1 36.0 47.0 71.0 400
31 1 35.0 46.0 64.5 335
32 1 33.0 45.0 61.5 380
33 1 11.0 18.0 27.5 211
