1 5 9.0 13.0 15.5 18
2 54 56.0 58.0 61.5 65
3 1 2.0 3.0 6.0 9
4 7 16.0 25.0 30.5 36
5 1 13.5 26.0 26.0 26
6 1 16.0 31.0 50.0 69
7 1 7.5 14.0 39.5 65
8 12 31.5 51.0 54.5 58
9 3 6.0 9.0 13.0 17
10 7 8.0 9.0 11.5 14
11 1 9.0 17.0 33.5 50
12 1 1.0 1.0 6.5 12
13 4 23.0 42.0 56.5 71
14 23 53.0 83.0 93.5 104
15 1 24.0 47.0 83.0 119
16 3 4.0 5.0 14.0 23
17 25 37.0 49.0 60.0 71
18 4 12.5 21.0 34.0 47
19 2 4.0 6.0 22.5 39
20 3 4.0 5.0 23.0 41
21 4 6.0 8.0 14.0 20
22 65 95.0 125.0 126.5 128
23 55 112.5 170.0 186.5 203
24 1 8.5 16.0 31.0 46
25 2 7.5 13.0 17.5 22
26 17 18.5 20.0 31.5 43
27 3 32.5 62.0 63.0 64
28 28 29.5 31.0 46.0 61
29 2 4.0 6.0 14.5 23
30 1 66.5 132.0 255.5 379
31 1 41.0 81.0 150.0 219
32 7 30.5 54.0 85.0 116
33 1 10.5 20.0 21.5 23
