1 32 36.0 40.0 50.5 61
2 1 13.0 25.0 26.0 27
3 15 20.5 26.0 38.0 50
4 1 2.5 4.0 17.5 31
5 1 29.5 58.0 100.0 142
6 1 6.0 11.0 50.5 90
7 2 2.5 3.0 3.5 4
8 1 12.0 23.0 24.5 26
9 4 6.5 9.0 52.0 95
10 1 1.5 2.0 4.0 6
11 1 13.0 25.0 36.0 47
12 11 16.0 21.0 23.0 25
13 1 5.0 9.0 31.0 53
14 5 5.5 6.0 20.0 34
15 2 4.5 7.0 56.0 105
16 16 18.0 20.0 42.0 64
17 1 2.0 3.0 36.0 69
18 9 18.0 27.0 28.0 29
19 10 11.5 13.0 30.5 48
20 2 6.5 11.0 21.5 32
21 2 2.0 2.0 2.5 3
22 48 83.5 119.0 145.0 171
23 1 10.0 19.0 96.5 174
24 4 37.5 71.0 120.5 170
25 5 6.0 7.0 40.0 73
26 3 16.0 29.0 30.5 32
27 2 3.5 5.0 25.5 46
28 1 1.0 1.0 4.0 7
29 4 4.0 4.0 28.0 52
30 13 45.5 78.0 148.5 219
31 3 80.5 158.0 246.5 335
32 40 63.0 86.0 129.0 172
33 2 16.0 30.0 120.5 211
