1 1 8.0 8.0 15.0 28
2 9 11.0 13.0 26.0 109
3 7 9.0 12.0 13.0 44
4 1 8.0 14.0 21.0 94
5 9 11.0 13.0 28.0 79
6 1 7.0 16.0 17.0 43
7 2 12.0 14.0 26.0 100
8 1 8.0 12.0 18.0 52
9 5 7.0 10.0 23.0 39
10 1 9.0 12.0 31.0 39
11 6 8.0 18.0 34.0 110
12 5 15.0 17.0 18.0 67
13 5 9.0 10.0 18.0 22
14 3 11.0 13.0 21.0 50
15 10 15.0 19.0 30.0 34
16 5 9.0 14.0 21.0 36
17 4 14.0 14.0 18.0 26
18 7 11.0 12.0 15.0 67
19 5 8.0 13.0 18.0 40
20 1 9.0 11.0 18.0 62
21 7 11.0 26.0 31.0 38
22 23 28.0 33.0 50.0 66
23 22 30.0 39.0 53.0 77
24 12 33.0 36.0 55.0 80
25 5 7.0 13.0 26.0 35
26 6 14.0 16.0 39.0 96
27 1 5.0 11.0 23.0 68
28 34 45.0 115.0 248.0 264
29 3 31.0 129.0 184.0 281
30 10 32.0 37.0 40.0 50
31 22 30.0 36.0 50.0 59
32 28 41.0 42.0 53.0 82
33 10 11.0 19.0 22.0 42
