1 6 6.0 6.0 46.5 87
2 6 20.5 35.0 36.5 38
3 1 4.0 7.0 11.5 16
4 15 22.5 30.0 31.0 32
5 14 18.5 23.0 37.5 52
6 4 5.0 6.0 29.5 53
7 6 10.0 14.0 36.5 59
8 1 8.0 15.0 22.0 29
9 3 3.5 4.0 24.5 45
10 19 20.5 22.0 24.0 26
11 11 13.0 15.0 25.5 36
12 1 1.5 2.0 5.5 9
13 3 18.5 34.0 46.5 59
14 18 29.0 40.0 44.5 49
15 29 40.5 52.0 70.5 89
16 1 4.5 8.0 23.0 38
17 25 26.0 27.0 57.0 87
18 1 4.5 8.0 41.0 74
19 6 9.0 12.0 14.0 16
20 2 2.5 3.0 5.5 8
21 2 6.5 11.0 23.5 36
22 1 1.0 1.0 12.5 24
23 18 58.0 98.0 104.5 111
24 30 48.0 66.0 106.5 147
25 16 29.0 42.0 71.0 100
26 10 13.5 17.0 47.0 77
27 7 11.5 16.0 30.5 45
28 12 29.5 47.0 85.5 124
29 1 2.0 3.0 73.0 143
30 95 157.0 219.0 271.5 324
31 49 57.5 66.0 93.5 121
32 10 53.0 96.0 120.0 144
33 2 31.5 61.0 66.0 71
