1 3 7.5 12.0 31.5 51
2 1 9.0 17.0 41.5 66
3 3 7.5 12.0 13.0 14
4 6 11.5 17.0 30.5 44
5 17 37.5 58.0 101.5 145
6 7 32.0 57.0 62.0 67
7 4 7.5 11.0 41.5 72
8 2 2.5 3.0 10.5 18
9 1 6.0 11.0 12.0 13
10 1 6.5 12.0 13.0 14
11 1 3.5 6.0 14.0 22
12 2 3.5 5.0 6.5 8
13 1 1.5 2.0 5.0 8
14 6 10.0 14.0 41.0 68
15 7 12.5 18.0 21.0 24
16 3 19.0 35.0 61.0 87
17 15 16.0 17.0 29.0 41
18 13 17.0 21.0 40.0 59
19 5 18.5 32.0 36.5 41
20 2 7.0 12.0 12.5 13
21 7 31.0 55.0 91.5 128
22 185 185.5 186.0 325.5 465
23 1 2.5 4.0 140.0 276
24 3 29.0 55.0 58.5 62
25 10 16.5 23.0 82.0 141
26 7 8.5 10.0 14.5 19
27 2 2.5 3.0 21.0 39
28 1 11.5 22.0 106.0 190
29 1 24.0 47.0 80.5 114
30 47 61.0 75.0 85.5 96
31 9 9.0 9.0 10.5 12
32 15 21.0 27.0 37.5 48
33 40 41.0 42.0 59.5 77
