1 1 10.0 18.0 27.0 32
2 10 12.0 24.0 29.0 37
3 1 11.0 19.0 28.0 40
4 1 15.0 19.0 22.0 32
5 1 15.0 26.0 26.0 46
6 1 19.0 26.0 33.0 40
7 10 25.0 30.0 33.0 41
8 1 15.0 24.0 26.0 49
9 10 21.0 27.0 33.0 58
10 17 20.0 20.0 29.0 35
11 13 18.0 23.0 34.0 37
12 10 17.0 28.0 30.0 36
13 1 12.0 16.0 25.0 31
14 1 12.0 16.0 32.0 42
15 8 15.0 24.0 26.0 38
16 10 18.0 21.0 25.0 30
17 8 13.0 26.0 30.0 35
18 6 24.0 29.0 29.0 63
19 1 10.0 17.0 30.0 32
20 12 15.0 25.0 28.0 33
21 4 17.0 22.0 25.0 37
22 40 58.0 77.0 80.0 90
23 47 63.0 74.0 89.0 94
24 30 66.0 74.0 76.0 94
25 10 19.0 24.0 26.0 34
26 1 18.0 26.0 29.0 36
27 8 18.0 28.0 32.0 38
28 27 38.0 62.0 81.0 110
29 39 75.0 81.0 91.0 160
30 25 66.0 77.0 95.0 99
31 41 56.0 76.0 81.0 101
32 38 47.0 75.0 82.0 88
33 1 22.0 31.0 35.0 48
