1 17 26.0 35.0 41.5 48
2 3 7.0 11.0 18.0 25
3 8 13.0 18.0 58.5 99
4 43 44.0 45.0 77.0 109
5 7 9.0 11.0 13.5 16
6 2 2.5 3.0 29.5 56
7 3 5.5 8.0 20.5 33
8 35 53.0 71.0 119.0 167
9 13 32.5 52.0 89.5 127
10 7 10.0 13.0 13.5 14
11 2 4.5 7.0 12.5 18
12 3 10.5 18.0 21.0 24
13 9 40.0 71.0 88.5 106
14 1 1.5 2.0 2.5 3
15 1 4.5 8.0 18.0 28
16 1 1.5 2.0 10.0 18
17 1 3.5 6.0 7.0 8
18 10 18.0 26.0 35.0 44
19 23 25.5 28.0 32.5 37
20 1 4.5 8.0 19.0 30
21 29 30.5 32.0 44.5 57
22 71 89.0 107.0 152.0 197
23 1 1.0 1.0 46.5 92
24 24 53.0 82.0 132.5 183
25 5 7.5 10.0 12.0 14
26 3 6.0 9.0 19.0 29
27 2 2.0 2.0 19.0 36
28 11 57.0 103.0 139.5 176
29 18 28.0 38.0 64.5 91
30 1 9.0 17.0 101.0 185
31 15 73.5 132.0 148.0 164
32 20 34.5 49.0 110.5 172
33 20 20.5 21.0 29.5 38
