1 2 11.0 15.0 21.0 101
2 1 5.0 14.0 16.0 143
3 5 13.0 13.0 17.0 59
4 5 7.0 9.0 20.0 31
5 4 8.0 13.0 18.0 102
6 9 12.0 15.0 18.0 79
7 1 8.0 12.0 15.0 46
8 3 13.0 15.0 35.0 70
9 6 8.0 14.0 57.0 88
10 5 10.0 12.0 14.0 56
11 8 10.0 10.0 12.0 54
12 8 12.0 15.0 38.0 77
13 6 8.0 12.0 25.0 63
14 8 10.0 15.0 18.0 63
15 7 8.0 13.0 13.0 20
16 1 8.0 11.0 15.0 34
17 7 12.0 14.0 17.0 36
18 7 10.0 14.0 18.0 28
19 1 9.0 14.0 20.0 44
20 6 11.0 17.0 31.0 79
21 5 9.0 11.0 17.0 21
22 28 34.0 39.0 48.0 55
23 7 30.0 36.0 47.0 60
24 28 36.0 39.0 46.0 61
25 1 9.0 12.0 13.0 22
26 8 11.0 14.0 40.0 55
27 9 11.0 12.0 24.0 67
28 25 29.0 98.0 186.0 199
29 36 48.0 145.0 210.0 325
30 12 30.0 46.0 52.0 107
31 15 28.0 34.0 45.0 64
32 3 30.0 34.0 47.0 74
33 1 7.0 10.0 19.0 25
