1 9 21.0 23.0 34.0 60
2 11 17.0 31.0 40.0 48
3 4 6.0 8.0 32.0 45
4 3 7.0 11.0 36.0 80
5 4 24.0 28.0 43.0 76
6 6 26.0 31.0 47.0 72
7 1 12.0 16.0 34.0 163
8 1 4.0 16.0 35.0 52
9 3 10.0 27.0 35.0 54
10 3 9.0 18.0 29.0 35
11 5 6.0 10.0 31.0 77
12 1 7.0 15.0 34.0 187
13 2 9.0 11.0 23.0 40
14 1 12.0 20.0 34.0 111
15 3 8.0 11.0 29.0 49
16 1 5.0 11.0 27.0 36
17 2 8.0 15.0 26.0 53
18 3 5.0 19.0 34.0 74
19 3 5.0 11.0 20.0 31
20 1 12.0 21.0 44.0 64
21 3 12.0 18.0 24.0 54
22 15 25.0 33.0 42.0 75
23 11 23.0 26.0 44.0 75
24 10 23.0 34.0 42.0 93
25 3 8.0 23.0 37.0 84
26 9 12.0 21.0 58.0 113
27 2 6.0 14.0 24.0 50
28 32 82.0 137.0 183.0 205
29 117 183.0 301.0 399.0 467
30 10 24.0 36.0 48.0 82
31 17 21.0 31.0 44.0 82
32 19 21.0 28.0 34.0 84
33 1 17.0 28.0 52.0 61
