1 1 14.0 16.0 17.0 30
2 14 22.0 27.0 55.0 90
3 1 8.0 28.0 30.0 36
4 1 14.0 15.0 24.0 31
5 4 11.0 21.0 42.0 75
6 11 14.0 17.0 28.0 119
7 7 22.0 31.0 40.0 155
8 8 20.0 31.0 52.0 83
9 8 16.0 27.0 35.0 48
10 9 15.0 22.0 44.0 47
11 6 22.0 26.0 31.0 40
12 8 12.0 15.0 23.0 116
13 4 8.0 11.0 13.0 22
14 8 19.0 31.0 36.0 83
15 2 11.0 15.0 19.0 24
16 6 13.0 21.0 21.0 25
17 6 11.0 19.0 33.0 37
18 4 15.0 15.0 25.0 33
19 5 13.0 16.0 19.0 31
20 10 22.0 32.0 37.0 53
21 4 9.0 19.0 23.0 50
22 34 44.0 63.0 76.0 82
23 26 51.0 67.0 76.0 125
24 36 52.0 60.0 62.0 89
25 9 12.0 16.0 27.0 43
26 1 13.0 22.0 32.0 52
27 8 12.0 15.0 32.0 46
28 40 68.0 93.0 123.0 166
29 38 88.0 116.0 155.0 237
30 37 61.0 77.0 79.0 146
31 38 49.0 67.0 69.0 97
32 36 46.0 59.0 70.0 78
33 7 20.0 25.0 33.0 55
