1 7 10.5 14.0 15.0 16
2 3 7.5 12.0 78.5 145
3 1 9.5 18.0 29.0 40
4 16 35.5 55.0 62.5 70
5 4 7.5 11.0 13.5 16
6 1 7.0 13.0 27.5 42
7 1 10.5 20.0 20.0 20
8 1 8.0 15.0 22.0 29
9 7 12.5 18.0 71.0 124
10 1 1.0 1.0 14.5 28
11 2 6.0 10.0 10.5 11
12 1 1.0 1.0 2.5 4
13 7 36.5 66.0 95.0 124
14 1 30.5 60.0 67.5 75
15 6 7.5 9.0 25.0 41
16 20 21.5 23.0 71.0 119
17 14 16.5 19.0 29.5 40
18 6 10.0 14.0 24.5 35
19 1 1.0 1.0 8.0 15
20 3 4.5 6.0 11.5 17
21 1 6.5 12.0 15.5 19
22 5 30.5 56.0 222.0 388
23 8 48.0 88.0 175.0 262
24 21 52.0 83.0 153.0 223
25 31 34.5 38.0 62.5 87
26 12 42.0 72.0 91.5 111
27 1 11.0 21.0 22.5 24
28 1 4.0 7.0 28.5 50
29 1 8.5 16.0 101.0 186
30 1 1.0 1.0 32.0 63
31 1 58.0 115.0 158.0 201
32 2 10.5 19.0 85.5 152
33 1 1.0 1.0 10.0 19
