1 6 13.5 21.0 57.0 93
2 37 50.5 64.0 75.5 87
3 1 5.0 9.0 11.5 14
4 4 12.0 20.0 24.5 29
5 4 11.5 19.0 28.5 38
6 9 10.0 11.0 26.0 41
7 34 44.5 55.0 62.5 70
8 14 21.0 28.0 39.5 51
9 6 8.5 11.0 25.0 39
10 6 13.0 20.0 22.0 24
11 9 9.0 9.0 16.5 24
12 5 5.5 6.0 9.0 12
13 2 5.0 8.0 14.5 21
14 1 1.5 2.0 44.5 87
15 5 7.5 10.0 11.5 13
16 1 7.0 13.0 25.5 38
17 19 31.0 43.0 50.5 58
18 4 6.0 8.0 55.0 102
19 18 28.0 38.0 46.5 55
20 1 1.5 2.0 9.5 17
21 1 5.5 10.0 12.5 15
22 6 16.5 27.0 68.0 109
23 1 36.0 71.0 91.0 111
24 36 37.0 38.0 136.0 234
25 24 39.0 54.0 75.5 97
26 3 18.0 33.0 65.0 97
27 1 1.5 2.0 23.5 45
28 2 5.0 8.0 32.0 56
29 1 5.0 9.0 93.0 177
30 1 54.5 108.0 165.0 222
31 39 72.0 105.0 186.5 268
32 60 79.5 99.0 130.5 162
33 6 18.0 30.0 33.0 36
