1 1 5.5 10.0 18.0 26
2 1 13.0 25.0 46.0 67
3 37 44.5 52.0 71.5 91
4 13 14.0 15.0 19.5 24
5 10 18.0 26.0 27.0 28
6 1 7.5 14.0 15.5 17
7 27 39.0 51.0 68.5 86
8 3 8.5 14.0 14.5 15
9 2 49.5 97.0 104.5 112
10 1 1.0 1.0 1.5 2
11 13 20.5 28.0 30.5 33
12 13 16.0 19.0 24.0 29
13 1 6.0 11.0 18.5 26
14 1 4.0 7.0 27.5 48
15 7 11.5 16.0 48.0 80
16 27 40.0 53.0 58.0 63
17 13 19.0 25.0 30.0 35
18 8 10.5 13.0 17.0 21
19 1 5.5 10.0 23.0 36
20 1 9.0 17.0 21.5 26
21 12 19.0 26.0 32.0 38
22 19 22.5 26.0 76.5 127
23 1 13.5 26.0 75.0 124
24 54 65.5 77.0 88.5 100
25 8 13.5 19.0 24.0 29
26 5 7.0 9.0 58.0 107
27 7 10.0 13.0 24.5 36
28 94 96.5 99.0 109.0 119
29 4 6.0 8.0 46.0 84
30 128 128.0 128.0 248.5 369
31 1 1.0 1.0 47.0 93
32 1 23.5 46.0 133.5 221
33 1 21.0 41.0 45.0 49
