1 1 6.5 12.0 46.5 81
2 1 3.5 6.0 30.5 55
3 3 8.5 14.0 31.5 49
4 1 5.5 10.0 10.5 11
5 4 9.5 15.0 59.0 103
6 11 15.0 19.0 20.5 22
7 13 25.5 38.0 57.5 77
8 16 35.5 55.0 63.0 71
9 13 14.0 15.0 22.5 30
10 1 7.5 14.0 14.0 14
11 3 9.5 16.0 17.5 19
12 1 1.0 1.0 2.5 4
13 1 2.5 4.0 10.5 17
14 1 9.0 17.0 18.0 19
15 7 10.0 13.0 42.0 71
16 7 9.5 12.0 25.5 39
17 14 14.0 14.0 20.0 26
18 27 41.0 55.0 79.0 103
19 11 16.0 21.0 35.0 49
20 1 6.5 12.0 50.5 89
21 1 8.5 16.0 16.5 17
22 67 76.5 86.0 137.5 189
23 1 53.0 105.0 110.0 115
24 3 5.0 7.0 134.5 262
25 7 11.5 16.0 63.5 111
26 1 27.5 54.0 89.5 125
27 19 26.0 33.0 43.5 54
28 1 5.5 10.0 80.5 151
29 1 2.5 4.0 20.0 36
30 106 134.5 163.0 281.5 400
31 55 60.5 66.0 71.5 77
32 1 9.5 18.0 22.0 26
33 4 4.0 4.0 21.5 39
