1 1 6.0 13.0 26.0 90
2 1 4.0 25.0 27.0 57
3 3 6.0 20.0 23.0 105
4 5 9.0 13.0 20.0 50
5 15 30.0 45.0 56.0 70
6 1 3.0 14.0 23.0 41
7 6 11.0 30.0 50.0 76
8 3 10.0 13.0 29.0 73
9 1 7.0 14.0 20.0 38
10 7 9.0 16.0 21.0 41
11 1 17.0 28.0 53.0 69
12 6 24.0 37.0 59.0 82
13 5 6.0 9.0 13.0 33
14 11 13.0 22.0 37.0 41
15 1 8.0 11.0 20.0 24
16 5 12.0 16.0 21.0 35
17 1 11.0 31.0 45.0 75
18 5 15.0 20.0 27.0 37
19 3 5.0 10.0 17.0 27
20 16 19.0 22.0 45.0 77
21 1 8.0 15.0 38.0 44
22 16 21.0 30.0 48.0 69
23 9 11.0 27.0 36.0 51
24 12 22.0 38.0 41.0 96
25 1 5.0 6.0 28.0 48
26 4 19.0 40.0 55.0 73
27 6 11.0 17.0 44.0 153
28 45 71.0 89.0 188.0 242
29 135 177.0 298.0 330.0 426
30 21 27.0 40.0 51.0 96
31 12 18.0 34.0 44.0 55
32 7 18.0 26.0 29.0 82
33 1 9.0 14.0 21.0 26
