1 13 38.5 64.0 82.0 100
2 40 54.0 68.0 73.5 79
3 18 19.0 20.0 46.0 72
4 1 3.5 6.0 53.0 100
5 2 3.0 4.0 18.5 33
6 9 14.0 19.0 41.5 64
7 5 8.0 11.0 16.0 21
8 3 3.5 4.0 14.5 25
9 12 14.0 16.0 23.0 30
10 2 3.0 4.0 4.5 5
11 17 22.5 28.0 44.0 60
12 3 5.5 8.0 8.5 9
13 18 24.5 31.0 36.0 41
14 14 18.5 23.0 26.5 30
15 1 1.5 2.0 34.0 66
16 1 1.5 2.0 27.0 52
17 2 5.5 9.0 14.0 19
18 4 16.0 28.0 47.5 67
19 11 19.5 28.0 28.5 29
20 1 1.0 1.0 6.5 12
21 8 11.5 15.0 15.0 15
22 2 32.0 62.0 97.5 133
23 185 200.5 216.0 228.5 241
24 51 63.5 76.0 77.5 79
25 11 18.0 25.0 28.0 31
26 50 50.5 51.0 54.5 58
27 24 27.0 30.0 44.5 59
28 1 1.0 1.0 48.5 96
29 1 25.0 49.0 52.0 55
30 1 21.5 42.0 71.0 100
31 86 95.0 104.0 106.5 109
32 57 58.5 60.0 101.5 143
33 22 31.0 40.0 42.0 44
