1 1 6.0 11.0 30.0 49
2 5 12.0 19.0 21.0 23
3 7 11.5 16.0 29.5 43
4 3 3.5 4.0 28.0 52
5 8 8.5 9.0 31.0 53
6 1 3.5 6.0 8.0 10
7 40 55.5 71.0 80.0 89
8 12 24.0 36.0 48.5 61
9 19 25.5 32.0 48.5 65
10 1 9.0 17.0 24.5 32
11 1 1.5 2.0 8.5 15
12 1 5.5 10.0 16.5 23
13 9 34.5 60.0 70.0 80
14 20 20.0 20.0 56.0 92
15 3 20.5 38.0 43.5 49
16 2 36.0 70.0 75.0 80
17 1 6.5 12.0 41.0 70
18 15 19.0 23.0 24.5 26
19 4 4.0 4.0 5.0 6
20 1 14.0 27.0 27.0 27
21 1 2.5 4.0 4.0 4
22 1 26.0 51.0 68.0 85
23 1 23.5 46.0 48.0 50
24 19 27.0 35.0 88.0 141
25 3 7.0 11.0 88.0 165
26 12 12.5 13.0 19.0 25
27 2 11.5 21.0 34.0 47
28 79 115.5 152.0 167.0 182
29 1 23.5 46.0 51.5 57
30 2 30.0 58.0 62.5 67
31 55 114.0 173.0 220.0 267
32 1 1.0 1.0 190.5 380
33 2 7.5 13.0 27.0 41
