1 4 10.5 17.0 60.5 104
2 1 1.0 1.0 22.0 43
3 3 7.0 11.0 17.0 23
4 19 34.0 49.0 92.5 136
5 1 10.0 19.0 26.5 34
6 7 12.0 17.0 24.0 31
7 1 3.5 6.0 25.5 45
8 4 20.0 36.0 44.0 52
9 5 5.0 5.0 11.5 18
10 1 5.0 9.0 13.5 18
11 1 1.0 1.0 2.0 3
12 10 15.0 20.0 21.0 22
13 7 16.0 25.0 31.0 37
14 1 12.0 23.0 31.5 40
15 4 6.0 8.0 27.5 47
16 36 41.0 46.0 48.0 50
17 2 3.5 5.0 35.0 65
18 10 12.0 14.0 33.0 52
19 11 22.5 34.0 37.5 41
20 5 6.0 7.0 26.0 45
21 36 49.5 63.0 69.5 76
22 1 1.0 1.0 95.0 189
23 1 35.5 70.0 145.0 220
24 6 42.5 79.0 87.0 95
25 3 3.5 4.0 11.0 18
26 10 44.0 78.0 78.5 79
27 12 13.0 14.0 37.0 60
28 24 35.5 47.0 71.5 96
29 25 42.5 60.0 119.0 178
30 1 6.0 11.0 82.0 153
31 41 118.5 196.0 253.5 311
32 14 36.0 58.0 65.5 73
33 13 14.5 16.0 46.0 76
