1 1 11.0 14.0 17.0 28
2 1 11.0 13.0 18.0 33
3 1 11.0 15.0 18.0 28
4 1 9.0 13.0 17.0 26
5 1 11.0 13.0 17.0 26
6 1 11.0 15.0 17.0 25
7 1 11.0 15.0 18.0 34
8 1 11.0 14.0 19.0 33
9 1 12.0 15.0 18.0 24
10 6 11.0 15.0 19.0 27
11 5 12.0 15.0 20.0 29
12 1 9.0 12.0 16.0 33
13 6 13.0 14.0 17.0 30
14 1 11.0 13.0 18.0 27
15 1 11.0 14.0 17.0 28
16 1 10.0 13.0 15.0 32
17 4 11.0 14.0 17.0 28
18 1 12.0 14.0 16.0 34
19 1 12.0 14.0 16.0 25
20 6 10.0 14.0 17.0 24
21 7 12.0 15.0 17.0 31
22 11 35.0 41.0 46.0 73
23 29 41.0 46.0 54.0 107
24 20 38.0 47.0 52.0 96
25 1 12.0 15.0 18.0 28
26 1 11.0 13.0 17.0 42
27 1 12.0 14.0 18.0 29
28 25 37.0 45.0 51.0 69
29 17 40.0 46.0 52.0 89
30 19 36.0 43.0 48.0 67
31 19 39.0 44.0 51.0 84
32 9 36.0 43.0 48.0 75
33 1 12.0 14.0 18.0 32
