1 5 18.0 31.0 44.0 57
2 1 2.5 4.0 16.5 29
3 22 23.5 25.0 40.5 56
4 20 21.5 23.0 32.0 41
5 32 38.5 45.0 58.0 71
6 4 18.5 33.0 37.0 41
7 19 20.5 22.0 32.5 43
8 1 2.5 4.0 58.0 112
9 1 3.0 5.0 24.5 44
10 1 2.5 4.0 7.5 11
11 1 1.0 1.0 11.0 21
12 14 17.5 21.0 30.5 40
13 1 10.0 19.0 31.5 44
14 20 20.5 21.0 42.0 63
15 1 1.5 2.0 33.5 65
16 18 19.5 21.0 47.0 73
17 9 9.0 9.0 9.5 10
18 3 6.0 9.0 47.5 86
19 5 13.0 21.0 26.0 31
20 30 41.0 52.0 60.5 69
21 20 28.0 36.0 50.0 64
22 6 62.5 119.0 133.0 147
23 1 60.0 119.0 143.0 167
24 23 76.5 130.0 137.0 144
25 6 8.5 11.0 35.0 59
26 2 3.0 4.0 45.5 87
27 2 2.0 2.0 17.0 32
28 8 54.0 100.0 161.5 223
29 33 50.0 67.0 68.5 70
30 1 19.5 38.0 134.5 231
31 1 7.0 13.0 22.0 31
32 75 88.0 101.0 101.5 102
33 3 4.5 6.0 17.5 29
