1 1 9.0 17.0 24.0 28
2 1 15.0 18.0 33.0 57
3 2 13.0 21.0 35.0 90
4 13 15.0 22.0 24.0 48
5 5 10.0 23.0 33.0 71
6 5 17.0 21.0 28.0 42
7 7 8.0 22.0 27.0 46
8 1 12.0 21.0 31.0 43
9 6 15.0 16.0 29.0 37
10 8 15.0 17.0 25.0 48
11 6 16.0 20.0 23.0 33
12 2 16.0 17.0 20.0 30
13 6 14.0 17.0 20.0 33
14 1 14.0 19.0 24.0 109
15 12 13.0 22.0 28.0 33
16 5 13.0 17.0 24.0 24
17 13 16.0 23.0 29.0 100
18 4 10.0 18.0 21.0 31
19 1 10.0 13.0 18.0 21
20 10 15.0 25.0 29.0 76
21 10 15.0 17.0 20.0 41
22 26 38.0 59.0 69.0 73
23 26 43.0 49.0 64.0 72
24 19 39.0 55.0 68.0 83
25 7 13.0 19.0 22.0 32
26 1 16.0 19.0 31.0 97
27 12 15.0 21.0 24.0 41
28 22 63.0 71.0 83.0 151
29 49 65.0 92.0 218.0 377
30 14 57.0 67.0 71.0 105
31 19 42.0 53.0 65.0 97
32 18 38.0 49.0 61.0 77
33 1 17.0 19.0 28.0 33
