1 6 21.0 29.0 41.0 80
2 11 19.0 22.0 35.0 77
3 7 20.0 21.0 62.0 79
4 11 16.0 25.0 35.0 47
5 1 12.0 23.0 34.0 45
6 13 15.0 27.0 47.0 119
7 9 11.0 19.0 35.0 46
8 15 19.0 24.0 36.0 62
9 6 18.0 20.0 21.0 77
10 13 19.0 26.0 34.0 78
11 9 16.0 20.0 32.0 41
12 12 17.0 22.0 37.0 63
13 10 14.0 18.0 25.0 39
14 8 18.0 21.0 25.0 47
15 1 8.0 13.0 20.0 23
16 15 15.0 16.0 21.0 29
17 8 14.0 31.0 46.0 56
18 1 25.0 30.0 35.0 38
19 10 11.0 17.0 18.0 24
20 14 19.0 22.0 23.0 38
21 13 15.0 21.0 30.0 44
22 30 52.0 59.0 63.0 73
23 28 47.0 55.0 58.0 61
24 31 53.0 55.0 60.0 74
25 11 14.0 15.0 28.0 80
26 2 14.0 24.0 26.0 71
27 22 24.0 27.0 41.0 57
28 116 143.0 191.0 208.0 227
29 90 117.0 147.0 186.0 254
30 35 47.0 50.0 55.0 71
31 37 41.0 46.0 48.0 70
32 27 57.0 59.0 66.0 81
33 8 13.0 17.0 26.0 35
