1 2 6.0 10.0 76.0 142
2 14 36.5 59.0 69.0 79
3 7 14.0 21.0 23.0 25
4 19 21.0 23.0 32.0 41
5 7 9.0 11.0 22.5 34
6 1 6.0 11.0 31.0 51
7 1 1.0 1.0 7.5 14
8 1 4.0 7.0 40.5 74
9 11 43.0 75.0 96.5 118
10 5 5.5 6.0 13.0 20
11 1 3.5 6.0 6.5 7
12 1 12.5 24.0 32.0 40
13 2 7.0 12.0 20.5 29
14 2 7.5 13.0 33.5 54
15 54 71.5 89.0 91.0 93
16 22 33.5 45.0 51.5 58
17 9 18.0 27.0 38.5 50
18 1 5.0 9.0 10.0 11
19 9 11.0 13.0 20.5 28
20 2 2.0 2.0 19.0 36
21 8 9.5 11.0 11.0 11
22 56 71.0 86.0 138.5 191
23 36 83.0 130.0 136.5 143
24 68 79.5 91.0 96.5 102
25 13 20.0 27.0 49.5 72
26 3 6.5 10.0 37.5 65
27 4 7.5 11.0 12.5 14
28 14 88.0 162.0 173.0 184
29 1 12.0 23.0 58.5 94
30 1 41.5 82.0 101.5 121
31 7 40.5 74.0 78.0 82
32 22 37.0 52.0 90.0 128
33 1 8.5 16.0 30.5 45
