100
250000
23  14  11  14  11  7  9  7  4 
5000  1  2  0  10000  0  60000  0  0  60000  0  0  
4975  1  1  15000  0  0  0  0  15000  6000  0  0  
4950  1  2  25000  0  0  0  0  60000  0  0  24000  
4925  1  1  0  0  50000  45000  0  0  0  18000  0  
4900  3  2  0  0  5000  45000  0  0  0  0  48000  
4875  2  1  0  25000  0  0  0  60000  54000  0  0  
4850  1  2  0  0  15000  0  45000  0  0  60000  0  
4825  2  2  0  0  20000  0  0  45000  0  60000  0  
4800  1  1  0  10000  0  45000  0  0  54000  0  0  
4775  3  2  0  5000  0  60000  0  0  0  48000  0  
4750  1  2  0  0  40000  0  0  45000  0  0  6000  
4725  2  1  0  5000  0  0  0  30000  12000  0  0  
4700  2  1  0  0  50000  0  0  30000  54000  0  0  
4675  1  1  0  0  35000  0  0  45000  0  0  54000  
4650  1  1  45000  0  0  0  0  60000  0  0  24000  
4625  1  1  0  0  15000  0  0  15000  30000  0  0  
4600  3  1  0  45000  0  0  60000  0  60000  0  0  
4575  1  1  20000  0  0  60000  0  0  36000  0  0  
4550  2  1  0  30000  0  15000  0  0  0  0  24000  
4525  1  1  0  0  25000  0  0  15000  0  12000  0  
4500  2  1  35000  0  0  0  0  15000  24000  0  0  
4475  1  2  30000  0  0  30000  0  0  12000  0  0  
4450  1  1  0  0  45000  60000  0  0  0  0  24000  
4425  2  1  0  10000  0  15000  0  0  0  24000  0  
4400  2  2  0  30000  0  15000  0  0  0  0  12000  
4375  3  2  0  45000  0  45000  0  0  0  36000  0  
4350  2  1  0  5000  0  0  60000  0  0  0  12000  
4325  3  2  20000  0  0  15000  0  0  0  0  30000  
4300  1  1  0  0  10000  0  60000  0  12000  0  0  
4275  3  2  0  0  5000  45000  0  0  30000  0  0  
4250  3  2  30000  0  0  0  0  30000  0  48000  0  
4225  1  2  50000  0  0  60000  0  0  0  60000  0  
4200  1  1  0  0  25000  0  0  15000  0  0  54000  
4175  3  2  0  0  15000  45000  0  0  30000  0  0  
4150  1  2  0  0  15000  0  0  60000  0  0  42000  
4125  3  2  30000  0  0  0  0  15000  0  0  54000  
4100  3  1  0  0  15000  0  45000  0  0  24000  0  
4075  1  2  0  0  35000  0  0  30000  0  30000  0  
4050  2  1  0  0  20000  0  30000  0  0  0  42000  
4025  2  2  0  0  30000  0  0  60000  0  24000  0  
4000  1  1  0  10000  0  0  0  30000  0  0  48000  
3975  3  1  0  40000  0  15000  0  0  12000  0  0  
3950  3  2  0  40000  0  15000  0  0  0  0  30000  
3925  2  1  0  0  30000  0  0  30000  48000  0  0  
3900  1  2  0  15000  0  0  0  15000  0  0  24000  
3875  1  1  0  0  15000  0  0  30000  0  48000  0  
3850  2  1  0  0  50000  30000  0  0  0  42000  0  
3825  1  2  40000  0  0  0  0  30000  0  24000  0  
3800  3  2  0  40000  0  0  60000  0  0  18000  0  
3775  2  2  0  40000  0  30000  0  0  36000  0  0  
3750  3  2  0  0  40000  0  0  15000  24000  0  0  
3725  1  2  0  0  15000  0  45000  0  36000  0  0  
3700  2  1  0  0  30000  60000  0  0  0  54000  0  
3675  3  2  0  5000  0  0  0  45000  0  0  60000  
3650  3  2  0  0  10000  0  0  15000  0  6000  0  
3625  2  2  25000  0  0  0  0  60000  0  0  12000  
3600  3  1  0  0  5000  0  0  45000  0  30000  0  
3575  1  1  0  15000  0  60000  0  0  0  0  36000  
3550  2  2  0  0  35000  0  60000  0  36000  0  0  
3525  3  1  0  0  5000  0  60000  0  0  54000  0  
3500  2  2  0  0  40000  15000  0  0  0  0  36000  
3475  2  1  10000  0  0  0  45000  0  0  36000  0  
3450  2  2  20000  0  0  45000  0  0  0  60000  0  
3425  1  1  0  0  30000  0  0  15000  12000  0  0  
3400  2  1  0  0  15000  45000  0  0  0  0  30000  
3375  2  1  0  0  30000  0  0  15000  0  42000  0  
3350  1  1  10000  0  0  0  30000  0  0  0  18000  
3325  1  1  15000  0  0  0  0  15000  30000  0  0  
3300  2  2  0  25000  0  0  60000  0  0  48000  0  
3275  2  2  0  15000  0  60000  0  0  0  48000  0  
3250  2  2  0  0  15000  0  0  60000  0  30000  0  
3225  3  2  50000  0  0  0  0  45000  48000  0  0  
3200  2  1  0  25000  0  45000  0  0  30000  0  0  
3175  2  2  0  10000  0  0  0  15000  12000  0  0  
3150  2  1  0  0  25000  0  45000  0  0  0  12000  
3125  2  2  0  35000  0  0  0  15000  0  48000  0  
3100  3  2  0  0  30000  0  15000  0  60000  0  0  
3075  2  1  0  0  5000  0  0  60000  0  18000  0  
3050  1  2  25000  0  0  0  60000  0  0  6000  0  
3025  1  1  0  20000  0  15000  0  0  12000  0  0  
3000  3  2  0  15000  0  0  0  15000  0  48000  0  
2975  1  1  0  35000  0  0  0  45000  60000  0  0  
2950  3  1  0  35000  0  0  15000  0  6000  0  0  
2925  3  2  0  5000  0  30000  0  0  0  0  18000  
2900  2  1  0  0  45000  0  0  45000  6000  0  0  
2875  2  1  10000  0  0  45000  0  0  0  48000  0  
2850  3  1  35000  0  0  45000  0  0  0  24000  0  
2825  1  2  0  0  30000  0  45000  0  0  0  48000  
2800  3  2  40000  0  0  0  45000  0  48000  0  0  
2775  1  2  0  0  5000  60000  0  0  0  48000  0  
2750  2  1  35000  0  0  0  60000  0  0  36000  0  
2725  2  1  0  0  25000  15000  0  0  0  0  48000  
2700  2  1  45000  0  0  0  60000  0  12000  0  0  
2675  2  1  0  0  30000  60000  0  0  54000  0  0  
2650  1  2  0  35000  0  0  60000  0  0  0  54000  
2625  2  1  15000  0  0  0  60000  0  0  0  60000  
2600  1  2  0  0  15000  0  15000  0  0  42000  0  
2575  3  2  0  15000  0  0  0  45000  0  30000  0  
2550  1  2  0  0  20000  0  0  30000  0  30000  0  
2525  1  1  0  5000  0  15000  0  0  0  0  18000  
