30
750000000
23 14 11 14 11 7 9 7 4
50000000 3 1 0 0 45000 0 15000 0 0 18000 0
49500000 1 1 0 25000 0 15000 0 0 54000 0 0 
49000000 2 1 0 35000 0 0 15000 0 0 48000 0 
48500000 2 1 25000 0 0 7500 0 0 0 0 54000 
48000000 2 2 0 25000 0 7500 0 0 0 0 48000 
47500000 3 2 45000 0 0 4500 0 0 0 18000 0 
47000000 2 2 0 0 35000 0 4500 0 0 0 48000 
46500000 1 2 5000 0 0 0 4500 0 54000 0 0 
46000000 3 1 15000 0 0 4500 0 0 12000 0 0 
45500000 3 2 0 0 5000 0 13500 0 36000 0 0 
45000000 1 2 0 0 15000 15000 0 0 30000 0 0 
44500000 3 2 0 0 35000 1500 0 0 0 36000 0 
44000000 3 1 0 0 15000 0 3000 0 24000 0 0 
43500000 3 1 40000 0 0 0 1500 0 0 0 24000 
43000000 1 2 0 0 20000 0 0 3000 0 0 12000 
42500000 2 2 0 40000 0 0 15000 0 0 42000 0 
42000000 2 1 45000 0 0 0 4500 0 48000 0 0 
41500000 3 2 0 0 30000 0 0 4500 0 0 24000 
41000000 2 1 10000 0 0 0 0 3000 60000 0 0 
40500000 1 2 0 10000 0 15000 0 0 30000 0 0 
40000000 2 1 0 40000 0 3000 0 0 0 18000 0 
39500000 1 1 0 0 5000 0 0 15000 0 24000 0 
39000000 2 1 0 0 5000 0 12000 0 0 12000 0 
38500000 3 1 0 10000 0 0 0 10500 48000 0 0 
38000000 2 1 0 0 20000 0 0 3000 60000 0 0 
37500000 2 2 0 15000 0 15000 0 0 48000 0 0 
37000000 3 1 0 0 10000 0 0 6000 0 0 36000 
36500000 3 2 25000 0 0 0 7500 0 0 36000 0 
36000000 2 1 0 0 20000 0 12000 0 0 36000 0 
35500000 1 1 15000 0 0 13500 0 0 0 54000 0 
