100
250000
23  14  11  14  11  7  9  7  4 
5000 1   2  0  10000  0  0  45000  0  18000  0  0  
4975 1   2  50000  0  0  0  30000  0  18000  0  0  
4950 3   2  35000  0  0  0  0  30000  0  24000  0  
4925 2   1  0  0  30000  0  30000  0  0  0  36000  
4900 2   2  40000  0  0  0  30000  0  0  0  54000  
4875 1   1  25000  0  0  45000  0  0  0  0  6000  
4850 1   2  30000  0  0  45000  0  0  0  30000  0  
4825 2   1  0  5000  0  0  30000  0  0  0  12000  
4800 1   2  0  20000  0  0  15000  0  6000  0  0  
4775 2   2  40000  0  0  60000  0  0  0  0  36000  
4750 2   2  0  45000  0  0  30000  0  0  18000  0  
4725 2   1  0  15000  0  0  60000  0  18000  0  0  
4700 2   1  0  20000  0  0  45000  0  0  0  30000  
4675 3   1  0  0  40000  60000  0  0  0  24000  0  
4650 2   1  0  0  10000  0  0  45000  18000  0  0  
4625 2   2  0  20000  0  0  60000  0  0  12000  0  
4600 2   1  0  40000  0  60000  0  0  48000  0  0  
4575 3   1  0  0  20000  0  45000  0  0  24000  0  
4550 1   1  0  25000  0  0  45000  0  60000  0  0  
4525 1   1  35000  0  0  0  15000  0  36000  0  0  
4500 2   2  0  5000  0  0  0  60000  0  18000  0  
4475 2   2  10000  0  0  45000  0  0  0  0  12000  
4450 3   1  50000  0  0  0  60000  0  18000  0  0  
4425 3   1  0  0  40000  0  0  15000  0  0  36000  
4400 1   1  0  45000  0  30000  0  0  0  30000  0  
4375 3   2  0  0  25000  0  0  30000  42000  0  0  
4350 1   2  0  10000  0  60000  0  0  0  0  48000  
4325 3   2  0  15000  0  15000  0  0  6000  0  0  
4300 1   2  40000  0  0  0  0  60000 12000  0  0  
4275 3   2  0  0  5000  45000  0  0  48000  0  0  
4250 3   1  0  5000  0  0  0  45000  0  0  60000  
4225 1   2  25000  0  0  60000  0  0  36000  0  0  
4200 3   2  0  0  15000  0  0  60000  0  0  30000  
4175 3   2  0  45000  0  45000  0  0  0  0  30000  
4150 1   1  0  0  25000  45000  0  0  60000  0  0  
4125 2   1  0  0  30000  0  0  15000  0  24000  0  
4100 3   1  35000  0  0  0  0  60000  42000  0  0  
4075 2   1  0  20000  0  0  60000  0  0  0  48000  
4050 2   2  35000  0  0  15000  0  0  0  60000  0  
4025 1   1  35000  0  0  0  0  60000  0  0  12000  
4000 2   2  0  0  35000  0  0  45000  12000  0  0  
3975 2   2  0  0  15000  0  45000  0  0  24000  0  
3950 2   1  0  0  30000  0  0  30000  0  0  12000  
3925 3   2  0  0  45000  0  0  60000 12000  0  0  
3900 1   2  50000  0  0  0  15000  0  60000  0  0  
3875 2   2  0  50000  0  0  45000  0  0  0  60000  
3850 2   2  10000  0  0  30000  0  0  0  42000  0  
3825 2   1  0  0  35000  0  0  30000  0  54000  0  
3800 2   2  0  0  20000  0  0  30000  0  42000  0  
3775 2   2  0  0  25000  0  30000  0  18000  0  0  
3750 3   2  50000  0  0  0  60000  0  0  0  24000  
3725 2   2  0  0  50000  0  45000  0  54000  0  0  
3700 1   1  50000  0  0  60000  0  0  0  0  30000  
3675 3   1  0  45000  0  0  0  60000 30000  0  0  
3650 1   1  0  20000  0  45000  0  0  0  0  24000  
3625 2   2  10000  0  0  0  30000  0  6000  0  0  
3600 1   2  0  0  30000 30000  0  0  0  36000  0  
3575 2   2  0  25000  0  15000  0  0  12000  0  0  
3550 3   2  0  35000  0  0  0  60000  60000  0  0  
3525 3   2  0  0  10000  45000  0  0  0  0  54000  
3500 2   2  0  20000  0  0  30000  0  24000  0  0  
3475 2   2  0  0  5000  0  15000  0  0  48000  0  
3450 3   2  0  45000  0  0  0  30000  0  0  12000  
3425 3   1  0  45000  0  0  0  60000 12000  0  0  
3400 1   1  25000  0  0  60000  0  0  0  0  18000  
3375 1   2  0  30000  0  0  15000  0  24000  0  0  
3350 2   1  0  0  15000  45000  0  0  0  0  18000  
3325 1   2  25000  0  0  15000  0  0  12000  0  0  
3300 1   2  15000  0  0  0  60000  0  0  0  36000  
3275 1   1  0  0  5000  30000  0  0  0  0  6000  
3250 3   1  0  10000  0  0  0  15000  0  0  60000  
3225 1   2  0  50000  0  0  45000  0  30000  0  0  
3200 1   2  0  0  15000  0  0  45000  12000  0  0  
3175 2   2  0  0  40000  0  0  45000  0  30000  0  
3150 1   1  0  0  30000  0  0  30000  0  42000  0  
3125 3   1  0  0  30000  0  0  45000  42000  0  0  
3100 2   2  0  35000  0  15000  0  0  0  0  18000  
3075 2   2  0  45000  0  60000  0  0  0  42000  0  
3050 1   1  0  50000  0  0  0  45000  0  0  42000  
3025 1   1  0  0  15000  0  0  15000  12000  0  0  
3000 3   2  0  0  30000  0  45000  0  60000  0  0  
2975 3   2  30000  0  0  0  45000  0  0  0  36000  
2950 3   2  0  0  25000  0  15000  0  18000  0  0  
2925 3   1  0  0  35000  0  30000  0  0  0  36000  
2900 1   2  0  0  5000  0  15000  0  60000  0  0  
2875 2   2  0  0  25000  0  60000  0  0  42000  0  
2850 2   2  0  0  25000  0  45000  0  0  42000  0  
2825 3   1  0  10000  0  0  0  15000  36000  0  0  
2800 3   2  10000  0  0  60000  0  0  0  18000  0  
2775 3   2  0  0  35000  45000  0  0  0  36000  0  
2750 2   2  0  0  35000  0  0  45000  30000  0  0  
2725 3   2  0  5000  0  0  45000  0  0  6000  0  
2700 1   2  0  0  20000  0  45000  0  24000  0  0  
2675 3   2  25000  0  0  15000  0  0  36000  0  0  
2650 2   2  0  40000  0  15000  0  0  42000  0  0  
2625 1   1  0  0  25000  0  45000  0  0  0  60000  
2600 2   2  20000  0  0  0  0  45000  0  18000  0  
2575 3   2  15000  0  0  45000  0  0  54000  0  0  
2550 3   1  0  0  50000  0  0  45000  0  0  48000  
2525 1   1  0  0  20000 15000  0  0  0  54000  0  
