#search;maxiter
2.644620656967163
[[34.09851449 40.8        38.21762319 37.35      ]
 [33.85       41.2        38.05       37.45      ]
 [33.9        41.25       40.1        37.05      ]
 [34.71968315 40.46819344 39.33147078 37.29404584]
 [33.50190578 41.25381156 38.         37.51076231]
 [32.99233006 39.         38.7777281  37.35      ]
 [33.95       40.5        38.65       36.8       ]
 [32.93026934 41.53181202 37.55248444 36.64647107]
 [32.73966379 41.47932758 38.         37.20586552]
 [34.65663269 40.83759087 39.31638955 36.75663269]
 [33.10885664 41.3        37.10442832 35.75      ]
 [35.35       39.5        38.46143259 35.40829214]
 [34.35       41.05       38.55       37.15      ]
 [33.98510901 41.22554503 38.28510901 37.07554503]
 [34.         41.95       37.05       38.5       ]
 [32.91191705 41.36834063 37.53901305 36.91149867]
 [33.7        41.24657258 38.55       37.45410786]]
budget;1854.00;1812.88;1849.82;1803.62;1808.36;1842.09;1836.40;1727.68;1737.82;1791.08;1759.89;1853.45;1821.04;1794.70;1853.98;1735.64;1831.26
size;113;128;116;128;128;128;124;128;128;128;128;109;128;128;114;128;128
w;1
#search;maxiter
5.409184217453003
[[33.85       41.2        38.05       37.45      ]
 [34.71968315 40.46819344 39.33147078 37.29404584]
 [33.10885664 41.3        37.10442832 35.75      ]
 [34.35       41.05       38.55       37.15      ]
 [33.98510901 41.22554503 38.28510901 37.07554503]
 [34.         41.95       37.05       38.5       ]
 [32.99233006 39.         38.7777281  37.35      ]
 [33.95       40.5        38.65       36.8       ]
 [32.93026934 41.53181202 37.55248444 36.64647107]
 [35.35       39.5        38.46143259 35.40829214]
 [34.80754575 40.76392103 39.14640134 35.09789965]
 [33.7        41.24657258 38.55       37.45410786]
 [34.09851449 40.8        38.21762319 37.35      ]
 [33.9        41.25       40.1        37.05      ]
 [34.65663269 40.83759087 39.31638955 36.75663269]
 [32.91191705 41.36834063 37.53901305 36.91149867]
 [35.11488373 40.05081467 38.53316534 35.99193219]
 [33.50190578 41.25381156 38.         37.51076231]
 [32.73966379 41.47932758 38.         37.20586552]]
budget;1812.88;1803.62;1759.89;1821.04;1794.70;1853.98;1842.09;1836.40;1727.68;1853.45;1839.73;1831.26;1854.00;1849.82;1791.08;1735.64;1852.80;1808.36;1737.82
size;128;128;128;128;128;114;128;124;128;109;109;128;113;116;128;128;111;128;128
w;2
#clust;conv1;size20;goal10
#search;maxiter
7.703988552093506
[[31.87110957 41.80500452 35.30500452 38.39186559]
 [34.09851449 40.8        38.21762319 37.35      ]
 [32.73966379 41.47932758 38.         37.20586552]
 [34.74681743 39.08061121 35.86075016 36.14816332]
 [35.11488373 40.05081467 38.53316534 35.99193219]
 [32.85       39.95       35.5        38.5       ]
 [33.50190578 41.25381156 38.         37.51076231]
 [32.99233006 39.         38.7777281  37.35      ]
 [34.65663269 40.83759087 39.31638955 36.75663269]
 [33.10885664 41.3        37.10442832 35.75      ]
 [33.95       40.5        38.65       36.8       ]
 [31.96986688 41.03174577 35.5610071  38.11742368]
 [34.92486868 39.15731657 36.29973736 36.02223778]
 [32.19060555 41.10248444 35.70248444 37.99060555]
 [31.69060555 41.40248444 35.40248444 38.49060555]
 [34.80754575 40.76392103 39.14640134 35.09789965]]
budget;1852.83;1854.00;1737.82;1843.60;1852.80;1853.11;1808.36;1842.09;1791.08;1759.89;1836.40;1852.89;1845.96;1849.83;1852.79;1839.73
size;96;113;128;99;111;98;128;128;128;128;124;98;96;100;100;109
#clust;conv2;size20;goal10
#search;maxiter
w;4
#search;maxiter
12.25351595878601
[[36.55       42.         39.25       38.35      ]
 [35.14684344 44.24684344 37.84368688 38.3949495 ]
 [35.3743009  43.51944072 38.98715045 38.46944072]
 [35.45163174 43.15810614 39.34901512 38.38490689]
 [37.25041285 42.92520643 38.95407523 39.14972002]
 [35.2        43.6718355  39.00917751 37.6718355 ]
 [37.72044943 41.54237271 39.36426    38.87044943]
 [36.28502072 42.29251036 39.05700414 39.37801658]
 [35.86581941 43.16712862 38.58575418 39.22251322]
 [36.87804811 43.37827211 38.43575418 39.45308496]
 [35.69684344 44.04684344 38.34368688 38.9949495 ]
 [37.09928992 42.97464496 38.79416951 38.91949543]
 [35.00062996 44.36577603 38.36261947 38.2544158 ]]
budget;1851.45;1853.46;1852.76;1853.01;1851.39;1854.07;1853.29;1852.03;1851.66;1853.51;1840.52;1846.38;1854.01
size;116;116;114;115;124;116;117;122;123;123;117;123;117
#search;maxiter
#search;maxiter
#search;maxiter
w;8
#search;maxiter
20.01911687850952
[[37.97149945 43.85277407 42.67875004 39.45277407]
 [37.48455618 41.91552445 38.44011956 40.17354217]
 [37.72149945 44.25277407 42.67875004 39.70277407]
 [37.69917812 42.30415411 39.31363684 40.08969539]
 [37.48193363 43.98299116 42.13918423 39.90486091]
 [37.82149945 44.10277407 42.37875004 39.70277407]
 [37.62149945 44.10277407 41.87875004 39.85277407]
 [37.89061015 41.55889011 38.51071595 39.91630158]
 [35.00062996 44.36577603 38.36261947 38.2544158 ]]
budget;1847.47;1845.24;1844.79;1849.60;1842.42;1848.73;1840.79;1850.96;1854.01
size;120;112;121;111;121;121;120;112;117
#added;1
#search;maxiter
#added;1
#search;maxiter
#added;1
#search;maxiter
#added;1
#search;maxiter
#added;1
#search;maxiter
#added;1
#search;maxiter
#added;1
#search;maxiter
w;16
#added;1
#search;maxiter
26.859555959701538
[[37.97149945 43.85277407 42.67875004 39.45277407]
 [37.48455618 41.91552445 38.44011956 40.17354217]
 [37.72149945 44.25277407 42.67875004 39.70277407]
 [37.69917812 42.30415411 39.31363684 40.08969539]
 [37.48193363 43.98299116 42.13918423 39.90486091]
 [37.82149945 44.10277407 42.37875004 39.70277407]
 [37.62149945 44.10277407 41.87875004 39.85277407]
 [37.89061015 41.55889011 38.51071595 39.91630158]
 [35.00062996 44.36577603 38.36261947 38.2544158 ]]
budget;1847.47;1845.24;1844.79;1849.60;1842.42;1848.73;1840.79;1850.96;1854.01
size;120;112;121;111;121;121;120;112;117
#added;1
#search;maxiter
#added;1
#search;maxiter
#search;maxiter
#search;maxiter
#search;maxiter
#search;maxiter
#search;maxiter
#search;maxiter
#search;maxiter
#search;maxiter
#search;maxiter
#search;maxiter
#search;maxiter
#search;maxiter
#search;maxiter
w;32
#search;maxiter
44.41313123703003
[[37.97149945 43.85277407 42.67875004 39.45277407]
 [37.77149945 43.20277407 42.12875004 40.75277407]
 [37.72149945 44.25277407 42.67875004 39.70277407]
 [38.02149945 43.05277407 41.82875004 40.50277407]
 [37.48193363 43.98299116 42.13918423 39.90486091]
 [37.77875004 42.81437502 41.72875004 40.51437502]
 [37.82149945 44.10277407 42.37875004 39.70277407]
 [36.1        44.4        40.1        39.9       ]
 [37.73099305 43.22176128 41.38824364 40.08657151]
 [37.62149945 44.10277407 41.87875004 39.85277407]
 [35.40378652 44.56893259 39.96893259 38.1094663 ]]
budget;1847.47;1814.16;1844.79;1816.01;1842.42;1808.75;1848.73;1852.42;1809.42;1840.79;1853.87
size;120;123;121;123;121;122;121;127;121;120;125
#search;maxiter
#search;maxiter
#search;maxiter
#search;maxiter
#search;maxiter
#shake;stall
usage;shake;swapRandom=7
usage;shake;swapQuarter=9
usage;shake;swapThird=7
usage;shake;swapHalf=8
usage;shake;swapGroup=6
usage;shake;incrMin=5
usage;shake;incrMax=5
usage;shake;incrRnd=4
usage;shake;rndMin=7
usage;shake;rndMax=6
usage;shake;rndRnd=2
usage;shake;liftIncr=4
usage;shake;liftRnd=4
usage;search;swapOne=17
usage;search;inclRndMin=25
usage;search;inclRndMax=13
usage;search;inclRndRnd=10
usage;search;inclLowMin=13
usage;search;inclLowMax=12
usage;search;inclLowRnd=20
usage;search;inclHighMin=1
usage;search;inclHighMax=15
usage;search;inclHighRnd=22
usage;search;fundAtMin=21
usage;search;fundAtMax=15
usage;search;fundAtRnd=17
usage;search;exclRnd=8
usage;search;exclLow=13
usage;search;exclHigh=24
usage;search;inflGrMin=16
usage;search;inflGrMax=18
usage;search;inflGrRnd=19
usage;search;deflGrMin=18
usage;search;deflGrMax=9
usage;search;deflGrRnd=13
usage;search;exchGrMin=9
usage;search;exchGrMax=15
usage;search;exchGrRnd=17
usage;search;incrMin=43
usage;search;incrMax=64
usage;search;incrRnd=47
usage;search;rndMin=47
usage;search;rndMax=59
usage;search;rndRnd=49
usage;search;liftIncr=22
usage;search;liftRnd=49
end;49.704/512;36/64;18/18
electre;3.0;[[37.97149945 43.85277407 42.67875004 39.45277407]];1847.4721393815046;120
electre;-2.0;[[37.77149945 43.20277407 42.12875004 40.75277407]];1814.1621393815042;123
electre;-8.0;[[37.72149945 44.25277407 42.67875004 39.70277407]];1844.7921393815047;121
electre;3.0;[[38.02149945 43.05277407 41.82875004 40.50277407]];1816.012139381504;123
electre;-4.0;[[37.48193363 43.98299116 42.13918423 39.90486091]];1842.4197040165245;121
electre;5.0;[[37.77875004 42.81437502 41.72875004 40.51437502]];1808.7505277021812;122
electre;-6.0;[[37.82149945 44.10277407 42.37875004 39.70277407]];1848.7321393815046;121
electre;0.0;[[36.1 44.4 40.1 39.9]];1852.4200000000008;127
electre;8.0;[[37.73099305 43.22176128 41.38824364 40.08657151]];1809.4159238025316;121
electre;-4.0;[[37.62149945 44.10277407 41.87875004 39.85277407]];1840.7921393815047;120
electre;5.0;[[35.40378652 44.56893259 39.96893259 38.1094663 ]];1853.8686646473616;125
