#search;maxiter
15.56019139289856
[[150.24950744 160.7        156.19901489 152.74901489]
 [151.         159.45       159.1        157.25      ]
 [149.5        162.2        155.3        155.        ]
 [152.77671611 157.55797756 152.69547517 151.52218342]
 [152.5        158.2        154.05       154.8       ]
 [150.46976279 160.42169615 157.15130571 154.67269441]
 [150.55842686 160.62363709 157.02147752 155.35332277]
 [150.11684923 161.54225978 155.09284561 155.27200796]
 [149.5        162.35       154.9        155.        ]
 [150.00562804 161.38798053 155.38983504 154.78253355]
 [152.3        160.15       155.8        156.45      ]
 [151.6820674  159.85399926 158.98671554 157.61392253]
 [153.         157.95       152.42418325 150.77418325]
 [149.44437456 161.31441326 155.39093447 154.97087505]
 [151.         160.6        156.35       156.05      ]
 [151.6        159.95       159.65       157.05      ]
 [149.9158118  161.24463344 155.41982792 154.86991416]
 [149.8        161.8        155.3        154.7       ]
 [152.75       158.35       152.17418325 150.67418325]]
budget;7591.75;7594.22;7580.71;7581.68;7589.84;7573.50;7591.65;7552.35;7584.57;7534.99;7594.79;7580.60;7582.68;7507.13;7594.89;7587.99;7527.88;7584.16;7587.16
size;499;509;511;507;510;512;512;512;511;512;500;512;505;512;500;510;512;511;505
w;1
#search;maxiter
29.252686500549316
[[150.24950744 160.7        156.19901489 152.74901489]
 [151.         159.45       159.1        157.25      ]
 [149.5        162.2        155.3        155.        ]
 [152.77671611 157.55797756 152.69547517 151.52218342]
 [152.5        158.2        154.05       154.8       ]
 [150.46976279 160.42169615 157.15130571 154.67269441]
 [150.55842686 160.62363709 157.02147752 155.35332277]
 [150.11684923 161.54225978 155.09284561 155.27200796]
 [149.5        162.35       154.9        155.        ]
 [150.00562804 161.38798053 155.38983504 154.78253355]
 [152.3        160.15       155.8        156.45      ]
 [151.6820674  159.85399926 158.98671554 157.61392253]
 [153.         157.95       152.42418325 150.77418325]
 [149.44437456 161.31441326 155.39093447 154.97087505]
 [151.         160.6        156.35       156.05      ]
 [151.6        159.95       159.65       157.05      ]
 [149.9158118  161.24463344 155.41982792 154.86991416]
 [149.8        161.8        155.3        154.7       ]
 [152.75       158.35       152.17418325 150.67418325]]
budget;7591.75;7594.22;7580.71;7581.68;7589.84;7573.50;7591.65;7552.35;7584.57;7534.99;7594.79;7580.60;7582.68;7507.13;7594.89;7587.99;7527.88;7584.16;7587.16
size;499;509;511;507;510;512;512;512;511;512;500;512;505;512;500;510;512;511;505
w;2
#search;maxiter
42.039669036865234
[[150.24950744 160.7        156.19901489 152.74901489]
 [151.         159.45       159.1        157.25      ]
 [149.5        162.2        155.3        155.        ]
 [152.77671611 157.55797756 152.69547517 151.52218342]
 [152.5        158.2        154.05       154.8       ]
 [150.46976279 160.42169615 157.15130571 154.67269441]
 [150.55842686 160.62363709 157.02147752 155.35332277]
 [150.11684923 161.54225978 155.09284561 155.27200796]
 [149.5        162.35       154.9        155.        ]
 [150.00562804 161.38798053 155.38983504 154.78253355]
 [152.3        160.15       155.8        156.45      ]
 [151.6820674  159.85399926 158.98671554 157.61392253]
 [153.         157.95       152.42418325 150.77418325]
 [149.44437456 161.31441326 155.39093447 154.97087505]
 [151.         160.6        156.35       156.05      ]
 [151.6        159.95       159.65       157.05      ]
 [149.9158118  161.24463344 155.41982792 154.86991416]
 [149.8        161.8        155.3        154.7       ]
 [152.75       158.35       152.17418325 150.67418325]]
budget;7591.75;7594.22;7580.71;7581.68;7589.84;7573.50;7591.65;7552.35;7584.57;7534.99;7594.79;7580.60;7582.68;7507.13;7594.89;7587.99;7527.88;7584.16;7587.16
size;499;509;511;507;510;512;512;512;511;512;500;512;505;512;500;510;512;511;505
#search;maxiter
w;4
#search;maxiter
67.42354083061218
[[150.24950744 160.7        156.19901489 152.74901489]
 [151.         159.45       159.1        157.25      ]
 [149.5        162.2        155.3        155.        ]
 [152.77671611 157.55797756 152.69547517 151.52218342]
 [152.5        158.2        154.05       154.8       ]
 [150.46976279 160.42169615 157.15130571 154.67269441]
 [150.55842686 160.62363709 157.02147752 155.35332277]
 [150.11684923 161.54225978 155.09284561 155.27200796]
 [149.5        162.35       154.9        155.        ]
 [150.00562804 161.38798053 155.38983504 154.78253355]
 [152.3        160.15       155.8        156.45      ]
 [151.6820674  159.85399926 158.98671554 157.61392253]
 [153.         157.95       152.42418325 150.77418325]
 [149.44437456 161.31441326 155.39093447 154.97087505]
 [151.         160.6        156.35       156.05      ]
 [151.6        159.95       159.65       157.05      ]
 [149.9158118  161.24463344 155.41982792 154.86991416]
 [149.8        161.8        155.3        154.7       ]
 [152.75       158.35       152.17418325 150.67418325]]
budget;7591.75;7594.22;7580.71;7581.68;7589.84;7573.50;7591.65;7552.35;7584.57;7534.99;7594.79;7580.60;7582.68;7507.13;7594.89;7587.99;7527.88;7584.16;7587.16
size;499;509;511;507;510;512;512;512;511;512;500;512;505;512;500;510;512;511;505
#search;maxiter
#search;maxiter
#search;maxiter
w;8
#search;maxiter
120.63046908378601
[[150.24950744 160.7        156.19901489 152.74901489]
 [151.         159.45       159.1        157.25      ]
 [149.5        162.2        155.3        155.        ]
 [152.77671611 157.55797756 152.69547517 151.52218342]
 [152.5        158.2        154.05       154.8       ]
 [150.46976279 160.42169615 157.15130571 154.67269441]
 [150.55842686 160.62363709 157.02147752 155.35332277]
 [150.11684923 161.54225978 155.09284561 155.27200796]
 [149.5        162.35       154.9        155.        ]
 [150.00562804 161.38798053 155.38983504 154.78253355]
 [152.3        160.15       155.8        156.45      ]
 [151.6820674  159.85399926 158.98671554 157.61392253]
 [153.         157.95       152.42418325 150.77418325]
 [149.44437456 161.31441326 155.39093447 154.97087505]
 [151.         160.6        156.35       156.05      ]
 [151.6        159.95       159.65       157.05      ]
 [149.9158118  161.24463344 155.41982792 154.86991416]
 [149.8        161.8        155.3        154.7       ]
 [152.75       158.35       152.17418325 150.67418325]]
budget;7591.75;7594.22;7580.71;7581.68;7589.84;7573.50;7591.65;7552.35;7584.57;7534.99;7594.79;7580.60;7582.68;7507.13;7594.89;7587.99;7527.88;7584.16;7587.16
size;499;509;511;507;510;512;512;512;511;512;500;512;505;512;500;510;512;511;505
#search;maxiter
#search;maxiter
#search;maxiter
#search;maxiter
#search;maxiter
#search;maxiter
#search;maxiter
w;16
#search;maxiter
224.76731729507446
[[150.24950744 160.7        156.19901489 152.74901489]
 [151.         159.45       159.1        157.25      ]
 [149.5        162.2        155.3        155.        ]
 [152.77671611 157.55797756 152.69547517 151.52218342]
 [152.5        158.2        154.05       154.8       ]
 [150.46976279 160.42169615 157.15130571 154.67269441]
 [150.55842686 160.62363709 157.02147752 155.35332277]
 [150.11684923 161.54225978 155.09284561 155.27200796]
 [149.5        162.35       154.9        155.        ]
 [150.00562804 161.38798053 155.38983504 154.78253355]
 [152.3        160.15       155.8        156.45      ]
 [151.6820674  159.85399926 158.98671554 157.61392253]
 [153.         157.95       152.42418325 150.77418325]
 [149.44437456 161.31441326 155.39093447 154.97087505]
 [151.         160.6        156.35       156.05      ]
 [151.6        159.95       159.65       157.05      ]
 [149.9158118  161.24463344 155.41982792 154.86991416]
 [149.8        161.8        155.3        154.7       ]
 [152.75       158.35       152.17418325 150.67418325]]
budget;7591.75;7594.22;7580.71;7581.68;7589.84;7573.50;7591.65;7552.35;7584.57;7534.99;7594.79;7580.60;7582.68;7507.13;7594.89;7587.99;7527.88;7584.16;7587.16
size;499;509;511;507;510;512;512;512;511;512;500;512;505;512;500;510;512;511;505
#search;maxiter
#search;maxiter
#search;maxiter
#search;maxiter
#search;maxiter
#search;maxiter
#search;maxiter
#search;maxiter
#search;maxiter
#shake;stall
usage;shake;swapRandom=7
usage;shake;swapQuarter=10
usage;shake;swapThird=3
usage;shake;swapHalf=2
usage;shake;swapGroup=3
usage;shake;incrMin=4
usage;shake;incrMax=2
usage;shake;incrRnd=2
usage;shake;rndMin=3
usage;shake;rndMax=3
usage;shake;rndRnd=2
usage;shake;liftIncr=4
usage;shake;liftRnd=5
usage;search;swapOne=13
usage;search;inclRndMin=18
usage;search;inclRndMax=8
usage;search;inclRndRnd=11
usage;search;inclLowMin=9
usage;search;inclLowMax=9
usage;search;inclLowRnd=7
usage;search;inclHighMin=9
usage;search;inclHighMax=9
usage;search;inclHighRnd=19
usage;search;fundAtMin=6
usage;search;fundAtMax=9
usage;search;fundAtRnd=18
usage;search;exclRnd=10
usage;search;exclLow=12
usage;search;exclHigh=13
usage;search;inflGrMin=6
usage;search;inflGrMax=10
usage;search;inflGrRnd=9
usage;search;deflGrMin=11
usage;search;deflGrMax=8
usage;search;deflGrRnd=9
usage;search;exchGrMin=15
usage;search;exchGrMax=1
usage;search;exchGrRnd=11
usage;search;incrMin=30
usage;search;incrMax=36
usage;search;incrRnd=33
usage;search;rndMin=30
usage;search;rndMax=32
usage;search;rndRnd=41
usage;search;liftIncr=40
usage;search;liftRnd=18
end;339.709/2048;24/64;18/18
electre;2.0;[[150.24950744 160.7        156.19901489 152.74901489]];7591.754736444546;499
electre;-14.0;[[151.   159.45 159.1  157.25]];7594.220000000006;509
electre;9.0;[[149.5 162.2 155.3 155. ]];7580.710000000002;511
electre;7.0;[[152.77671611 157.55797756 152.69547517 151.52218342]];7581.678677001548;507
electre;3.0;[[152.5  158.2  154.05 154.8 ]];7589.839999999991;510
electre;-5.0;[[150.46976279 160.42169615 157.15130571 154.67269441]];7573.501981939414;512
electre;-8.0;[[150.55842686 160.62363709 157.02147752 155.35332277]];7591.6510755968475;512
electre;0.0;[[150.11684923 161.54225978 155.09284561 155.27200796]];7552.353697983283;512
electre;11.0;[[149.5  162.35 154.9  155.  ]];7584.570000000002;511
electre;9.0;[[150.00562804 161.38798053 155.38983504 154.78253355]];7534.9934189886;512
electre;-12.0;[[152.3  160.15 155.8  156.45]];7594.790000000005;500
electre;-18.0;[[151.6820674  159.85399926 158.98671554 157.61392253]];7580.599955207742;512
electre;8.0;[[153.         157.95       152.42418325 150.77418325]];7582.682962365225;505
electre;9.0;[[149.44437456 161.31441326 155.39093447 154.97087505]];7507.131202330884;512
electre;-10.0;[[151.   160.6  156.35 156.05]];7594.890000000004;500
electre;-16.0;[[151.6  159.95 159.65 157.05]];7587.990000000005;510
electre;3.0;[[149.9158118  161.24463344 155.41982792 154.86991416]];7527.88362675572;512
electre;11.0;[[149.8 161.8 155.3 154.7]];7584.160000000003;511
electre;11.0;[[152.75       158.35       152.17418325 150.67418325]];7587.162962365225;505
