#clust;conv1;size20;goal10
#search;maxiter
3.5917863845825195
[[34.25       40.85       38.7        37.7       ]
 [35.75       38.35       38.25       37.85      ]
 [33.71543078 40.48617231 38.83086157 41.03086157]
 [32.25       41.1        39.4        40.35      ]
 [34.8        40.4        39.5        38.25      ]
 [32.8        40.3        39.45       38.6       ]
 [34.7        39.7        39.1        39.1       ]
 [34.35       38.6        38.35       39.85      ]
 [35.35       39.4        38.7        39.05      ]
 [34.4        38.1        37.8        39.9       ]
 [35.6        42.2        42.         37.6       ]
 [35.5        40.25       38.5        38.45      ]
 [35.9        38.1        37.2        40.15      ]
 [35.         39.55       37.65       38.55      ]]
budget;1994.52;1993.96;1994.06;1990.56;1989.96;1993.91;1993.93;1994.79;1995.76;1995.03;1992.98;1992.74;1992.48;1994.06
size;122;125;124;125;124;123;124;123;125;123;125;124;121;125
w;1
#search;maxiter
5.263808965682983
[[34.25       40.85       38.7        37.7       ]
 [35.75       38.35       38.25       37.85      ]
 [33.71543078 40.48617231 38.83086157 41.03086157]
 [32.25       41.1        39.4        40.35      ]
 [34.8        40.4        39.5        38.25      ]
 [32.8        40.3        39.45       38.6       ]
 [34.7        39.7        39.1        39.1       ]
 [34.35       38.6        38.35       39.85      ]
 [35.35       39.4        38.7        39.05      ]
 [34.4        38.1        37.8        39.9       ]
 [35.6        42.2        42.         37.6       ]
 [35.5        40.25       38.5        38.45      ]
 [35.9        38.1        37.2        40.15      ]
 [35.         39.55       37.65       38.55      ]]
budget;1994.52;1993.96;1994.06;1990.56;1989.96;1993.91;1993.93;1994.79;1995.76;1995.03;1992.98;1992.74;1992.48;1994.06
size;122;125;124;125;124;123;124;123;125;123;125;124;121;125
w;2
#search;maxiter
7.835354804992676
[[33.2        39.8        38.9        39.25      ]
 [35.65       40.85       38.8        38.7       ]
 [33.71543078 40.48617231 38.83086157 41.03086157]
 [32.25       41.1        39.4        40.35      ]
 [34.8        40.4        39.5        38.25      ]
 [35.85785024 41.20785024 38.52892512 38.2       ]
 [33.39518996 40.05615197 38.84518996 38.75      ]
 [35.7        38.05       38.4        38.25      ]
 [32.8        40.3        39.45       38.6       ]
 [34.7        39.7        39.1        39.1       ]
 [34.35       38.6        38.35       39.85      ]
 [35.35       39.4        38.7        39.05      ]
 [34.4        38.1        37.8        39.9       ]
 [35.6        42.2        42.         37.6       ]
 [35.54971018 41.48953629 38.7        38.45      ]
 [33.97275215 39.77275215 39.02820172 39.07275215]
 [33.75       39.4        39.15       39.1       ]
 [35.9        38.1        37.2        40.15      ]]
budget;1896.22;1922.02;1994.06;1990.56;1989.96;1907.90;1880.53;1946.32;1993.91;1993.93;1994.79;1995.76;1995.03;1992.98;1927.62;1870.83;1860.00;1992.48
size;128;125;124;125;124;125;128;127;123;124;123;125;123;125;126;128;128;121
#search;maxiter
w;4
#search;maxiter
13.059907913208008
[[35.65       40.85       38.8        38.7       ]
 [32.25       41.1        39.4        40.35      ]
 [33.71543078 40.48617231 38.83086157 41.03086157]
 [35.85785024 41.20785024 38.52892512 38.2       ]
 [34.8        40.4        39.5        38.25      ]
 [35.41135831 40.10567916 40.71135831 39.16908665]
 [35.7        38.05       38.4        38.25      ]
 [35.15       39.2        38.3        39.25      ]
 [32.8        40.3        39.45       38.6       ]
 [34.35       38.6        38.35       39.85      ]
 [34.76135831 40.15567916 39.01135831 39.26908665]
 [34.4        38.1        37.8        39.9       ]
 [35.6        42.2        42.         37.6       ]
 [35.54971018 41.48953629 38.7        38.45      ]
 [34.36135831 39.95567916 40.41135831 39.61908665]
 [35.9        38.1        37.2        40.15      ]
 [36.55       38.45       38.4        35.75      ]]
budget;1922.02;1990.56;1994.06;1907.90;1989.96;1987.38;1946.32;1995.88;1993.91;1994.79;1994.30;1995.03;1992.98;1927.62;1996.09;1992.48;1994.49
size;125;125;124;125;124;124;127;118;123;123;124;123;125;126;123;121;116
#search;maxiter
#search;maxiter
#search;maxiter
w;8
#search;maxiter
22.549021244049072
[[35.65       40.85       38.8        38.7       ]
 [35.85785024 41.20785024 38.52892512 38.2       ]
 [35.41135831 40.10567916 40.71135831 39.16908665]
 [35.6        42.2        42.         37.6       ]
 [35.15       39.2        38.3        39.25      ]
 [34.36135831 39.95567916 40.41135831 39.61908665]
 [36.55       38.45       38.4        35.75      ]
 [34.09390155 40.57259217 40.31992988 38.81448097]
 [33.71543078 40.48617231 38.83086157 41.03086157]
 [34.8        40.4        39.5        38.25      ]
 [35.7        38.05       38.4        38.25      ]
 [34.76135831 40.15567916 39.01135831 39.26908665]
 [32.25       41.1        39.4        40.35      ]
 [34.35       38.6        38.35       39.85      ]
 [35.92598328 39.26477158 36.80572367 37.36078692]
 [36.09226535 38.05       36.55       38.09226535]
 [34.4        38.1        37.8        39.9       ]
 [35.54971018 41.48953629 38.7        38.45      ]
 [35.9        38.1        37.2        40.15      ]]
budget;1922.02;1907.90;1987.38;1992.98;1995.88;1996.09;1994.49;1949.30;1994.06;1989.96;1946.32;1994.30;1990.56;1994.79;1976.68;1973.75;1995.03;1927.62;1992.48
size;125;125;124;125;118;123;116;111;124;124;127;124;125;123;105;109;123;126;121
#clust;conv1;size20;goal10
#search;maxiter
#search;maxiter
#clust;conv4;size21;goal10
#search;maxiter
#search;maxiter
#clust;conv2;size20;goal10
#search;maxiter
#search;maxiter
#search;maxiter
w;16
#clust;conv1;size20;goal10
#search;maxiter
43.51632857322693
[[35.95       43.05       39.3        39.7       ]
 [35.85       41.6        40.7        41.65      ]
 [36.2862185  42.47874294 39.41825416 39.88920665]
 [37.31866693 41.86986709 41.31986709 41.        ]
 [37.66866693 40.86986709 40.71986709 40.75      ]
 [36.16866693 40.26986709 41.36986709 40.7       ]
 [34.41585371 42.1510388  40.4010388  40.49459109]
 [36.2249471  41.14755521 39.31498942 41.00258695]
 [36.99971018 42.43953629 40.8        38.9       ]
 [34.99493252 42.71189204 39.66189204 38.5       ]]
budget;1992.14;1989.52;1993.44;1991.61;1993.06;1991.89;1996.32;1991.67;1988.91;1995.68
size;121;128;127;127;127;127;127;123;126;119
#clust;conv1;size20;goal10
#clust;conv2;size21;goal10
#search;maxiter
#clust;conv1;size20;goal10
#search;maxiter
#search;maxiter
#clust;conv2;size20;goal10
#search;maxiter
#search;maxiter
#search;maxiter
#search;maxiter
#clust;conv4;size20;goal10
#search;maxiter
#search;maxiter
#search;maxiter
#search;maxiter
#search;maxiter
#search;maxiter
#clust;conv1;size20;goal10
#search;maxiter
#search;maxiter
w;32
#clust;conv1;size20;goal10
#search;maxiter
82.08198571205139
[[35.5        40.35       39.9        42.35      ]
 [35.75       40.9        39.         41.95      ]
 [36.35573087 42.56910737 42.98139069 40.15590391]
 [36.35573087 42.76910737 43.33139069 40.10590391]
 [38.75478174 39.56382539 41.20478174 41.84095635]
 [37.15573087 42.91910737 41.98139069 41.55590391]
 [38.28099809 42.98675061 40.41585627 40.49893499]
 [37.7        43.55952626 41.9        39.60952626]
 [37.35573087 43.16910737 42.83139069 39.40590391]
 [36.95573087 42.82196152 43.37196152 39.85590391]
 [37.7        38.95       40.6        41.85      ]
 [36.35573087 42.97196152 43.27196152 40.00590391]
 [38.15       40.81935171 40.47211835 40.89297208]
 [35.25       39.05       35.5        43.35      ]]
budget;1996.00;1989.72;1995.51;1996.21;1995.23;1993.65;1995.20;1993.65;1991.80;1993.12;1992.14;1996.42;1995.89;1990.12
size;127;125;126;125;117;124;124;127;126;125;116;125;125;110
#clust;conv3;size20;goal10
#search;maxiter
#search;maxiter
#search;maxiter
#clust;conv2;size20;goal10
#search;maxiter
#search;maxiter
#added;1
#search;maxiter
#added;1
#search;maxiter
#search;maxiter
#clust;conv1;size20;goal10
#search;maxiter
#search;maxiter
#search;maxiter
#clust;conv2;size21;goal10
#search;maxiter
#search;maxiter
#search;maxiter
#search;maxiter
#search;maxiter
#search;maxiter
#search;maxiter
#search;maxiter
#search;maxiter
#search;maxiter
#search;maxiter
#search;maxiter
#search;maxiter
#search;maxiter
#search;maxiter
#search;maxiter
#search;maxiter
#search;maxiter
#search;maxiter
#search;maxiter
w;64
#search;maxiter
164.810462474823
[[37.20013206 41.61005282 44.10026411 40.60026411]
 [36.99392304 44.02196152 42.67196152 41.8       ]
 [37.91672475 43.06756494 43.44476323 40.34560342]
 [35.3        41.8        40.15       42.75      ]
 [36.25       42.3        44.55       39.5       ]
 [39.05       41.95       41.55       41.5       ]
 [36.70573087 42.47196152 39.42196152 42.75590391]
 [37.75       43.25       43.5        39.35      ]
 [36.59392304 42.62196152 43.67196152 41.15      ]
 [38.2        43.1        42.1        42.1       ]
 [38.04392304 42.72196152 43.12196152 40.7       ]
 [37.16180783 43.25       41.15       41.55590391]
 [37.         42.55       43.85       41.        ]
 [39.2        42.8        42.2        41.45      ]
 [37.10573087 43.62196152 42.82196152 42.35590391]
 [38.3        42.85       42.3        42.05      ]
 [38.84392304 44.32196152 42.97196152 41.4       ]
 [36.75       41.         38.7        43.        ]
 [38.95       42.9        40.65       41.3       ]]
budget;1990.76;1995.15;1995.50;1994.71;1992.63;1995.90;1989.03;1991.52;1989.37;1995.09;1995.45;1993.02;1989.97;1994.38;1991.62;1994.68;1995.78;1993.34;1991.37
size;127;127;126;127;127;127;127;126;128;127;127;128;127;128;127;127;126;124;127
#shake;stall
usage;shake;swapRandom=8
usage;shake;swapQuarter=23
usage;shake;swapThird=18
usage;shake;swapHalf=8
usage;shake;swapGroup=7
usage;shake;incrMin=12
usage;shake;incrMax=4
usage;shake;incrRnd=6
usage;shake;rndMin=23
usage;shake;rndMax=4
usage;shake;rndRnd=5
usage;shake;liftIncr=6
usage;shake;liftRnd=4
usage;search;swapOne=33
usage;search;inclRndMin=15
usage;search;inclRndMax=10
usage;search;inclRndRnd=32
usage;search;inclLowMin=15
usage;search;inclLowMax=17
usage;search;inclLowRnd=31
usage;search;inclHighMin=19
usage;search;inclHighMax=33
usage;search;inclHighRnd=12
usage;search;fundAtMin=16
usage;search;fundAtMax=14
usage;search;fundAtRnd=20
usage;search;exclRnd=29
usage;search;exclLow=1
usage;search;exclHigh=43
usage;search;inflGrMin=31
usage;search;inflGrMax=19
usage;search;inflGrRnd=41
usage;search;deflGrMin=57
usage;search;deflGrMax=11
usage;search;deflGrRnd=90
usage;search;exchGrMin=33
usage;search;exchGrMax=15
usage;search;exchGrRnd=13
usage;search;incrMin=46
usage;search;incrMax=55
usage;search;incrRnd=58
usage;search;rndMin=53
usage;search;rndMax=90
usage;search;rndRnd=54
usage;search;liftIncr=76
usage;search;liftRnd=218
end;164.817/512;63/64;18/18
electre;-7.0;[[37.20013206 41.61005282 44.10026411 40.60026411]];1990.756774398481;127
electre;-3.0;[[36.99392304 44.02196152 42.67196152 41.8       ]];1995.1469563891199;127
electre;-7.0;[[37.91672475 43.06756494 43.44476323 40.34560342]];1995.4981644192596;126
electre;14.0;[[35.3  41.8  40.15 42.75]];1994.7100000000007;127
electre;1.0;[[36.25 42.3  44.55 39.5 ]];1992.6300000000003;127
electre;5.0;[[39.05 41.95 41.55 41.5 ]];1995.9;127
electre;12.0;[[36.70573087 42.47196152 39.42196152 42.75590391]];1989.028304182601;127
electre;-4.0;[[37.75 43.25 43.5  39.35]];1991.5199999999998;126
electre;-2.0;[[36.59392304 42.62196152 43.67196152 41.15      ]];1989.3669563891206;128
electre;-1.0;[[38.2 43.1 42.1 42.1]];1995.0899999999995;127
electre;0.0;[[38.04392304 42.72196152 43.12196152 40.7       ]];1995.4469563891203;127
electre;7.0;[[37.16180783 43.25       41.15       41.55590391]];1993.0213477934803;128
electre;-7.0;[[37.   42.55 43.85 41.  ]];1989.9700000000007;127
electre;-2.0;[[39.2  42.8  42.2  41.45]];1994.3799999999992;128
electre;-8.0;[[37.10573087 43.62196152 42.82196152 42.35590391]];1991.6183041826002;127
electre;-4.0;[[38.3  42.85 42.3  42.05]];1994.6799999999996;127
electre;-17.0;[[38.84392304 44.32196152 42.97196152 41.4       ]];1995.776956389119;126
electre;16.0;[[36.75 41.   38.7  43.  ]];1993.3400000000001;124
electre;7.0;[[38.95 42.9  40.65 41.3 ]];1991.37;127
