#search;maxiter
6.625893831253052
[[76.12938415 73.69058133 77.37997005 73.34098082]
 [77.93996002 72.76070104 77.06162396 73.95163878]
 [75.60052888 76.6666352  77.34923311 75.38056845]
 [77.98009546 72.66416367 77.88009546 75.15665468]
 [74.85       76.85       77.35       75.9       ]
 [75.2        72.5        76.25       77.55      ]
 [77.78009546 72.86416367 77.58009546 73.65665468]
 [76.95082065 77.24069992 76.88301356 76.77429178]
 [75.60925374 74.13477545 75.89796449 77.53958511]
 [78.0582044  73.22870332 77.26789847 73.2074375 ]
 [74.85       76.75       77.1        76.45      ]
 [74.4139785  74.0048637  77.75310843 76.18894702]
 [77.69513446 75.92710927 75.92577906 72.62669707]
 [74.8520939  74.58547892 76.33318374 77.2871892 ]
 [78.67635927 73.8793337  77.24651805 73.80843631]
 [77.82350958 73.76105523 76.67886947 75.90115258]
 [77.28086563 74.68891668 76.65978467 76.47942713]
 [75.90204762 76.37799848 77.86891923 74.84105923]
 [73.72241044 71.02287057 79.078178   76.03379529]]
budget;3884.49;3877.10;3875.11;3887.55;3879.86;3881.13;3890.97;3888.63;3864.08;3865.72;3883.45;3883.27;3878.49;3859.57;3863.42;3878.52;3878.69;3872.79;3871.74
size;243;246;242;237;242;240;236;243;247;242;242;247;237;250;245;247;248;246;232
w;1
#search;maxiter
12.322955846786499
[[76.12938415 73.69058133 77.37997005 73.34098082]
 [77.93996002 72.76070104 77.06162396 73.95163878]
 [75.60052888 76.6666352  77.34923311 75.38056845]
 [77.98009546 72.66416367 77.88009546 75.15665468]
 [74.85       76.85       77.35       75.9       ]
 [75.2        72.5        76.25       77.55      ]
 [77.78009546 72.86416367 77.58009546 73.65665468]
 [76.95082065 77.24069992 76.88301356 76.77429178]
 [75.60925374 74.13477545 75.89796449 77.53958511]
 [78.0582044  73.22870332 77.26789847 73.2074375 ]
 [74.85       76.75       77.1        76.45      ]
 [74.4139785  74.0048637  77.75310843 76.18894702]
 [77.69513446 75.92710927 75.92577906 72.62669707]
 [74.8520939  74.58547892 76.33318374 77.2871892 ]
 [78.67635927 73.8793337  77.24651805 73.80843631]
 [77.82350958 73.76105523 76.67886947 75.90115258]
 [77.28086563 74.68891668 76.65978467 76.47942713]
 [75.90204762 76.37799848 77.86891923 74.84105923]
 [73.72241044 71.02287057 79.078178   76.03379529]]
budget;3884.49;3877.10;3875.11;3887.55;3879.86;3881.13;3890.97;3888.63;3864.08;3865.72;3883.45;3883.27;3878.49;3859.57;3863.42;3878.52;3878.69;3872.79;3871.74
size;243;246;242;237;242;240;236;243;247;242;242;247;237;250;245;247;248;246;232
w;2
#search;maxiter
17.55517601966858
[[76.12938415 73.69058133 77.37997005 73.34098082]
 [77.93996002 72.76070104 77.06162396 73.95163878]
 [75.60052888 76.6666352  77.34923311 75.38056845]
 [77.98009546 72.66416367 77.88009546 75.15665468]
 [74.85       76.85       77.35       75.9       ]
 [75.2        72.5        76.25       77.55      ]
 [77.78009546 72.86416367 77.58009546 73.65665468]
 [76.95082065 77.24069992 76.88301356 76.77429178]
 [75.60925374 74.13477545 75.89796449 77.53958511]
 [78.0582044  73.22870332 77.26789847 73.2074375 ]
 [74.85       76.75       77.1        76.45      ]
 [74.4139785  74.0048637  77.75310843 76.18894702]
 [77.69513446 75.92710927 75.92577906 72.62669707]
 [74.8520939  74.58547892 76.33318374 77.2871892 ]
 [78.67635927 73.8793337  77.24651805 73.80843631]
 [77.82350958 73.76105523 76.67886947 75.90115258]
 [77.28086563 74.68891668 76.65978467 76.47942713]
 [75.90204762 76.37799848 77.86891923 74.84105923]
 [73.72241044 71.02287057 79.078178   76.03379529]]
budget;3884.49;3877.10;3875.11;3887.55;3879.86;3881.13;3890.97;3888.63;3864.08;3865.72;3883.45;3883.27;3878.49;3859.57;3863.42;3878.52;3878.69;3872.79;3871.74
size;243;246;242;237;242;240;236;243;247;242;242;247;237;250;245;247;248;246;232
#search;maxiter
w;4
#clust;conv1;size21;goal10
#search;maxiter
29.63861870765686
[[74.8520939  74.58547892 76.33318374 77.2871892 ]
 [74.85       76.75       77.1        76.45      ]
 [78.72769605 75.15798111 79.22629789 75.85524222]
 [79.57621743 75.73797888 76.89609006 72.41336808]
 [76.90230952 77.5058444  79.11750554 75.78525934]
 [77.96759958 75.81076713 75.63110056 73.37559522]
 [78.50421007 75.57592688 78.16640515 75.28432417]
 [77.39981201 77.53324228 79.17096513 75.23739376]
 [77.21269996 74.7306691  76.94060296 76.08432417]
 [75.60925374 74.13477545 75.89796449 77.53958511]
 [77.28086563 74.68891668 76.65978467 76.47942713]
 [79.23443414 75.89014283 76.69556054 73.03700729]
 [77.50613944 74.58548105 77.9972965  76.55928045]
 [73.72241044 71.02287057 79.078178   76.03379529]]
budget;3859.57;3883.45;3874.53;3867.91;3890.75;3869.83;3875.13;3887.79;3851.55;3864.08;3878.69;3882.50;3874.42;3871.74
size;250;242;242;243;240;243;241;240;240;247;248;243;241;232
#search;maxiter
#search;maxiter
#search;maxiter
w;8
#search;maxiter
43.530240535736084
[[78.25       77.95       79.2        76.75      ]
 [77.55       78.9        80.35       76.9       ]
 [74.8520939  74.58547892 76.33318374 77.2871892 ]
 [78.72769605 75.15798111 79.22629789 75.85524222]
 [79.57621743 75.73797888 76.89609006 72.41336808]
 [78.50421007 75.57592688 78.16640515 75.28432417]
 [77.75       78.25       79.6        76.65      ]
 [75.60925374 74.13477545 75.89796449 77.53958511]
 [77.85       78.45       79.3        75.9       ]
 [79.23443414 75.89014283 76.69556054 73.03700729]
 [78.57516207 75.63369792 76.26978107 74.27402611]]
budget;3877.53;3886.64;3859.57;3874.53;3867.91;3875.13;3888.00;3864.08;3879.92;3882.50;3890.43
size;249;247;250;242;243;241;249;247;249;243;252
#search;maxiter
#clust;conv3;size20;goal10
#search;maxiter
#clust;conv1;size20;goal10
#search;maxiter
#clust;conv1;size20;goal10
#search;maxiter
#clust;conv3;size20;goal10
#search;maxiter
#search;maxiter
#clust;conv1;size20;goal10
#clust;conv1;size22;goal10
#search;maxiter
w;16
#search;maxiter
89.21696972846985
[[80.4        77.92181707 79.45       80.00908536]
 [80.40276477 78.75131396 78.12234716 79.30650931]
 [80.00276477 78.40131396 78.47234716 78.90650931]
 [80.6        77.52181707 79.25       80.45908536]
 [81.01842649 76.9143774  79.82279202 77.75003844]
 [80.79797693 75.76358077 77.68396991 79.00509546]
 [80.86842649 77.0643774  79.97279202 77.60003844]
 [79.9898006  78.48834979 78.47234716 78.90650931]
 [80.75       77.77181707 79.2        80.35908536]
 [78.70276477 78.00131396 77.17234716 79.70650931]
 [79.50276477 78.70131396 78.22234716 79.00650931]
 [80.7353856  77.48889419 79.9353856  80.75908536]
 [81.31678325 76.66828236 78.19572386 78.71684941]
 [81.37914021 76.04169399 77.81979669 77.98304737]
 [80.77280458 76.42983438 78.37852921 78.76143063]
 [80.75528791 77.64214197 76.64408414 76.87303549]
 [81.18834369 77.82419109 76.96178866 76.78078338]
 [80.72633655 77.92633655 78.19408414 78.24408414]]
budget;3890.40;3890.97;3888.51;3890.17;3890.16;3890.72;3890.09;3887.80;3887.78;3890.87;3887.84;3891.11;3890.30;3890.44;3890.20;3888.83;3888.35;3890.26
size;249;246;247;249;246;243;246;247;248;243;247;248;242;247;244;246;245;244
#search;maxiter
#search;maxiter
#search;maxiter
#search;maxiter
#search;maxiter
#search;maxiter
#search;maxiter
#search;maxiter
#search;maxiter
#search;maxiter
#search;maxiter
#search;maxiter
#search;maxiter
#search;maxiter
#search;maxiter
w;32
#search;maxiter
172.52391290664673
[[79.5853856  77.93889419 80.6353856  79.30908536]
 [81.01842649 76.9143774  79.82279202 77.75003844]
 [76.3508126  75.41707712 80.8508126  76.5261708 ]
 [80.95       77.1        78.75       78.4       ]
 [80.6        77.52181707 79.25       80.45908536]
 [79.9898006  78.48834979 78.47234716 78.90650931]
 [80.75       77.77181707 79.2        80.35908536]
 [79.50276477 78.70131396 78.22234716 79.00650931]
 [81.18834369 77.82419109 76.96178866 76.78078338]
 [80.4        77.92181707 79.45       80.00908536]
 [77.1508126  75.66707712 81.1508126  75.8261708 ]
 [81.31678325 76.66828236 78.19572386 78.71684941]
 [80.40276477 78.75131396 78.12234716 79.30650931]
 [80.00276477 78.40131396 78.47234716 78.90650931]
 [80.86842649 77.0643774  79.97279202 77.60003844]
 [81.0398006  78.58834979 78.27234716 79.90650931]
 [80.7353856  77.48889419 79.9353856  80.75908536]
 [80.77280458 76.42983438 78.37852921 78.76143063]
 [81.37914021 76.04169399 77.81979669 77.98304737]]
budget;3886.66;3890.16;3888.62;3890.92;3890.17;3887.80;3887.78;3887.84;3888.35;3890.40;3885.60;3890.30;3890.97;3888.51;3890.09;3889.25;3891.11;3890.20;3890.44
size;251;246;239;247;249;247;248;247;245;249;240;242;246;247;246;251;248;244;247
#search;maxiter
#search;maxiter
#search;maxiter
#clust;conv1;size20;goal10
#search;maxiter
#clust;conv2;size20;goal10
#search;maxiter
#search;maxiter
#search;maxiter
#clust;conv1;size20;goal10
#search;maxiter
#search;maxiter
#clust;conv1;size20;goal10
#search;maxiter
#clust;conv3;size20;goal10
#search;maxiter
#search;maxiter
#search;maxiter
#clust;conv2;size20;goal10
#search;maxiter
#search;maxiter
#search;maxiter
#search;maxiter
#search;maxiter
#search;maxiter
#search;maxiter
#clust;conv2;size21;goal10
#search;maxiter
#search;maxiter
#clust;conv2;size20;goal10
#search;maxiter
#search;maxiter
#search;maxiter
#clust;conv1;size20;goal10
#search;maxiter
#search;maxiter
#search;maxiter
#search;maxiter
#search;maxiter
#search;maxiter
w;64
#search;maxiter
327.131511926651
[[82.39967386 76.93498368 78.84522464 80.56235942]
 [80.65       78.25       80.15       81.95      ]
 [81.35610777 77.68291057 82.53837617 79.419262  ]
 [81.3        77.67181707 78.75       82.15908536]
 [82.10610777 77.58291057 82.23837617 80.069262  ]
 [80.6        78.15       80.8        81.7       ]
 [82.09134255 78.4383391  80.17667819 78.83533564]
 [81.9        80.         81.15       78.8       ]
 [81.55       80.65       81.3        81.55      ]
 [82.15715479 75.62897187 77.2535774  81.55051631]
 [80.35       81.75       81.55       80.2       ]
 [80.5        79.24131482 80.58207177 81.92282871]
 [80.59524372 80.34524372 81.78155465 80.58155465]
 [82.9369936  76.2637964  83.569262   79.769262  ]]
budget;3890.67;3889.62;3890.64;3890.86;3889.79;3890.69;3888.60;3891.13;3889.69;3890.39;3891.19;3890.77;3890.88;3889.41
size;247;252;251;247;253;252;251;250;251;245;251;253;253;252
usage;shake;swapRandom=15
usage;shake;swapQuarter=16
usage;shake;swapThird=18
usage;shake;swapHalf=10
usage;shake;swapGroup=5
usage;shake;incrMin=27
usage;shake;incrMax=4
usage;shake;incrRnd=2
usage;shake;rndMin=15
usage;shake;rndMax=3
usage;shake;rndRnd=3
usage;shake;liftIncr=4
usage;shake;liftRnd=6
usage;search;swapOne=15
usage;search;inclRndMin=38
usage;search;inclRndMax=24
usage;search;inclRndRnd=15
usage;search;inclLowMin=46
usage;search;inclLowMax=22
usage;search;inclLowRnd=31
usage;search;inclHighMin=8
usage;search;inclHighMax=10
usage;search;inclHighRnd=8
usage;search;fundAtMin=33
usage;search;fundAtMax=34
usage;search;fundAtRnd=14
usage;search;exclRnd=21
usage;search;exclLow=41
usage;search;exclHigh=11
usage;search;inflGrMin=25
usage;search;inflGrMax=24
usage;search;inflGrRnd=41
usage;search;deflGrMin=23
usage;search;deflGrMax=31
usage;search;deflGrRnd=18
usage;search;exchGrMin=34
usage;search;exchGrMax=36
usage;search;exchGrRnd=47
usage;search;incrMin=47
usage;search;incrMax=62
usage;search;incrRnd=55
usage;search;rndMin=42
usage;search;rndMax=44
usage;search;rndRnd=81
usage;search;liftIncr=212
usage;search;liftRnd=107
end;327.140/1024;63/64;5/18
electre;3.0;[[82.39967386 76.93498368 78.84522464 80.56235942]];3890.6652809941506;247
electre;3.0;[[80.65 78.25 80.15 81.95]];3889.6199999999976;252
electre;-3.0;[[81.35610777 77.68291057 82.53837617 79.419262  ]];3890.642882532907;251
electre;7.0;[[81.3        77.67181707 78.75       82.15908536]];3890.8578764158146;247
electre;-6.0;[[82.10610777 77.58291057 82.23837617 80.069262  ]];3889.792882532905;253
electre;3.0;[[80.6  78.15 80.8  81.7 ]];3890.689999999998;252
electre;4.0;[[82.09134255 78.4383391  80.17667819 78.83533564]];3888.600332832353;251
electre;0.0;[[81.9  80.   81.15 78.8 ]];3891.1299999999983;250
electre;-10.0;[[81.55 80.65 81.3  81.55]];3889.6899999999996;251
electre;12.0;[[82.15715479 75.62897187 77.2535774  81.55051631]];3890.3863315990293;245
electre;-4.0;[[80.35 81.75 81.55 80.2 ]];3891.189999999999;251
electre;4.0;[[80.5        79.24131482 80.58207177 81.92282871]];3890.771374555565;253
electre;-5.0;[[80.59524372 80.34524372 81.78155465 80.58155465]];3890.884207734581;253
electre;-8.0;[[82.9369936 76.2637964 83.569262  79.769262 ]];3889.4145204651886;252
