#search;maxiter
1.4667928218841553
[[24.4  22.8  20.7  24.55]
 [23.95 23.35 20.25 24.45]
 [23.85 24.4  20.5  23.5 ]
 [24.3  23.6  21.2  23.8 ]
 [23.6  23.35 19.7  24.8 ]
 [24.15 21.6  21.45 23.9 ]
 [23.1  23.55 20.5  24.35]
 [24.75 23.2  20.65 24.7 ]
 [23.4  23.4  20.9  24.85]
 [25.4  23.25 19.35 24.3 ]
 [24.8  22.5  19.7  24.05]
 [25.8  22.8  21.35 23.7 ]
 [23.2  22.35 21.   24.25]
 [24.55 23.9  20.45 24.3 ]
 [23.25 22.45 20.95 24.55]
 [24.25 23.25 19.45 24.65]
 [23.5  22.3  22.05 25.45]]
budget;945.49;946.77;940.44;937.69;947.61;951.18;948.13;949.92;949.52;949.84;951.66;946.97;946.46;942.44;949.29;948.35;947.35
size;58;63;59;58;63;61;62;60;61;61;58;61;56;62;62;62;56
w;1
#search;maxiter
2.5291640758514404
[[25.15       24.2        23.15       25.95      ]
 [25.7        24.2        22.6        27.65      ]
 [25.05       25.         21.85       26.95      ]
 [25.3        24.7        22.45       27.25      ]
 [25.37184386 25.3        21.4        26.79368773]
 [24.5        24.95234666 23.67046933 26.3       ]
 [24.8        24.50057438 22.70114875 27.20114875]
 [24.85       25.10234666 23.52046933 26.2       ]
 [24.89343761 26.13922188 24.21390694 26.09343761]
 [24.6        24.8        22.5        27.25      ]
 [24.53479837 26.45037083 23.90163062 26.24802417]
 [25.8        22.8        21.35       23.7       ]
 [24.85       24.85234666 23.62046933 26.45      ]
 [24.75       25.25234666 23.52046933 26.35      ]
 [25.39042303 24.40194626 23.14042303 24.19042303]
 [24.85       25.45       24.85       26.        ]]
budget;944.49;950.61;950.25;951.54;950.29;947.65;947.72;948.08;940.15;951.61;950.83;946.97;946.58;950.55;951.46;939.86
size;46;51;51;52;49;46;51;47;43;50;45;61;46;46;43;43
w;2
#search;maxiter
3.5861082077026367
[[25.15       24.2        23.15       25.95      ]
 [25.3        24.7        22.45       27.25      ]
 [24.5        24.95234666 23.67046933 26.3       ]
 [24.85       24.85234666 23.62046933 26.45      ]
 [24.8        24.50057438 22.70114875 27.20114875]
 [24.53479837 26.45037083 23.90163062 26.24802417]
 [25.8        22.8        21.35       23.7       ]
 [24.75       25.25234666 23.52046933 26.35      ]
 [24.89343761 26.13922188 24.21390694 26.09343761]
 [24.85       25.45       24.85       26.        ]
 [24.6        26.20234666 20.57046933 24.95      ]
 [24.6        24.8        22.5        27.25      ]
 [25.7        24.2        22.6        27.65      ]
 [25.05       25.         21.85       26.95      ]
 [25.1        25.40234666 20.77046933 24.65      ]
 [25.37184386 25.3        21.4        26.79368773]
 [25.25626553 26.40861219 21.70179697 24.25      ]
 [24.85       25.10234666 23.52046933 26.2       ]
 [25.39042303 24.40194626 23.14042303 24.19042303]]
budget;944.49;951.54;947.65;946.58;947.72;950.83;946.97;950.55;940.15;939.86;947.99;951.61;950.61;950.25;933.88;950.29;947.98;948.08;951.46
size;46;52;46;46;51;45;61;46;43;43;36;50;51;51;36;49;38;47;43
#clust;conv2;size20;goal10
#search;maxiter
w;4
#search;maxiter
5.470751523971558
[[25.944358   25.7087138  22.10902076 25.40636714]
 [26.85286381 23.05       22.4        24.6       ]
 [25.7        24.2        22.6        27.65      ]
 [25.05       25.         21.85       26.95      ]
 [27.82140015 22.84280029 22.07140015 25.21424024]
 [24.85       25.10234666 23.52046933 26.2       ]
 [25.9819693  22.66823331 23.1819693  25.18529164]
 [26.72092259 23.72092259 22.76836903 25.57092259]
 [25.37184386 25.3        21.4        26.79368773]
 [26.86005225 22.73227479 22.94601078 25.437758  ]
 [26.1        24.5        23.         25.25      ]
 [23.55       25.4        22.1        26.1       ]
 [24.85       24.85234666 23.62046933 26.45      ]
 [25.25626553 26.40861219 21.70179697 24.25      ]
 [26.85       23.3        22.8        24.85      ]
 [24.75       25.25234666 23.52046933 26.35      ]
 [25.39042303 24.40194626 23.14042303 24.19042303]
 [24.85       25.45       24.85       26.        ]]
budget;944.55;940.90;950.61;950.25;925.50;948.08;949.34;941.74;950.29;940.91;919.95;949.63;946.58;947.98;942.56;950.55;951.46;939.86
size;48;44;51;51;42;47;40;41;49;41;41;37;46;38;44;46;43;43
#clust;conv2;size20;goal10
#search;maxiter
#search;maxiter
#search;maxiter
w;8
#clust;conv1;size20;goal10
#search;maxiter
9.216051578521729
[[26.99738598 25.14819163 25.04428239 26.70762268]
 [28.07589716 25.28191961 22.85082876 26.34599371]
 [26.09705046 27.02213258 23.39960416 25.58782062]
 [28.69853888 24.81748923 24.40466578 27.79286748]
 [24.5143273  26.09901873 22.59720946 25.99139662]
 [25.98416056 27.6310202  23.82904797 25.27493071]
 [28.5053012  24.07258253 24.40466578 27.79736133]
 [26.55272095 26.16373055 23.08160854 25.86077795]
 [26.47738261 26.58279687 23.37713619 25.98282359]
 [26.46727493 25.90287775 24.58721318 26.52533193]
 [26.61727493 26.40287775 23.88721318 25.62533193]
 [26.68332256 25.32247566 24.31007371 27.06149696]
 [26.81050322 25.79393707 24.62138368 25.63219892]
 [27.80354977 25.67404796 21.80354977 25.95354977]
 [29.18234477 24.86468954 23.93234477 27.93234477]
 [29.03810301 24.07258253 24.24778651 27.36296494]
 [24.85       25.45       24.85       26.        ]]
budget;950.16;939.81;950.79;951.26;944.68;950.62;950.71;951.25;949.68;950.19;947.93;949.30;945.03;951.19;935.16;950.35;939.86
size;44;42;43;46;48;44;44;44;43;44;45;45;46;42;44;45;43
#search;maxiter
#search;maxiter
#search;maxiter
#search;maxiter
#search;maxiter
#search;maxiter
#search;maxiter
w;16
#search;maxiter
14.741277933120728
[[29.22861514 25.44485894 24.79283416 28.11756425]
 [26.99738598 25.14819163 25.04428239 26.70762268]
 [27.39207512 26.23113477 24.08000936 27.9573635 ]
 [27.61684201 27.28368402 23.66694722 26.75      ]
 [28.25671973 26.59894447 24.55645584 26.44973612]
 [27.1137699  26.32452434 23.30170414 26.97905828]
 [28.20057919 26.49318412 23.48556793 26.81625924]
 [27.98106068 25.98106068 23.88132764 26.55      ]
 [25.98416056 27.6310202  23.82904797 25.27493071]
 [28.75177013 25.59263296 24.99866653 27.86200683]
 [26.46727493 25.90287775 24.58721318 26.52533193]
 [26.40053109 26.90287775 23.87046933 26.02533193]
 [26.81050322 25.79393707 24.62138368 25.63219892]
 [29.02127471 25.64254941 23.62463267 27.23234477]
 [28.10382    25.77006379 25.04283416 27.21756425]]
budget;949.59;950.16;934.23;949.47;950.46;951.55;925.70;947.49;950.62;951.54;950.19;946.04;945.03;945.99;940.08
size;46;44;47;51;49;47;44;52;44;45;44;49;46;44;45
#search;maxiter
#search;maxiter
#search;maxiter
#search;maxiter
#search;maxiter
#search;maxiter
#search;maxiter
#search;maxiter
#search;maxiter
#search;maxiter
#search;maxiter
#search;maxiter
#search;maxiter
#search;maxiter
#search;maxiter
w;32
#search;maxiter
25.126523733139038
[[26.85659722 28.93322571 24.07337151 27.62664514]
 [29.22861514 25.44485894 24.79283416 28.11756425]
 [27.39207512 26.23113477 24.08000936 27.9573635 ]
 [29.49894447 28.54894447 25.14868058 27.79973612]
 [27.95145024 28.00392005 26.00227793 27.81517477]
 [26.91121624 28.94353673 24.92105252 27.25460818]
 [27.57021575 29.19043151 24.27021575 27.57021575]
 [28.12743243 25.53817921 23.65241871 28.23729516]
 [27.62711576 27.69335956 24.69283416 27.85712411]
 [28.75177013 25.59263296 24.99866653 27.86200683]]
budget;951.46;949.59;934.23;950.67;951.45;928.71;951.10;938.93;946.37;951.54
size;51;46;47;54;49;55;51;46;52;45
#search;maxiter
#search;maxiter
#search;maxiter
#search;maxiter
#search;maxiter
#search;maxiter
#search;maxiter
#search;maxiter
#search;maxiter
#search;maxiter
#search;maxiter
#search;maxiter
#search;maxiter
#search;maxiter
#search;maxiter
#search;maxiter
#search;maxiter
#search;maxiter
#search;maxiter
#search;maxiter
#search;maxiter
#added;1
#search;maxiter
#search;maxiter
#search;maxiter
#search;maxiter
#search;maxiter
#search;maxiter
#search;maxiter
#search;maxiter
#search;maxiter
#search;maxiter
w;64
#search;maxiter
41.20803737640381
[[26.85659722 28.93322571 24.07337151 27.62664514]
 [29.22861514 25.44485894 24.79283416 28.11756425]
 [29.49894447 28.54894447 25.14868058 27.79973612]
 [27.86234194 27.01634424 25.438774   28.02703831]
 [27.95145024 28.00392005 26.00227793 27.81517477]
 [28.40186164 28.54203403 24.76080203 28.26497228]
 [26.91121624 28.94353673 24.92105252 27.25460818]
 [28.04414053 27.97769331 24.95418242 28.61720021]
 [27.57021575 29.19043151 24.27021575 27.57021575]
 [28.75177013 25.59263296 24.99866653 27.86200683]
 [28.30145024 25.55392005 25.05227793 28.56517477]]
budget;951.46;949.59;950.67;940.17;951.45;949.02;928.71;945.48;951.10;951.54;950.53
size;51;46;54;50;49;55;55;56;51;45;47
usage;shake;swapRandom=12
usage;shake;swapQuarter=18
usage;shake;swapThird=9
usage;shake;swapHalf=14
usage;shake;swapGroup=11
usage;shake;incrMin=9
usage;shake;incrMax=12
usage;shake;incrRnd=8
usage;shake;rndMin=13
usage;shake;rndMax=6
usage;shake;rndRnd=4
usage;shake;liftIncr=8
usage;shake;liftRnd=4
usage;search;swapOne=48
usage;search;inclRndMin=28
usage;search;inclRndMax=30
usage;search;inclRndRnd=25
usage;search;inclLowMin=30
usage;search;inclLowMax=21
usage;search;inclLowRnd=29
usage;search;inclHighMin=17
usage;search;inclHighMax=14
usage;search;inclHighRnd=29
usage;search;fundAtMin=22
usage;search;fundAtMax=31
usage;search;fundAtRnd=34
usage;search;exclRnd=37
usage;search;exclLow=26
usage;search;exclHigh=31
usage;search;inflGrMin=29
usage;search;inflGrMax=23
usage;search;inflGrRnd=29
usage;search;deflGrMin=29
usage;search;deflGrMax=19
usage;search;deflGrRnd=28
usage;search;exchGrMin=21
usage;search;exchGrMax=19
usage;search;exchGrRnd=1
usage;search;incrMin=84
usage;search;incrMax=90
usage;search;incrRnd=76
usage;search;rndMin=61
usage;search;rndMax=66
usage;search;rndRnd=88
usage;search;liftIncr=110
usage;search;liftRnd=75
end;41.210/256;63/64;1/18
electre;6.0;[[26.85659722 28.93322571 24.07337151 27.62664514]];951.4619016554279;51
electre;3.0;[[29.22861514 25.44485894 24.79283416 28.11756425]];949.5883535740526;46
electre;-10.0;[[29.49894447 28.54894447 25.14868058 27.79973612]];950.6720212194422;54
electre;3.0;[[27.86234194 27.01634424 25.438774   28.02703831]];940.1675959526048;50
electre;-1.0;[[27.95145024 28.00392005 26.00227793 27.81517477]];951.4536461802799;49
electre;-8.0;[[28.40186164 28.54203403 24.76080203 28.26497228]];949.0242016715983;55
electre;4.0;[[26.91121624 28.94353673 24.92105252 27.25460818]];928.7117460604105;55
electre;-6.0;[[28.04414053 27.97769331 24.95418242 28.61720021]];945.476283819268;56
electre;2.0;[[27.57021575 29.19043151 24.27021575 27.57021575]];951.0969724946633;51
electre;4.0;[[28.75177013 25.59263296 24.99866653 27.86200683]];951.5376658308368;45
electre;3.0;[[28.30145024 25.55392005 25.05227793 28.56517477]];950.5336461802797;47
