#search;maxiter
1.419144630432129
[[23.75846306 24.04807882 23.14807882 24.1       ]
 [23.60644245 23.70023384 22.85673959 24.22430103]
 [23.45       23.         23.         27.05      ]
 [23.80846306 23.59807882 23.04807882 24.45      ]
 [25.2        21.55       23.8        27.55      ]
 [24.1        23.15       24.3        25.65      ]
 [23.33074994 23.58459995 23.03459995 25.54614999]
 [23.55       23.1        23.4        26.95      ]
 [23.90846306 23.19807882 24.09807882 24.95      ]
 [23.25846306 23.39807882 24.34807882 24.6       ]
 [23.2        23.4        23.25       26.55      ]
 [23.40846306 23.69807882 23.19807882 24.45      ]
 [23.3        24.15       24.05       24.7       ]
 [24.50913651 22.41308985 21.56943474 25.25391611]
 [24.3        22.8        24.5        26.25      ]
 [23.75       23.4        22.75       26.55      ]
 [23.45       23.55       22.9        26.3       ]
 [23.44553809 23.94773885 23.44773885 23.53741501]]
budget;1014.82;1009.41;1007.30;975.29;993.98;981.41;980.67;1013.66;1004.43;1014.13;1012.85;1013.28;1014.78;1005.54;982.34;1011.33;1009.88;1014.22
size;61;61;58;62;48;60;58;58;62;61;58;61;61;49;52;58;58;61
w;1
#clust;conv1;size20;goal10
#search;maxiter
2.828016757965088
[[23.45       23.         23.         27.05      ]
 [25.2        21.55       23.8        27.55      ]
 [23.55       23.1        23.4        26.95      ]
 [23.90846306 23.19807882 24.09807882 24.95      ]
 [23.26203846 22.11580263 24.68472327 24.33985029]
 [23.2        23.4        23.25       26.55      ]
 [23.40846306 23.69807882 23.19807882 24.45      ]
 [23.3        24.15       24.05       24.7       ]
 [24.50913651 22.41308985 21.56943474 25.25391611]
 [24.3        22.8        24.5        26.25      ]
 [23.45       23.55       22.9        26.3       ]]
budget;1007.30;993.98;1013.66;1004.43;1002.39;1012.85;1013.28;1014.78;1005.54;982.34;1009.88
size;58;48;58;62;51;58;61;61;49;52;58
w;2
#search;maxiter
3.9095916748046875
[[24.26815815 21.4295428  25.87502954 26.15602734]
 [22.94706193 24.26709541 21.72932978 24.53068572]
 [23.45       23.         23.         27.05      ]
 [25.2        21.55       23.8        27.55      ]
 [24.5        22.5        22.55       24.65      ]
 [23.09706193 24.26709541 21.87932978 24.03068572]
 [23.55       23.1        23.4        26.95      ]
 [23.90846306 23.19807882 24.09807882 24.95      ]
 [23.26203846 22.11580263 24.68472327 24.33985029]
 [23.2        23.4        23.25       26.55      ]
 [24.         23.05       22.35       24.1       ]
 [23.3        24.15       24.05       24.7       ]
 [23.40846306 23.69807882 23.19807882 24.45      ]
 [24.50913651 22.41308985 21.56943474 25.25391611]
 [24.3        22.8        24.5        26.25      ]
 [23.49706193 24.01709541 21.92932978 24.03068572]
 [23.45       23.55       22.9        26.3       ]
 [23.49706193 24.11709541 21.62932978 23.63068572]]
budget;1012.20;998.19;1007.30;993.98;992.86;1004.40;1013.66;1004.43;1002.39;1012.85;985.81;1014.78;1013.28;1005.54;982.34;999.53;1009.88;999.94
size;48;45;58;48;53;44;58;62;51;58;54;61;61;49;52;44;58;44
#clust;conv1;size21;goal10
#search;maxiter
w;4
#search;maxiter
6.685837507247925
[[27.2247973  25.42433722 26.56093323 27.27577673]
 [27.74025817 24.78240644 25.45882205 29.13358176]
 [27.34025817 25.68240644 25.25882205 29.03358176]
 [27.39025817 25.38240644 24.55882205 29.08358176]
 [28.19025817 25.78240644 24.55882205 29.03358176]
 [28.19025817 26.38240644 25.15882205 28.58358176]
 [27.19309221 27.11885177 25.91428578 28.36428578]
 [28.02111131 27.08894754 26.38830493 28.83313549]]
budget;992.50;1002.56;1014.26;995.53;1009.05;1013.47;997.49;1006.57
size;45;51;49;51;51;51;53;55
#search;maxiter
#search;maxiter
#search;maxiter
w;8
#search;maxiter
9.69216275215149
[[27.2247973  25.42433722 26.56093323 27.27577673]
 [26.21676124 27.72919031 25.15       27.22297578]
 [27.74025817 24.78240644 25.45882205 29.13358176]
 [27.34025817 25.68240644 25.25882205 29.03358176]
 [27.21676124 27.12919031 26.05       28.52297578]
 [27.39025817 25.38240644 24.55882205 29.08358176]
 [25.5351936  28.42919031 24.35       27.79246754]
 [28.19025817 26.38240644 25.15882205 28.58358176]
 [28.19025817 25.78240644 24.55882205 29.03358176]
 [28.02111131 27.08894754 26.38830493 28.83313549]
 [25.96676124 27.87919031 24.75       27.32297578]]
budget;992.50;1014.66;1002.56;1014.26;996.22;995.53;1005.77;1013.47;1009.05;1006.57;1012.90
size;45;49;51;49;52;51;48;51;51;55;48
#search;maxiter
#search;maxiter
#search;maxiter
#search;maxiter
#search;maxiter
#search;maxiter
#search;maxiter
w;16
#search;maxiter
14.898537158966064
[[27.2247973  25.42433722 26.56093323 27.27577673]
 [26.21676124 27.72919031 25.15       27.22297578]
 [27.74025817 24.78240644 25.45882205 29.13358176]
 [27.34025817 25.68240644 25.25882205 29.03358176]
 [26.57078808 24.97533292 26.73871409 28.16166183]
 [27.21676124 27.12919031 26.05       28.52297578]
 [27.39025817 25.38240644 24.55882205 29.08358176]
 [25.5351936  28.42919031 24.35       27.79246754]
 [28.19025817 26.38240644 25.15882205 28.58358176]
 [28.19025817 25.78240644 24.55882205 29.03358176]
 [27.07078808 23.97533292 26.73871409 28.11166183]
 [26.07078808 24.02775743 26.6411386  28.21554105]
 [26.32078808 24.17533292 26.78871409 28.21166183]
 [28.02111131 27.08894754 26.38830493 28.83313549]
 [25.96676124 27.87919031 24.75       27.32297578]]
budget;992.50;1014.66;1002.56;1014.26;1013.98;996.22;995.53;1005.77;1013.47;1009.05;1006.44;1014.58;1012.63;1006.57;1012.90
size;45;49;51;49;47;52;51;48;51;51;47;47;47;55;48
#search;maxiter
#search;maxiter
#search;maxiter
#search;maxiter
#search;maxiter
#search;maxiter
#search;maxiter
#search;maxiter
#search;maxiter
#search;maxiter
#search;maxiter
#search;maxiter
#search;maxiter
#search;maxiter
#search;maxiter
w;32
#search;maxiter
29.87143850326538
[[27.2247973  25.42433722 26.56093323 27.27577673]
 [27.21676124 27.12919031 26.05       28.52297578]
 [26.21676124 27.72919031 25.15       27.22297578]
 [28.33597345 24.71083538 27.4178584  28.47400619]
 [27.83517689 24.21536613 27.02111467 28.63612964]
 [26.36548484 22.35701312 28.07118715 28.41469475]
 [25.46548484 22.67138047 27.74340629 26.72996867]
 [28.38517689 24.61051675 26.81626529 28.47400619]
 [26.93449614 25.94654801 26.90563815 28.42709966]
 [28.08517689 24.47581974 26.53156828 28.66226366]
 [25.5351936  28.42919031 24.35       27.79246754]
 [28.19025817 26.38240644 25.15882205 28.58358176]
 [28.19025817 25.78240644 24.55882205 29.03358176]
 [28.08517689 25.21051675 27.11626529 28.22400619]
 [26.51676124 25.59565393 26.81634179 28.77297578]
 [28.02111131 27.08894754 26.38830493 28.83313549]
 [27.78224775 26.2947493  26.55383945 29.37664999]
 [25.96676124 27.87919031 24.75       27.32297578]]
budget;992.50;996.22;1014.66;1014.77;1011.66;1012.36;1006.49;1005.62;1006.51;1008.13;1005.77;1013.47;1009.05;1014.71;1014.56;1006.57;995.05;1012.90
size;45;52;49;51;50;43;41;50;48;50;48;51;51;51;45;55;49;48
#search;maxiter
#search;maxiter
#search;maxiter
#search;maxiter
#search;maxiter
#search;maxiter
#search;maxiter
#search;maxiter
#search;maxiter
#search;maxiter
#search;maxiter
#search;maxiter
#search;maxiter
#search;maxiter
#search;maxiter
#search;maxiter
#search;maxiter
#search;maxiter
#search;maxiter
#search;maxiter
#search;maxiter
#search;maxiter
#shake;stall
usage;shake;swapRandom=7
usage;shake;swapQuarter=11
usage;shake;swapThird=13
usage;shake;swapHalf=10
usage;shake;swapGroup=13
usage;shake;incrMin=3
usage;shake;incrMax=7
usage;shake;incrRnd=8
usage;shake;rndMin=6
usage;shake;rndMax=8
usage;shake;rndRnd=9
usage;shake;liftIncr=6
usage;shake;liftRnd=7
usage;search;swapOne=26
usage;search;inclRndMin=25
usage;search;inclRndMax=17
usage;search;inclRndRnd=17
usage;search;inclLowMin=26
usage;search;inclLowMax=21
usage;search;inclLowRnd=29
usage;search;inclHighMin=1
usage;search;inclHighMax=12
usage;search;inclHighRnd=26
usage;search;fundAtMin=23
usage;search;fundAtMax=20
usage;search;fundAtRnd=17
usage;search;exclRnd=23
usage;search;exclLow=15
usage;search;exclHigh=37
usage;search;inflGrMin=36
usage;search;inflGrMax=24
usage;search;inflGrRnd=18
usage;search;deflGrMin=20
usage;search;deflGrMax=30
usage;search;deflGrRnd=25
usage;search;exchGrMin=15
usage;search;exchGrMax=22
usage;search;exchGrRnd=25
usage;search;incrMin=74
usage;search;incrMax=87
usage;search;incrRnd=74
usage;search;rndMin=81
usage;search;rndMax=70
usage;search;rndRnd=47
usage;search;liftIncr=62
usage;search;liftRnd=55
end;57.028/256;53/64;18/18
electre;15.0;[[25.46548484 22.67138047 27.74340629 26.72996867]];1006.4928606770466;41
electre;3.0;[[28.38517689 24.61051675 26.81626529 28.47400619]];1005.6180223843982;50
electre;5.0;[[25.5351936  28.42919031 24.35       27.79246754]];1005.7702255541959;48
electre;-2.0;[[28.19025817 26.38240644 25.15882205 28.58358176]];1013.4718039920024;51
electre;-14.0;[[28.02111131 27.08894754 26.38830493 28.83313549]];1006.570488198582;55
electre;2.0;[[28.19025817 25.78240644 24.55882205 29.03358176]];1009.0518039920026;51
electre;-7.0;[[26.51676124 25.59565393 26.81634179 28.77297578]];1014.5606004174489;45
electre;-4.0;[[27.21676124 27.12919031 26.05       28.52297578]];996.2151790085744;52
electre;2.0;[[27.83517689 24.21536613 27.02111467 28.63612964]];1011.6596102224684;50
electre;0.0;[[26.93449614 25.94654801 26.90563815 28.42709966]];1006.5106741542123;48
electre;-4.0;[[28.33597345 24.71083538 27.4178584  28.47400619]];1014.768184369005;51
electre;-3.0;[[26.15       28.20222086 26.10444173 28.25088835]];999.8584597431413;48
electre;12.0;[[27.2247973  25.42433722 26.56093323 27.27577673]];992.5022229324551;45
electre;7.0;[[26.36548484 22.35701312 28.07118715 28.41469475]];1012.3584315744132;43
electre;3.0;[[28.08517689 24.47581974 26.53156828 28.66226366]];1008.1278434556172;50
electre;0.0;[[26.8  28.3  25.95 28.25]];1007.7099999999998;49
electre;5.0;[[28.08517689 25.21051675 27.11626529 28.22400619]];1014.7080223843982;51
electre;-6.0;[[27.55 28.45 26.45 27.4 ]];1013.48;47
electre;-14.0;[[27.78224775 26.2947493  26.55383945 29.37664999]];995.0459677031804;49
