#search;maxiter
15.298053979873657
[[151.1        161.95       157.2        153.8       ]
 [150.37111487 156.31023749 157.90371231 153.94894751]
 [149.9        159.45       157.75       155.25      ]
 [151.7        161.65       157.7        156.35      ]
 [152.27885885 159.8        156.8        154.13942942]
 [152.97885885 160.15       156.55       154.73942942]
 [152.97885885 160.3        156.2        155.43942942]
 [154.5        159.35       152.5        153.05      ]
 [150.50256486 156.7        157.78102595 152.45512973]
 [154.73583461 159.19747765 154.17248838 152.97385606]
 [151.45       161.85       157.1        155.1       ]
 [151.80781925 160.60089586 155.51105781 155.30105559]
 [153.82885885 159.75       156.8        156.13942942]
 [153.97885885 160.75       156.45       154.58942942]
 [152.         160.5        155.95       154.9       ]]
budget;7591.17;7566.93;7593.29;7560.78;7585.24;7592.51;7590.49;7576.34;7592.13;7565.13;7586.58;7585.23;7575.20;7593.50;7572.30
size;509;510;509;509;502;502;503;507;504;512;510;512;504;503;509
w;1
#search;maxiter
25.10232448577881
[[151.1        161.95       157.2        153.8       ]
 [150.37111487 156.31023749 157.90371231 153.94894751]
 [149.9        159.45       157.75       155.25      ]
 [151.7        161.65       157.7        156.35      ]
 [152.27885885 159.8        156.8        154.13942942]
 [152.97885885 160.15       156.55       154.73942942]
 [152.97885885 160.3        156.2        155.43942942]
 [154.5        159.35       152.5        153.05      ]
 [150.50256486 156.7        157.78102595 152.45512973]
 [154.73583461 159.19747765 154.17248838 152.97385606]
 [151.45       161.85       157.1        155.1       ]
 [151.80781925 160.60089586 155.51105781 155.30105559]
 [153.82885885 159.75       156.8        156.13942942]
 [153.97885885 160.75       156.45       154.58942942]
 [152.         160.5        155.95       154.9       ]]
budget;7591.17;7566.93;7593.29;7560.78;7585.24;7592.51;7590.49;7576.34;7592.13;7565.13;7586.58;7585.23;7575.20;7593.50;7572.30
size;509;510;509;509;502;502;503;507;504;512;510;512;504;503;509
w;2
#search;maxiter
35.94690418243408
[[151.1        161.95       157.2        153.8       ]
 [150.37111487 156.31023749 157.90371231 153.94894751]
 [149.9        159.45       157.75       155.25      ]
 [151.7        161.65       157.7        156.35      ]
 [152.27885885 159.8        156.8        154.13942942]
 [152.97885885 160.15       156.55       154.73942942]
 [152.97885885 160.3        156.2        155.43942942]
 [154.5        159.35       152.5        153.05      ]
 [150.50256486 156.7        157.78102595 152.45512973]
 [154.73583461 159.19747765 154.17248838 152.97385606]
 [151.45       161.85       157.1        155.1       ]
 [151.80781925 160.60089586 155.51105781 155.30105559]
 [153.82885885 159.75       156.8        156.13942942]
 [153.97885885 160.75       156.45       154.58942942]
 [152.         160.5        155.95       154.9       ]]
budget;7591.17;7566.93;7593.29;7560.78;7585.24;7592.51;7590.49;7576.34;7592.13;7565.13;7586.58;7585.23;7575.20;7593.50;7572.30
size;509;510;509;509;502;502;503;507;504;512;510;512;504;503;509
#search;maxiter
w;4
#search;maxiter
58.98625063896179
[[151.1        161.95       157.2        153.8       ]
 [150.37111487 156.31023749 157.90371231 153.94894751]
 [149.9        159.45       157.75       155.25      ]
 [151.7        161.65       157.7        156.35      ]
 [152.27885885 159.8        156.8        154.13942942]
 [152.97885885 160.15       156.55       154.73942942]
 [152.97885885 160.3        156.2        155.43942942]
 [154.5        159.35       152.5        153.05      ]
 [150.50256486 156.7        157.78102595 152.45512973]
 [154.73583461 159.19747765 154.17248838 152.97385606]
 [151.45       161.85       157.1        155.1       ]
 [151.80781925 160.60089586 155.51105781 155.30105559]
 [153.82885885 159.75       156.8        156.13942942]
 [153.97885885 160.75       156.45       154.58942942]
 [152.         160.5        155.95       154.9       ]]
budget;7591.17;7566.93;7593.29;7560.78;7585.24;7592.51;7590.49;7576.34;7592.13;7565.13;7586.58;7585.23;7575.20;7593.50;7572.30
size;509;510;509;509;502;502;503;507;504;512;510;512;504;503;509
#search;maxiter
#search;maxiter
#search;maxiter
w;8
#search;maxiter
98.36534118652344
[[151.1        161.95       157.2        153.8       ]
 [150.37111487 156.31023749 157.90371231 153.94894751]
 [149.9        159.45       157.75       155.25      ]
 [151.7        161.65       157.7        156.35      ]
 [152.27885885 159.8        156.8        154.13942942]
 [152.97885885 160.15       156.55       154.73942942]
 [152.97885885 160.3        156.2        155.43942942]
 [154.5        159.35       152.5        153.05      ]
 [150.50256486 156.7        157.78102595 152.45512973]
 [154.73583461 159.19747765 154.17248838 152.97385606]
 [151.45       161.85       157.1        155.1       ]
 [151.80781925 160.60089586 155.51105781 155.30105559]
 [153.82885885 159.75       156.8        156.13942942]
 [153.97885885 160.75       156.45       154.58942942]
 [152.         160.5        155.95       154.9       ]]
budget;7591.17;7566.93;7593.29;7560.78;7585.24;7592.51;7590.49;7576.34;7592.13;7565.13;7586.58;7585.23;7575.20;7593.50;7572.30
size;509;510;509;509;502;502;503;507;504;512;510;512;504;503;509
#search;maxiter
#search;maxiter
#search;maxiter
#search;maxiter
#search;maxiter
#search;maxiter
#search;maxiter
w;16
#search;maxiter
180.5374219417572
[[151.1        161.95       157.2        153.8       ]
 [150.37111487 156.31023749 157.90371231 153.94894751]
 [149.9        159.45       157.75       155.25      ]
 [151.7        161.65       157.7        156.35      ]
 [152.27885885 159.8        156.8        154.13942942]
 [152.97885885 160.15       156.55       154.73942942]
 [152.97885885 160.3        156.2        155.43942942]
 [154.5        159.35       152.5        153.05      ]
 [150.50256486 156.7        157.78102595 152.45512973]
 [154.73583461 159.19747765 154.17248838 152.97385606]
 [151.45       161.85       157.1        155.1       ]
 [151.80781925 160.60089586 155.51105781 155.30105559]
 [153.82885885 159.75       156.8        156.13942942]
 [153.97885885 160.75       156.45       154.58942942]
 [152.         160.5        155.95       154.9       ]]
budget;7591.17;7566.93;7593.29;7560.78;7585.24;7592.51;7590.49;7576.34;7592.13;7565.13;7586.58;7585.23;7575.20;7593.50;7572.30
size;509;510;509;509;502;502;503;507;504;512;510;512;504;503;509
#search;maxiter
#search;maxiter
#search;maxiter
#search;maxiter
#search;maxiter
#search;maxiter
#search;maxiter
#search;maxiter
#search;maxiter
#shake;stall
usage;shake;swapRandom=5
usage;shake;swapQuarter=3
usage;shake;swapThird=4
usage;shake;swapHalf=8
usage;shake;swapGroup=5
usage;shake;incrMin=4
usage;shake;incrMax=2
usage;shake;incrRnd=5
usage;shake;rndMin=2
usage;shake;rndMax=2
usage;shake;rndRnd=5
usage;shake;liftIncr=2
usage;shake;liftRnd=3
usage;search;swapOne=11
usage;search;inclRndMin=11
usage;search;inclRndMax=8
usage;search;inclRndRnd=7
usage;search;inclLowMin=16
usage;search;inclLowMax=9
usage;search;inclLowRnd=11
usage;search;inclHighMin=11
usage;search;inclHighMax=10
usage;search;inclHighRnd=15
usage;search;fundAtMin=10
usage;search;fundAtMax=10
usage;search;fundAtRnd=15
usage;search;exclRnd=7
usage;search;exclLow=1
usage;search;exclHigh=12
usage;search;inflGrMin=14
usage;search;inflGrMax=7
usage;search;inflGrRnd=5
usage;search;deflGrMin=13
usage;search;deflGrMax=8
usage;search;deflGrRnd=13
usage;search;exchGrMin=9
usage;search;exchGrMax=10
usage;search;exchGrRnd=17
usage;search;incrMin=37
usage;search;incrMax=33
usage;search;incrRnd=37
usage;search;rndMin=35
usage;search;rndMax=11
usage;search;rndRnd=42
usage;search;liftIncr=34
usage;search;liftRnd=31
end;269.250/2048;24/64;18/18
electre;8.0;[[151.1  161.95 157.2  153.8 ]];7591.170000000004;509
electre;4.0;[[150.37111487 156.31023749 157.90371231 153.94894751]];7566.929961854105;510
electre;0.0;[[149.9  159.45 157.75 155.25]];7593.2900000000045;509
electre;-12.0;[[151.7  161.65 157.7  156.35]];7560.780000000005;509
electre;0.0;[[152.27885885 159.8        156.8        154.13942942]];7585.2430427979825;502
electre;-5.0;[[152.97885885 160.15       156.55       154.73942942]];7592.513042797985;502
electre;-5.0;[[152.97885885 160.3        156.2        155.43942942]];7590.493042797984;503
electre;6.0;[[154.5  159.35 152.5  153.05]];7576.340000000001;507
electre;8.0;[[150.50256486 156.7        157.78102595 152.45512973]];7592.131200320426;504
electre;3.0;[[154.73583461 159.19747765 154.17248838 152.97385606]];7565.126360109103;512
electre;-2.0;[[151.45 161.85 157.1  155.1 ]];7586.5800000000045;510
electre;7.0;[[151.80781925 160.60089586 155.51105781 155.30105559]];7585.2306419096685;512
electre;-12.0;[[153.82885885 159.75       156.8        156.13942942]];7575.203042797985;504
electre;-6.0;[[153.97885885 160.75       156.45       154.58942942]];7593.503042797985;503
electre;6.0;[[152.   160.5  155.95 154.9 ]];7572.3;509
