#search;maxiter
18.23108959197998
[[149.55       158.25       153.15       148.85      ]
 [147.4        156.3        153.75       151.65      ]
 [148.98197672 155.94279069 154.36395344 147.68197672]
 [150.45       156.65       154.15       149.5       ]
 [150.55       155.4        151.75       149.95      ]
 [149.45       158.2        150.         152.8       ]
 [148.6        153.65       153.4        150.4       ]
 [149.15       157.05       151.         153.6       ]
 [148.25       157.         153.7        152.1       ]
 [147.4        157.05       152.8        152.85      ]
 [149.25       156.95       153.6        148.9       ]
 [148.         157.05       153.45       152.6       ]
 [149.53367688 156.924255   153.60396214 150.21828667]
 [147.9        154.75       153.8        150.        ]
 [147.8        157.         153.65       152.7       ]
 [149.56547259 153.12732112 151.96445017 151.08930655]
 [149.60024062 153.29212189 152.46463928 150.55208761]
 [149.75       158.05       150.8        154.3       ]]
budget;7588.20;7559.71;7592.78;7579.67;7579.22;7580.07;7586.21;7579.10;7588.44;7567.80;7592.66;7581.73;7591.28;7594.24;7593.78;7580.91;7587.39;7594.02
size;505;511;505;506;507;510;508;509;510;511;507;511;509;509;512;507;505;511
w;1
#search;maxiter
32.00312376022339
[[149.55       158.25       153.15       148.85      ]
 [147.4        156.3        153.75       151.65      ]
 [148.98197672 155.94279069 154.36395344 147.68197672]
 [150.45       156.65       154.15       149.5       ]
 [150.55       155.4        151.75       149.95      ]
 [149.45       158.2        150.         152.8       ]
 [148.6        153.65       153.4        150.4       ]
 [149.15       157.05       151.         153.6       ]
 [148.25       157.         153.7        152.1       ]
 [147.4        157.05       152.8        152.85      ]
 [149.25       156.95       153.6        148.9       ]
 [148.         157.05       153.45       152.6       ]
 [149.53367688 156.924255   153.60396214 150.21828667]
 [147.9        154.75       153.8        150.        ]
 [147.8        157.         153.65       152.7       ]
 [149.56547259 153.12732112 151.96445017 151.08930655]
 [149.60024062 153.29212189 152.46463928 150.55208761]
 [149.75       158.05       150.8        154.3       ]]
budget;7588.20;7559.71;7592.78;7579.67;7579.22;7580.07;7586.21;7579.10;7588.44;7567.80;7592.66;7581.73;7591.28;7594.24;7593.78;7580.91;7587.39;7594.02
size;505;511;505;506;507;510;508;509;510;511;507;511;509;509;512;507;505;511
w;2
#search;maxiter
43.855119705200195
[[149.55       158.25       153.15       148.85      ]
 [147.4        156.3        153.75       151.65      ]
 [148.98197672 155.94279069 154.36395344 147.68197672]
 [150.45       156.65       154.15       149.5       ]
 [150.55       155.4        151.75       149.95      ]
 [149.45       158.2        150.         152.8       ]
 [148.6        153.65       153.4        150.4       ]
 [149.15       157.05       151.         153.6       ]
 [148.25       157.         153.7        152.1       ]
 [147.4        157.05       152.8        152.85      ]
 [149.25       156.95       153.6        148.9       ]
 [148.         157.05       153.45       152.6       ]
 [149.53367688 156.924255   153.60396214 150.21828667]
 [147.9        154.75       153.8        150.        ]
 [147.8        157.         153.65       152.7       ]
 [149.56547259 153.12732112 151.96445017 151.08930655]
 [149.60024062 153.29212189 152.46463928 150.55208761]
 [149.75       158.05       150.8        154.3       ]]
budget;7588.20;7559.71;7592.78;7579.67;7579.22;7580.07;7586.21;7579.10;7588.44;7567.80;7592.66;7581.73;7591.28;7594.24;7593.78;7580.91;7587.39;7594.02
size;505;511;505;506;507;510;508;509;510;511;507;511;509;509;512;507;505;511
#search;maxiter
w;4
#search;maxiter
67.95228862762451
[[149.55       158.25       153.15       148.85      ]
 [147.4        156.3        153.75       151.65      ]
 [148.98197672 155.94279069 154.36395344 147.68197672]
 [150.45       156.65       154.15       149.5       ]
 [150.55       155.4        151.75       149.95      ]
 [149.45       158.2        150.         152.8       ]
 [148.6        153.65       153.4        150.4       ]
 [149.15       157.05       151.         153.6       ]
 [148.25       157.         153.7        152.1       ]
 [147.4        157.05       152.8        152.85      ]
 [149.25       156.95       153.6        148.9       ]
 [148.         157.05       153.45       152.6       ]
 [149.53367688 156.924255   153.60396214 150.21828667]
 [147.9        154.75       153.8        150.        ]
 [147.8        157.         153.65       152.7       ]
 [149.56547259 153.12732112 151.96445017 151.08930655]
 [149.60024062 153.29212189 152.46463928 150.55208761]
 [149.75       158.05       150.8        154.3       ]]
budget;7588.20;7559.71;7592.78;7579.67;7579.22;7580.07;7586.21;7579.10;7588.44;7567.80;7592.66;7581.73;7591.28;7594.24;7593.78;7580.91;7587.39;7594.02
size;505;511;505;506;507;510;508;509;510;511;507;511;509;509;512;507;505;511
#search;maxiter
#search;maxiter
#search;maxiter
w;8
#search;maxiter
120.73343014717102
[[149.55       158.25       153.15       148.85      ]
 [147.4        156.3        153.75       151.65      ]
 [148.98197672 155.94279069 154.36395344 147.68197672]
 [150.45       156.65       154.15       149.5       ]
 [150.55       155.4        151.75       149.95      ]
 [149.45       158.2        150.         152.8       ]
 [148.6        153.65       153.4        150.4       ]
 [149.15       157.05       151.         153.6       ]
 [148.25       157.         153.7        152.1       ]
 [147.4        157.05       152.8        152.85      ]
 [149.25       156.95       153.6        148.9       ]
 [148.         157.05       153.45       152.6       ]
 [149.53367688 156.924255   153.60396214 150.21828667]
 [147.9        154.75       153.8        150.        ]
 [147.8        157.         153.65       152.7       ]
 [149.56547259 153.12732112 151.96445017 151.08930655]
 [149.60024062 153.29212189 152.46463928 150.55208761]
 [149.75       158.05       150.8        154.3       ]]
budget;7588.20;7559.71;7592.78;7579.67;7579.22;7580.07;7586.21;7579.10;7588.44;7567.80;7592.66;7581.73;7591.28;7594.24;7593.78;7580.91;7587.39;7594.02
size;505;511;505;506;507;510;508;509;510;511;507;511;509;509;512;507;505;511
#search;maxiter
#search;maxiter
#search;maxiter
#search;maxiter
#search;maxiter
#search;maxiter
#search;maxiter
w;16
#search;maxiter
223.71415185928345
[[149.55       158.25       153.15       148.85      ]
 [147.4        156.3        153.75       151.65      ]
 [148.98197672 155.94279069 154.36395344 147.68197672]
 [150.45       156.65       154.15       149.5       ]
 [150.55       155.4        151.75       149.95      ]
 [149.45       158.2        150.         152.8       ]
 [148.6        153.65       153.4        150.4       ]
 [149.15       157.05       151.         153.6       ]
 [148.25       157.         153.7        152.1       ]
 [147.4        157.05       152.8        152.85      ]
 [149.25       156.95       153.6        148.9       ]
 [148.         157.05       153.45       152.6       ]
 [149.53367688 156.924255   153.60396214 150.21828667]
 [147.9        154.75       153.8        150.        ]
 [147.8        157.         153.65       152.7       ]
 [149.56547259 153.12732112 151.96445017 151.08930655]
 [149.60024062 153.29212189 152.46463928 150.55208761]
 [149.75       158.05       150.8        154.3       ]]
budget;7588.20;7559.71;7592.78;7579.67;7579.22;7580.07;7586.21;7579.10;7588.44;7567.80;7592.66;7581.73;7591.28;7594.24;7593.78;7580.91;7587.39;7594.02
size;505;511;505;506;507;510;508;509;510;511;507;511;509;509;512;507;505;511
#search;maxiter
#search;maxiter
#search;maxiter
#search;maxiter
#search;maxiter
#search;maxiter
#search;maxiter
#search;maxiter
#search;maxiter
#shake;stall
usage;shake;swapRandom=5
usage;shake;swapQuarter=2
usage;shake;swapThird=7
usage;shake;swapHalf=6
usage;shake;swapGroup=5
usage;shake;incrMin=3
usage;shake;incrMax=3
usage;shake;incrRnd=3
usage;shake;rndMin=5
usage;shake;rndMax=3
usage;shake;rndRnd=2
usage;shake;liftIncr=2
usage;shake;liftRnd=4
usage;search;swapOne=7
usage;search;inclRndMin=11
usage;search;inclRndMax=9
usage;search;inclRndRnd=11
usage;search;inclLowMin=12
usage;search;inclLowMax=11
usage;search;inclLowRnd=7
usage;search;inclHighMin=16
usage;search;inclHighMax=6
usage;search;inclHighRnd=11
usage;search;fundAtMin=10
usage;search;fundAtMax=13
usage;search;fundAtRnd=12
usage;search;exclRnd=8
usage;search;exclLow=14
usage;search;exclHigh=12
usage;search;inflGrMin=14
usage;search;inflGrMax=13
usage;search;inflGrRnd=9
usage;search;deflGrMin=5
usage;search;deflGrMax=6
usage;search;deflGrRnd=5
usage;search;exchGrMin=7
usage;search;exchGrMax=13
usage;search;exchGrRnd=18
usage;search;incrMin=36
usage;search;incrMax=40
usage;search;incrRnd=39
usage;search;rndMin=34
usage;search;rndMax=12
usage;search;rndRnd=34
usage;search;liftIncr=25
usage;search;liftRnd=40
end;346.763/2048;24/64;18/18
electre;11.0;[[149.55 158.25 153.15 148.85]];7588.200000000004;505
electre;-1.0;[[147.4  156.3  153.75 151.65]];7559.71;511
electre;4.0;[[148.98197672 155.94279069 154.36395344 147.68197672]];7592.779787706618;505
electre;-8.0;[[150.45 156.65 154.15 149.5 ]];7579.670000000004;506
electre;5.0;[[150.55 155.4  151.75 149.95]];7579.220000000005;507
electre;4.0;[[149.45 158.2  150.   152.8 ]];7580.070000000003;510
electre;6.0;[[148.6  153.65 153.4  150.4 ]];7586.209999999999;508
electre;0.0;[[149.15 157.05 151.   153.6 ]];7579.100000000003;509
electre;-12.0;[[148.25 157.   153.7  152.1 ]];7588.4400000000005;510
electre;-1.0;[[147.4  157.05 152.8  152.85]];7567.799999999999;511
electre;5.0;[[149.25 156.95 153.6  148.9 ]];7592.660000000004;507
electre;-6.0;[[148.   157.05 153.45 152.6 ]];7581.7300000000005;511
electre;0.0;[[149.53367688 156.924255   153.60396214 150.21828667]];7591.282723579507;509
electre;3.0;[[147.9  154.75 153.8  150.  ]];7594.24;509
electre;-8.0;[[147.8  157.   153.65 152.7 ]];7593.780000000001;512
electre;2.0;[[149.56547259 153.12732112 151.96445017 151.08930655]];7580.906016832976;507
electre;0.0;[[149.60024062 153.29212189 152.46463928 150.55208761]];7587.389356450177;505
electre;-4.0;[[149.75 158.05 150.8  154.3 ]];7594.020000000003;511
