#search;maxiter
5.2008278369903564
[[78.9438601  77.06665949 79.14988247 76.25614117]
 [75.11855614 75.29575678 78.22458674 76.64046495]
 [78.23366548 77.6224854  78.92796048 75.43588287]
 [78.18285227 75.3040979  77.52699619 77.16052024]
 [76.4        76.45       80.15       73.25      ]
 [78.9        75.4        79.25       75.05      ]
 [77.95       72.3        77.8        78.        ]
 [77.1        75.15       80.55       74.15      ]
 [77.4        73.35       77.4        77.2       ]
 [79.16359457 77.28651213 79.12482401 76.17733684]
 [79.1        74.65       79.15       75.15      ]
 [74.         73.8        79.5        75.        ]]
budget;3881.99;3880.83;3885.24;3888.22;3878.07;3888.28;3875.74;3888.85;3888.09;3874.19;3877.08;3876.41
size;248;248;245;245;238;237;235;236;236;247;236;235
w;1
#clust;conv1;size20;goal10
#search;maxiter
11.014511108398438
[[75.75       73.7834108  79.16705398 75.7334108 ]
 [78.00446213 73.35593259 79.86253692 74.54740652]
 [78.23366548 77.6224854  78.92796048 75.43588287]
 [78.13314827 73.79859288 80.152095   74.42639482]
 [76.95345871 75.22614565 79.09562793 77.10257599]
 [76.44262083 75.99267124 76.23483559 76.74938173]
 [77.57336908 75.0540519  74.00134435 78.43648417]
 [77.52322432 75.40390714 73.93880816 77.93648417]
 [76.4        76.45       80.15       73.25      ]
 [77.77153896 73.16303673 79.89390354 74.83011165]
 [77.79887675 73.41227867 79.39390354 74.8668006 ]
 [78.11156627 73.46303673 79.39390354 74.83024818]
 [79.1        74.65       79.15       75.15      ]
 [79.16359457 77.28651213 79.12482401 76.17733684]
 [77.62477781 75.10546063 74.45275308 78.03648417]
 [74.         73.8        79.5        75.        ]]
budget;3744.84;3769.04;3885.24;3869.77;3834.25;3885.41;3872.16;3866.93;3878.07;3788.60;3783.77;3767.05;3877.08;3874.19;3876.84;3876.41
size;246;245;245;244;246;240;243;244;238;245;244;244;236;247;244;235
w;2
#search;maxiter
15.71729040145874
[[75.75       73.7834108  79.16705398 75.7334108 ]
 [78.00446213 73.35593259 79.86253692 74.54740652]
 [78.23366548 77.6224854  78.92796048 75.43588287]
 [78.13314827 73.79859288 80.152095   74.42639482]
 [76.95345871 75.22614565 79.09562793 77.10257599]
 [77.57336908 75.0540519  74.00134435 78.43648417]
 [76.44262083 75.99267124 76.23483559 76.74938173]
 [77.52322432 75.40390714 73.93880816 77.93648417]
 [76.4        76.45       80.15       73.25      ]
 [77.77153896 73.16303673 79.89390354 74.83011165]
 [77.79887675 73.41227867 79.39390354 74.8668006 ]
 [78.11156627 73.46303673 79.39390354 74.83024818]
 [79.18764851 68.25716437 73.72565143 71.76304427]
 [79.1        74.65       79.15       75.15      ]
 [79.16359457 77.28651213 79.12482401 76.17733684]
 [77.62477781 75.10546063 74.45275308 78.03648417]
 [74.         73.8        79.5        75.        ]]
budget;3744.84;3769.04;3885.24;3869.77;3834.25;3872.16;3885.41;3866.93;3878.07;3788.60;3783.77;3767.05;3891.16;3877.08;3874.19;3876.84;3876.41
size;246;245;245;244;246;243;240;244;238;245;244;244;196;236;247;244;235
#search;maxiter
w;4
#search;maxiter
27.990566968917847
[[80.7564594  70.60752042 77.02306075 72.67907715]
 [77.57336908 75.0540519  74.00134435 78.43648417]
 [75.55264214 74.16744139 75.30469172 78.26590198]
 [79.7        76.65       79.5        75.65      ]
 [81.12674303 70.98921014 77.95225232 72.44497396]
 [78.49267803 74.99289586 82.15854625 76.76672269]
 [76.4        76.45       80.15       73.25      ]
 [80.6064594  70.76909237 77.11934855 73.17907715]
 [78.23366548 77.6224854  78.92796048 75.43588287]
 [76.95345871 75.22614565 79.09562793 77.10257599]
 [76.44262083 75.99267124 76.23483559 76.74938173]
 [79.05       76.45       79.6        76.1       ]
 [78.95       76.95       79.45       76.25      ]
 [79.16359457 77.28651213 79.12482401 76.17733684]
 [77.32322432 74.40390714 74.78880816 78.38648417]
 [77.52322432 75.40390714 73.93880816 77.93648417]
 [79.13544942 76.65459482 79.50538558 74.43380443]
 [77.62477781 75.10546063 74.45275308 78.03648417]
 [78.8        76.55       79.6        75.95      ]]
budget;3890.78;3872.16;3890.80;3887.81;3880.84;3888.06;3878.07;3891.11;3885.24;3834.25;3885.41;3890.32;3888.47;3874.19;3890.94;3866.93;3869.93;3876.84;3887.37
size;226;243;248;252;228;246;238;226;245;246;240;251;252;247;248;244;251;244;251
#search;maxiter
#search;maxiter
#search;maxiter
w;8
#search;maxiter
49.503976821899414
[[80.7564594  70.60752042 77.02306075 72.67907715]
 [77.57336908 75.0540519  74.00134435 78.43648417]
 [75.55264214 74.16744139 75.30469172 78.26590198]
 [79.7        76.65       79.5        75.65      ]
 [81.12674303 70.98921014 77.95225232 72.44497396]
 [78.49267803 74.99289586 82.15854625 76.76672269]
 [76.4        76.45       80.15       73.25      ]
 [80.6064594  70.76909237 77.11934855 73.17907715]
 [78.23366548 77.6224854  78.92796048 75.43588287]
 [76.95345871 75.22614565 79.09562793 77.10257599]
 [76.44262083 75.99267124 76.23483559 76.74938173]
 [79.05       76.45       79.6        76.1       ]
 [78.95       76.95       79.45       76.25      ]
 [79.16359457 77.28651213 79.12482401 76.17733684]
 [77.32322432 74.40390714 74.78880816 78.38648417]
 [77.52322432 75.40390714 73.93880816 77.93648417]
 [79.13544942 76.65459482 79.50538558 74.43380443]
 [77.62477781 75.10546063 74.45275308 78.03648417]
 [78.8        76.55       79.6        75.95      ]]
budget;3890.78;3872.16;3890.80;3887.81;3880.84;3888.06;3878.07;3891.11;3885.24;3834.25;3885.41;3890.32;3888.47;3874.19;3890.94;3866.93;3869.93;3876.84;3887.37
size;226;243;248;252;228;246;238;226;245;246;240;251;252;247;248;244;251;244;251
#clust;conv1;size20;goal10
#search;maxiter
#search;maxiter
#clust;conv2;size21;goal10
#search;maxiter
#clust;conv1;size20;goal10
#search;maxiter
#clust;conv1;size21;goal10
#search;maxiter
#search;maxiter
#clust;conv1;size20;goal10
#search;maxiter
w;16
#search;maxiter
93.83728098869324
[[78.35       78.15       81.         76.25      ]
 [75.65308529 74.08752149 79.05       78.03988241]
 [80.38340383 76.51680765 79.91680765 77.29344612]
 [79.55       79.15       80.6        76.05      ]
 [77.07993173 76.54921478 75.61814232 78.56846919]
 [80.12559343 78.14942616 79.54942616 76.98563573]
 [77.92559343 78.76296186 80.11710468 76.14917143]
 [78.64218961 77.8326185  78.1826185  77.34218961]
 [81.22000261 76.66331725 77.35133369 75.4453269 ]
 [78.94239247 75.30245467 76.85234523 77.46355508]
 [77.07058219 76.71634245 79.39386983 77.7883849 ]
 [78.15       76.45       80.65       76.5       ]
 [78.65770492 76.5405879  77.54386983 77.66263036]
 [75.4        76.7        78.4        77.85      ]]
budget;3888.87;3890.77;3886.64;3889.27;3891.00;3889.72;3890.85;3891.13;3890.40;3891.21;3890.61;3889.07;3890.78;3891.15
size;244;239;244;245;240;244;245;245;241;242;240;247;238;240
#search;maxiter
#clust;conv1;size20;goal10
#search;maxiter
#search;maxiter
#search;maxiter
#search;maxiter
#search;maxiter
#search;maxiter
#clust;conv1;size20;goal10
#search;maxiter
#search;maxiter
#added;1
#search;maxiter
#search;maxiter
#search;maxiter
#search;maxiter
#search;maxiter
#search;maxiter
w;32
#search;maxiter
172.1943256855011
[[81.44162249 77.69323921 81.41918274 81.03201934]
 [83.42585342 79.51463354 81.75341366 80.35341366]
 [80.95424653 76.45       79.46084931 81.60424653]
 [79.47585342 77.76463354 78.45341366 80.60341366]
 [79.32280391 77.92637116 78.05775773 80.50775773]
 [81.62455697 78.0060577  83.55847    78.33348618]
 [82.         76.85       83.35       77.8       ]
 [78.90888046 75.44038119 82.46888378 78.69389995]
 [82.97585342 79.56463354 82.30341366 79.45341366]
 [82.54652727 76.6295677  82.8768346  77.81509836]
 [82.77585342 78.96084614 82.43826406 80.15341366]
 [83.71576907 77.92481827 80.55061947 79.42860567]
 [82.47585342 80.06084614 81.73826406 79.65341366]
 [81.58487293 76.96637366 83.95886496 78.48388114]]
budget;3890.85;3887.52;3891.22;3890.29;3888.18;3889.82;3890.38;3890.75;3888.61;3891.12;3890.57;3890.44;3890.31;3890.80
size;248;250;245;246;246;241;246;241;248;241;250;249;248;241
#search;maxiter
#search;maxiter
#search;maxiter
#search;maxiter
#search;maxiter
#search;maxiter
#search;maxiter
#search;maxiter
#search;maxiter
#search;maxiter
#search;maxiter
#search;maxiter
#search;maxiter
#search;maxiter
#search;maxiter
#search;maxiter
#search;maxiter
#search;maxiter
#search;maxiter
#search;maxiter
#search;maxiter
#search;maxiter
#search;maxiter
#search;maxiter
#search;maxiter
#search;maxiter
#search;maxiter
#search;maxiter
#search;maxiter
#search;maxiter
#search;maxiter
w;64
#search;maxiter
294.9363489151001
[[81.44162249 77.69323921 81.41918274 81.03201934]
 [82.96800666 77.58720266 84.71800666 77.56800666]
 [83.42585342 79.51463354 81.75341366 80.35341366]
 [80.95424653 76.45       79.46084931 81.60424653]
 [79.47585342 77.76463354 78.45341366 80.60341366]
 [81.62455697 78.0060577  83.55847    78.33348618]
 [79.32280391 77.92637116 78.05775773 80.50775773]
 [82.         76.85       83.35       77.8       ]
 [78.90888046 75.44038119 82.46888378 78.69389995]
 [82.97585342 79.56463354 82.30341366 79.45341366]
 [82.54652727 76.6295677  82.8768346  77.81509836]
 [83.71576907 77.92481827 80.55061947 79.42860567]
 [82.77585342 78.96084614 82.43826406 80.15341366]
 [80.62585342 77.81463354 78.50341366 80.45341366]
 [82.47585342 80.06084614 81.73826406 79.65341366]
 [81.58487293 76.96637366 83.95886496 78.48388114]]
budget;3890.85;3890.57;3887.52;3891.22;3890.29;3889.82;3888.18;3890.38;3890.75;3888.61;3891.12;3890.44;3890.57;3867.08;3890.31;3890.80
size;248;251;250;245;246;241;246;246;241;248;241;249;250;250;248;241
usage;shake;swapRandom=30
usage;shake;swapQuarter=9
usage;shake;swapThird=4
usage;shake;swapHalf=9
usage;shake;swapGroup=12
usage;shake;incrMin=13
usage;shake;incrMax=1
usage;shake;incrRnd=3
usage;shake;rndMin=21
usage;shake;rndMax=9
usage;shake;rndRnd=6
usage;shake;liftIncr=5
usage;shake;liftRnd=6
usage;search;swapOne=28
usage;search;inclRndMin=23
usage;search;inclRndMax=11
usage;search;inclRndRnd=13
usage;search;inclLowMin=31
usage;search;inclLowMax=29
usage;search;inclLowRnd=38
usage;search;inclHighMin=25
usage;search;inclHighMax=39
usage;search;inclHighRnd=23
usage;search;fundAtMin=41
usage;search;fundAtMax=19
usage;search;fundAtRnd=35
usage;search;exclRnd=20
usage;search;exclLow=19
usage;search;exclHigh=35
usage;search;inflGrMin=14
usage;search;inflGrMax=14
usage;search;inflGrRnd=24
usage;search;deflGrMin=35
usage;search;deflGrMax=74
usage;search;deflGrRnd=21
usage;search;exchGrMin=1
usage;search;exchGrMax=23
usage;search;exchGrRnd=15
usage;search;incrMin=46
usage;search;incrMax=58
usage;search;incrRnd=69
usage;search;rndMin=70
usage;search;rndMax=50
usage;search;rndRnd=65
usage;search;liftIncr=143
usage;search;liftRnd=149
end;294.946/1024;63/64;17/18
electre;2.0;[[81.44162249 77.69323921 81.41918274 81.03201934]];3890.8486691138887;248
electre;-7.0;[[82.96800666 77.58720266 84.71800666 77.56800666]];3890.566831136647;251
electre;-12.0;[[83.42585342 79.51463354 81.75341366 80.35341366]];3887.5229520365992;250
electre;3.0;[[80.95424653 76.45       79.46084931 81.60424653]];3891.220824878533;245
electre;11.0;[[79.47585342 77.76463354 78.45341366 80.60341366]];3890.2929520366024;246
electre;-3.0;[[81.62455697 78.0060577  83.55847    78.33348618]];3889.817561927509;241
electre;13.0;[[79.32280391 77.92637116 78.05775773 80.50775773]];3888.181086883747;246
electre;3.0;[[82.   76.85 83.35 77.8 ]];3890.3799999999997;246
electre;11.0;[[78.90888046 75.44038119 82.46888378 78.69389995]];3890.754445264757;241
electre;-13.0;[[82.97585342 79.56463354 82.30341366 79.45341366]];3888.612952036599;248
electre;2.0;[[82.54652727 76.6295677  82.8768346  77.81509836]];3891.122924611793;241
electre;-2.0;[[83.71576907 77.92481827 80.55061947 79.42860567]];3890.4393398879024;249
electre;-9.0;[[82.77585342 78.96084614 82.43826406 80.15341366]];3890.566574847214;250
electre;10.0;[[80.62585342 77.81463354 78.50341366 80.45341366]];3867.082952036602;250
electre;-6.0;[[82.47585342 80.06084614 81.73826406 79.65341366]];3890.306574847215;248
electre;-3.0;[[81.58487293 76.96637366 83.95886496 78.48388114]];3890.7982737631264;241
