64
64000
2 3 4 3
2
0 1 4 170 4 4
24 11 26 38
1 1 6 190 4 4
3 13 9 17 18 48
1700 2380 1 2 130 110 0 0 
2200 2640 3 2 120 105 70 0 
2300 2990 2 2 50 60 70 50 
1900 2850 1 1 0 0 140 150 
2300 2990 3 2 96 70 70 0 
2800 4200 1 2 130 0 110 0 
1800 1980 1 1 120 120 0 0 
1200 1680 1 2 0 130 0 140 
2000 2600 1 2 0 150 0 120 
2800 3360 3 2 140 0 100 0 
2900 4060 2 2 0 130 0 130 
1700 2380 3 1 0 0 120 130 
3000 4200 2 1 140 0 150 0 
2000 2400 2 1 0 70 104 55 
1800 2340 1 2 0 91 104 60 
2600 3900 2 1 88 77 55 0 
1600 2080 3 1 0 0 100 120 
2100 2310 3 2 150 0 120 0 
1700 2210 2 1 110 150 0 0 
2300 3220 1 2 140 110 0 0 
1100 1210 2 1 0 140 0 120 
3000 3300 3 2 112 70 70 0 
3000 3900 1 2 65 70 75 75 
2900 4350 2 2 0 120 0 110 
1600 2240 1 2 104 70 55 0 
1700 2550 1 1 150 0 120 0 
1700 1870 1 2 150 130 0 0 
2900 3770 2 1 0 98 80 60 
1600 1760 2 2 110 0 100 0 
2800 3920 1 1 112 84 50 0 
2300 2760 2 1 65 55 65 70 
1800 2520 2 1 0 0 140 120 
2200 2420 1 2 0 0 130 150 
2500 3500 3 2 0 0 110 130 
1900 2090 1 2 80 98 55 0 
2200 2860 3 2 0 0 130 130 
1800 1980 1 1 70 75 70 75 
1600 2240 3 2 140 150 0 0 
2500 3750 3 2 110 0 100 0 
1300 1690 3 1 110 130 0 0 
1200 1560 1 1 140 0 120 0 
2600 3380 1 2 110 120 0 0 
1100 1650 2 1 55 65 70 65 
1100 1210 1 2 0 130 0 150 
1500 2100 2 2 96 77 65 0 
2600 3380 1 2 100 0 150 0 
1500 2100 2 2 130 0 140 0 
2200 3080 3 1 130 0 150 0 
2600 3120 1 2 0 120 0 130 
2900 3770 1 1 0 105 120 75 
2200 3300 1 1 104 77 65 0 
1600 2400 2 1 0 120 0 110 
2100 3150 3 1 110 110 0 0 
1100 1650 3 2 120 0 120 0 
3000 4500 2 2 75 75 60 55 
2900 3480 2 2 140 130 0 0 
1800 2340 1 1 110 100 0 0 
1000 1300 2 1 0 0 120 140 
2100 3150 3 1 0 0 130 120 
2600 3900 2 1 96 105 75 0 
1200 1320 3 2 100 130 0 0 
2100 2520 2 1 120 0 150 0 
2500 3750 3 1 0 0 100 130 
2200 2420 2 1 150 0 120 0 
