128
128000
2 3 4 3
6
0 1 5 110 3 5
116 124 10 30 31
1 1 4 240 4 4
21 23 119 101
2 1 4 280 3 4
126 1 33 7
3 1 5 160 4 4
113 90 2 51 79
4 1 6 190 3 3
126 50 4 90 79 78
5 1 4 260 3 4
66 92 83 18
1300 1560 2 2 0 110 0 110 
1200 1440 1 2 140 0 150 0 
1600 2240 1 2 100 120 0 0 
1000 1500 3 2 0 0 150 110 
1500 1800 1 2 0 120 0 140 
2800 3360 3 2 0 0 140 140 
3000 4200 2 2 0 150 0 110 
2300 2530 3 1 0 0 110 140 
2000 2200 2 1 50 60 65 60 
2300 2760 2 2 88 84 50 0 
2300 2990 1 2 120 77 50 0 
2000 2800 2 1 0 150 0 130 
3000 3600 2 1 150 110 0 0 
1000 1500 2 2 0 0 150 130 
2800 3080 2 1 100 110 0 0 
2700 2970 1 1 150 0 100 0 
2300 3220 3 1 75 60 50 60 
2100 2520 1 1 112 77 70 0 
2800 4200 3 2 140 0 120 0 
1500 1800 2 2 0 150 0 100 
1400 2100 1 1 120 0 140 0 
2000 2600 1 2 112 98 55 0 
2700 4050 2 2 0 0 140 130 
2300 2760 1 2 0 140 0 110 
1500 2250 3 1 55 75 60 50 
2300 2530 2 1 0 150 0 100 
1100 1210 3 2 100 100 0 0 
2600 3380 2 2 70 60 65 50 
1100 1320 1 1 0 0 120 120 
1500 2100 1 1 140 0 150 0 
2000 2800 1 1 130 150 0 0 
1000 1400 3 2 112 70 50 0 
2200 2640 1 2 0 110 0 110 
2600 2860 2 2 0 120 0 150 
2800 3360 1 2 130 0 140 0 
2400 3600 2 1 80 98 55 0 
1300 1950 1 1 0 120 0 130 
1600 1920 3 2 0 70 80 70 
2400 3360 3 2 100 0 110 0 
2900 4060 2 2 120 84 60 0 
2700 3780 2 2 104 77 65 0 
1700 2550 2 2 0 120 0 150 
2800 3360 2 2 112 77 60 0 
1600 2080 2 1 0 0 110 110 
2700 3240 3 2 0 0 110 150 
2400 2880 3 1 0 0 130 100 
1800 2340 3 1 110 150 0 0 
1300 1430 2 1 0 140 0 130 
1900 2660 3 2 120 0 110 0 
2500 3250 2 1 130 0 140 0 
2400 2640 2 2 0 150 0 120 
2400 3360 2 2 0 105 80 60 
2300 2990 1 1 120 77 75 0 
1700 2380 1 1 140 0 120 0 
1100 1430 1 2 75 50 50 70 
2000 2800 3 1 0 130 0 120 
1100 1320 1 1 50 70 55 50 
2800 4200 1 2 0 0 150 120 
2200 3080 3 1 130 0 120 0 
2300 3450 3 2 50 70 65 60 
2000 2600 2 1 0 0 120 140 
1500 1950 3 1 55 75 70 65 
1400 1960 2 1 140 0 140 0 
3000 3900 2 1 0 110 0 100 
2900 3190 2 1 0 140 0 130 
3000 4500 2 1 60 70 50 65 
2700 3240 1 2 0 91 88 50 
2700 4050 3 2 0 0 110 120 
1600 2400 2 2 120 0 100 0 
1800 2700 2 1 0 0 110 120 
1700 2380 3 2 0 140 0 110 
2600 3640 3 1 55 75 75 55 
1300 1950 3 1 120 0 140 0 
3000 3300 3 2 130 0 100 0 
1500 2100 2 2 100 140 0 0 
1100 1650 2 2 110 0 130 0 
1900 2660 3 1 88 77 70 0 
2300 2760 1 2 0 0 150 150 
1200 1320 3 2 150 140 0 0 
1600 2400 1 1 0 0 150 140 
1100 1320 1 2 0 0 100 120 
2300 3220 3 2 96 98 65 0 
2600 2860 3 2 0 0 120 140 
2300 2990 3 2 0 0 100 100 
1700 2040 3 2 88 91 65 0 
2100 2940 1 1 55 55 75 60 
3000 3900 1 2 150 120 0 0 
1400 1960 1 1 60 65 50 55 
2000 3000 2 2 140 0 120 0 
1400 2100 2 1 0 120 0 140 
2600 3120 2 2 120 100 0 0 
2100 3150 3 2 0 0 150 150 
2700 3240 2 2 0 105 120 60 
2700 3510 1 1 104 84 50 0 
1600 1760 2 2 0 130 0 130 
2600 3900 1 1 0 0 150 110 
2800 3920 2 2 110 0 120 0 
1800 2520 3 2 104 77 55 0 
2800 4200 2 1 120 98 55 0 
1500 2250 2 2 110 0 110 0 
2300 2990 1 2 96 98 55 0 
2000 2200 2 1 0 110 0 120 
1700 2210 2 2 0 77 88 75 
1800 2700 2 1 110 0 100 0 
1900 2660 2 1 0 0 100 100 
1000 1100 1 1 120 98 55 0 
2000 2200 2 1 0 0 140 100 
2700 3510 2 2 0 150 0 120 
1100 1210 2 1 0 70 104 60 
2500 3250 2 2 0 0 120 130 
1200 1800 1 1 130 140 0 0 
1800 2160 1 1 0 150 0 100 
2900 3770 2 2 0 98 96 50 
2100 2940 1 1 96 98 70 0 
1700 2210 1 2 0 130 0 130 
2700 3780 3 1 50 50 55 50 
1800 2160 3 2 0 0 110 130 
2100 2940 3 1 110 130 0 0 
2200 2420 1 1 0 98 104 75 
2600 3900 2 2 100 0 140 0 
2500 3750 3 2 110 120 0 0 
2300 3450 3 2 0 130 0 130 
1900 2090 1 1 120 0 130 0 
1900 2470 3 1 100 140 0 0 
2600 3900 1 1 0 140 0 130 
1200 1680 3 1 100 0 120 0 
3000 3300 3 1 0 0 100 130 
1900 2850 1 1 0 0 130 140 
