#clust;conv2;size20;goal10
#search;maxiter
17.47089385986328
[[150.3        156.8        151.2        150.2       ]
 [151.         155.         152.25       150.9       ]
 [149.40016785 157.03770981 157.25016785 149.38770981]
 [148.31119015 154.88895212 153.03895212 152.33059508]
 [150.5        155.05       153.75       151.9       ]
 [150.3        156.2        153.2        150.2       ]
 [151.00009952 154.37415596 150.91214371 150.54441718]
 [146.8268683  154.90302872 151.69379475 153.68698411]
 [150.55       156.         150.95       149.4       ]
 [150.5        157.75       153.55       149.35      ]
 [148.44439023 155.02845217 153.0221522  152.71379515]
 [149.40016785 157.98770981 157.35016785 149.08770981]
 [150.85       155.95       153.85       151.8       ]
 [148.2043625  156.80607017 155.79528386 150.74244933]
 [149.85       156.1        152.15       151.55      ]]
budget;7564.74;7591.92;7584.86;7479.16;7588.68;7592.42;7584.87;7580.90;7563.80;7589.22;7482.09;7576.92;7590.91;7586.19;7588.58
size;509;503;504;512;502;512;511;501;509;511;512;505;503;507;502
w;1
#search;maxiter
28.159531116485596
[[150.3        156.8        151.2        150.2       ]
 [151.         155.         152.25       150.9       ]
 [149.40016785 157.03770981 157.25016785 149.38770981]
 [148.31119015 154.88895212 153.03895212 152.33059508]
 [150.5        155.05       153.75       151.9       ]
 [150.3        156.2        153.2        150.2       ]
 [151.00009952 154.37415596 150.91214371 150.54441718]
 [146.8268683  154.90302872 151.69379475 153.68698411]
 [150.55       156.         150.95       149.4       ]
 [150.5        157.75       153.55       149.35      ]
 [148.44439023 155.02845217 153.0221522  152.71379515]
 [149.40016785 157.98770981 157.35016785 149.08770981]
 [150.85       155.95       153.85       151.8       ]
 [148.2043625  156.80607017 155.79528386 150.74244933]
 [149.85       156.1        152.15       151.55      ]]
budget;7564.74;7591.92;7584.86;7479.16;7588.68;7592.42;7584.87;7580.90;7563.80;7589.22;7482.09;7576.92;7590.91;7586.19;7588.58
size;509;503;504;512;502;512;511;501;509;511;512;505;503;507;502
w;2
#search;maxiter
39.54289412498474
[[150.3        156.8        151.2        150.2       ]
 [151.         155.         152.25       150.9       ]
 [149.40016785 157.03770981 157.25016785 149.38770981]
 [148.31119015 154.88895212 153.03895212 152.33059508]
 [150.5        155.05       153.75       151.9       ]
 [150.3        156.2        153.2        150.2       ]
 [151.00009952 154.37415596 150.91214371 150.54441718]
 [146.8268683  154.90302872 151.69379475 153.68698411]
 [150.55       156.         150.95       149.4       ]
 [150.5        157.75       153.55       149.35      ]
 [148.44439023 155.02845217 153.0221522  152.71379515]
 [149.40016785 157.98770981 157.35016785 149.08770981]
 [150.85       155.95       153.85       151.8       ]
 [148.2043625  156.80607017 155.79528386 150.74244933]
 [149.85       156.1        152.15       151.55      ]]
budget;7564.74;7591.92;7584.86;7479.16;7588.68;7592.42;7584.87;7580.90;7563.80;7589.22;7482.09;7576.92;7590.91;7586.19;7588.58
size;509;503;504;512;502;512;511;501;509;511;512;505;503;507;502
#search;maxiter
w;4
#search;maxiter
59.29098629951477
[[150.3        156.8        151.2        150.2       ]
 [151.         155.         152.25       150.9       ]
 [149.40016785 157.03770981 157.25016785 149.38770981]
 [148.31119015 154.88895212 153.03895212 152.33059508]
 [150.5        155.05       153.75       151.9       ]
 [150.3        156.2        153.2        150.2       ]
 [151.00009952 154.37415596 150.91214371 150.54441718]
 [146.8268683  154.90302872 151.69379475 153.68698411]
 [150.55       156.         150.95       149.4       ]
 [150.5        157.75       153.55       149.35      ]
 [148.44439023 155.02845217 153.0221522  152.71379515]
 [149.40016785 157.98770981 157.35016785 149.08770981]
 [150.85       155.95       153.85       151.8       ]
 [148.2043625  156.80607017 155.79528386 150.74244933]
 [149.85       156.1        152.15       151.55      ]]
budget;7564.74;7591.92;7584.86;7479.16;7588.68;7592.42;7584.87;7580.90;7563.80;7589.22;7482.09;7576.92;7590.91;7586.19;7588.58
size;509;503;504;512;502;512;511;501;509;511;512;505;503;507;502
#search;maxiter
#search;maxiter
#search;maxiter
w;8
#search;maxiter
101.951180934906
[[150.3        156.8        151.2        150.2       ]
 [151.         155.         152.25       150.9       ]
 [149.40016785 157.03770981 157.25016785 149.38770981]
 [148.31119015 154.88895212 153.03895212 152.33059508]
 [150.5        155.05       153.75       151.9       ]
 [150.3        156.2        153.2        150.2       ]
 [151.00009952 154.37415596 150.91214371 150.54441718]
 [146.8268683  154.90302872 151.69379475 153.68698411]
 [150.55       156.         150.95       149.4       ]
 [150.5        157.75       153.55       149.35      ]
 [148.44439023 155.02845217 153.0221522  152.71379515]
 [149.40016785 157.98770981 157.35016785 149.08770981]
 [150.85       155.95       153.85       151.8       ]
 [148.2043625  156.80607017 155.79528386 150.74244933]
 [149.85       156.1        152.15       151.55      ]]
budget;7564.74;7591.92;7584.86;7479.16;7588.68;7592.42;7584.87;7580.90;7563.80;7589.22;7482.09;7576.92;7590.91;7586.19;7588.58
size;509;503;504;512;502;512;511;501;509;511;512;505;503;507;502
#search;maxiter
#search;maxiter
#search;maxiter
#search;maxiter
#search;maxiter
#search;maxiter
#search;maxiter
w;16
#search;maxiter
181.04441809654236
[[150.3        156.8        151.2        150.2       ]
 [151.         155.         152.25       150.9       ]
 [149.40016785 157.03770981 157.25016785 149.38770981]
 [148.31119015 154.88895212 153.03895212 152.33059508]
 [150.5        155.05       153.75       151.9       ]
 [150.3        156.2        153.2        150.2       ]
 [151.00009952 154.37415596 150.91214371 150.54441718]
 [146.8268683  154.90302872 151.69379475 153.68698411]
 [150.55       156.         150.95       149.4       ]
 [150.5        157.75       153.55       149.35      ]
 [148.44439023 155.02845217 153.0221522  152.71379515]
 [149.40016785 157.98770981 157.35016785 149.08770981]
 [150.85       155.95       153.85       151.8       ]
 [148.2043625  156.80607017 155.79528386 150.74244933]
 [149.85       156.1        152.15       151.55      ]]
budget;7564.74;7591.92;7584.86;7479.16;7588.68;7592.42;7584.87;7580.90;7563.80;7589.22;7482.09;7576.92;7590.91;7586.19;7588.58
size;509;503;504;512;502;512;511;501;509;511;512;505;503;507;502
#search;maxiter
#search;maxiter
#search;maxiter
#search;maxiter
#search;maxiter
#search;maxiter
#search;maxiter
#search;maxiter
#search;maxiter
#shake;stall
usage;shake;swapRandom=5
usage;shake;swapQuarter=7
usage;shake;swapThird=4
usage;shake;swapHalf=4
usage;shake;swapGroup=5
usage;shake;incrMin=3
usage;shake;incrMax=5
usage;shake;incrRnd=4
usage;shake;rndMin=1
usage;shake;rndMax=1
usage;shake;rndRnd=2
usage;shake;liftIncr=8
usage;shake;liftRnd=1
usage;search;swapOne=7
usage;search;inclRndMin=6
usage;search;inclRndMax=14
usage;search;inclRndRnd=11
usage;search;inclLowMin=14
usage;search;inclLowMax=8
usage;search;inclLowRnd=13
usage;search;inclHighMin=9
usage;search;inclHighMax=12
usage;search;inclHighRnd=16
usage;search;fundAtMin=12
usage;search;fundAtMax=12
usage;search;fundAtRnd=8
usage;search;exclRnd=8
usage;search;exclLow=13
usage;search;exclHigh=1
usage;search;inflGrMin=8
usage;search;inflGrMax=12
usage;search;inflGrRnd=12
usage;search;deflGrMin=12
usage;search;deflGrMax=17
usage;search;deflGrRnd=13
usage;search;exchGrMin=8
usage;search;exchGrMax=5
usage;search;exchGrRnd=9
usage;search;incrMin=32
usage;search;incrMax=30
usage;search;incrRnd=28
usage;search;rndMin=33
usage;search;rndMax=44
usage;search;rndRnd=30
usage;search;liftIncr=27
usage;search;liftRnd=36
end;274.444/2048;24/64;18/18
electre;9.0;[[150.3 156.8 151.2 150.2]];7564.7400000000025;509
electre;-2.0;[[151.   155.   152.25 150.9 ]];7591.920000000002;503
electre;-1.0;[[149.40016785 157.03770981 157.25016785 149.38770981]];7584.860678747868;504
electre;-2.0;[[148.31119015 154.88895212 153.03895212 152.33059508]];7479.163468967938;512
electre;-9.0;[[150.5  155.05 153.75 151.9 ]];7588.680000000003;502
electre;1.0;[[150.3 156.2 153.2 150.2]];7592.4199999999955;512
electre;5.0;[[151.00009952 154.37415596 150.91214371 150.54441718]];7584.865945664942;511
electre;5.0;[[146.8268683  154.90302872 151.69379475 153.68698411]];7580.899317765636;501
electre;10.0;[[150.55 156.   150.95 149.4 ]];7563.800000000003;509
electre;2.0;[[150.5  157.75 153.55 149.35]];7589.219999999998;511
electre;-5.0;[[148.44439023 155.02845217 153.0221522  152.71379515]];7482.091938382968;512
electre;-2.0;[[149.40016785 157.98770981 157.35016785 149.08770981]];7576.920678747869;505
electre;-11.0;[[150.85 155.95 153.85 151.8 ]];7590.910000000002;503
electre;-3.0;[[148.2043625  156.80607017 155.79528386 150.74244933]];7586.194374153032;507
electre;3.0;[[149.85 156.1  152.15 151.55]];7588.580000000003;502
