#clust;conv2;size22;goal10
#search;maxiter
18.587082147598267
[[149.42625774 156.34532217 153.19532217 152.91906443]
 [148.88119743 155.25069869 152.32318077 153.36877654]
 [150.8        159.15       153.9        150.        ]
 [148.74044114 155.85       153.29044114 151.35      ]
 [149.6        158.55       155.6        149.15      ]
 [149.47625774 156.95462677 153.03718309 152.79871673]
 [149.08479892 156.50005342 150.46915128 152.89667587]
 [144.8        159.8        152.15       147.35      ]
 [149.84769478 158.14907791 156.19907791 150.19538957]
 [149.82488803 158.11509263 154.26357988 150.5357843 ]
 [148.72625774 155.89532217 152.54532217 154.21906443]
 [149.64411918 158.54411918 155.85       148.84705959]
 [150.25387848 156.38781538 150.65429677 152.81696263]
 [150.88170402 154.33522784 152.94554023 146.79313545]
 [150.8        157.3        149.85       153.        ]
 [149.53325063 156.68991268 155.1217966  150.8992966 ]]
budget;7586.51;7571.92;7586.23;7580.57;7562.24;7579.67;7574.07;7594.01;7589.61;7571.99;7594.86;7576.27;7582.51;7577.18;7594.02;7581.26
size;509;511;504;510;506;508;510;490;505;507;508;505;511;506;510;509
w;1
#search;maxiter
28.471755504608154
[[149.42625774 156.34532217 153.19532217 152.91906443]
 [148.88119743 155.25069869 152.32318077 153.36877654]
 [150.8        159.15       153.9        150.        ]
 [148.74044114 155.85       153.29044114 151.35      ]
 [149.6        158.55       155.6        149.15      ]
 [149.47625774 156.95462677 153.03718309 152.79871673]
 [149.08479892 156.50005342 150.46915128 152.89667587]
 [144.8        159.8        152.15       147.35      ]
 [149.84769478 158.14907791 156.19907791 150.19538957]
 [149.82488803 158.11509263 154.26357988 150.5357843 ]
 [148.72625774 155.89532217 152.54532217 154.21906443]
 [149.64411918 158.54411918 155.85       148.84705959]
 [150.25387848 156.38781538 150.65429677 152.81696263]
 [150.88170402 154.33522784 152.94554023 146.79313545]
 [150.8        157.3        149.85       153.        ]
 [149.53325063 156.68991268 155.1217966  150.8992966 ]]
budget;7586.51;7571.92;7586.23;7580.57;7562.24;7579.67;7574.07;7594.01;7589.61;7571.99;7594.86;7576.27;7582.51;7577.18;7594.02;7581.26
size;509;511;504;510;506;508;510;490;505;507;508;505;511;506;510;509
w;2
#search;maxiter
40.39919590950012
[[149.42625774 156.34532217 153.19532217 152.91906443]
 [148.88119743 155.25069869 152.32318077 153.36877654]
 [150.8        159.15       153.9        150.        ]
 [148.74044114 155.85       153.29044114 151.35      ]
 [149.6        158.55       155.6        149.15      ]
 [149.47625774 156.95462677 153.03718309 152.79871673]
 [149.08479892 156.50005342 150.46915128 152.89667587]
 [144.8        159.8        152.15       147.35      ]
 [149.84769478 158.14907791 156.19907791 150.19538957]
 [149.82488803 158.11509263 154.26357988 150.5357843 ]
 [148.72625774 155.89532217 152.54532217 154.21906443]
 [149.64411918 158.54411918 155.85       148.84705959]
 [150.25387848 156.38781538 150.65429677 152.81696263]
 [150.88170402 154.33522784 152.94554023 146.79313545]
 [150.8        157.3        149.85       153.        ]
 [149.53325063 156.68991268 155.1217966  150.8992966 ]]
budget;7586.51;7571.92;7586.23;7580.57;7562.24;7579.67;7574.07;7594.01;7589.61;7571.99;7594.86;7576.27;7582.51;7577.18;7594.02;7581.26
size;509;511;504;510;506;508;510;490;505;507;508;505;511;506;510;509
#search;maxiter
w;4
#search;maxiter
61.3830132484436
[[149.42625774 156.34532217 153.19532217 152.91906443]
 [148.88119743 155.25069869 152.32318077 153.36877654]
 [150.8        159.15       153.9        150.        ]
 [148.74044114 155.85       153.29044114 151.35      ]
 [149.6        158.55       155.6        149.15      ]
 [149.47625774 156.95462677 153.03718309 152.79871673]
 [149.08479892 156.50005342 150.46915128 152.89667587]
 [144.8        159.8        152.15       147.35      ]
 [149.84769478 158.14907791 156.19907791 150.19538957]
 [149.82488803 158.11509263 154.26357988 150.5357843 ]
 [148.72625774 155.89532217 152.54532217 154.21906443]
 [149.64411918 158.54411918 155.85       148.84705959]
 [150.25387848 156.38781538 150.65429677 152.81696263]
 [150.88170402 154.33522784 152.94554023 146.79313545]
 [150.8        157.3        149.85       153.        ]
 [149.53325063 156.68991268 155.1217966  150.8992966 ]]
budget;7586.51;7571.92;7586.23;7580.57;7562.24;7579.67;7574.07;7594.01;7589.61;7571.99;7594.86;7576.27;7582.51;7577.18;7594.02;7581.26
size;509;511;504;510;506;508;510;490;505;507;508;505;511;506;510;509
#search;maxiter
#search;maxiter
#search;maxiter
w;8
#search;maxiter
107.06165885925293
[[149.42625774 156.34532217 153.19532217 152.91906443]
 [148.88119743 155.25069869 152.32318077 153.36877654]
 [150.8        159.15       153.9        150.        ]
 [148.74044114 155.85       153.29044114 151.35      ]
 [149.6        158.55       155.6        149.15      ]
 [149.47625774 156.95462677 153.03718309 152.79871673]
 [149.08479892 156.50005342 150.46915128 152.89667587]
 [144.8        159.8        152.15       147.35      ]
 [149.84769478 158.14907791 156.19907791 150.19538957]
 [149.82488803 158.11509263 154.26357988 150.5357843 ]
 [148.72625774 155.89532217 152.54532217 154.21906443]
 [149.64411918 158.54411918 155.85       148.84705959]
 [150.25387848 156.38781538 150.65429677 152.81696263]
 [150.88170402 154.33522784 152.94554023 146.79313545]
 [150.8        157.3        149.85       153.        ]
 [149.53325063 156.68991268 155.1217966  150.8992966 ]]
budget;7586.51;7571.92;7586.23;7580.57;7562.24;7579.67;7574.07;7594.01;7589.61;7571.99;7594.86;7576.27;7582.51;7577.18;7594.02;7581.26
size;509;511;504;510;506;508;510;490;505;507;508;505;511;506;510;509
#search;maxiter
#search;maxiter
#search;maxiter
#search;maxiter
#search;maxiter
#search;maxiter
#search;maxiter
w;16
#search;maxiter
200.31240439414978
[[149.42625774 156.34532217 153.19532217 152.91906443]
 [148.88119743 155.25069869 152.32318077 153.36877654]
 [150.8        159.15       153.9        150.        ]
 [148.74044114 155.85       153.29044114 151.35      ]
 [149.6        158.55       155.6        149.15      ]
 [149.47625774 156.95462677 153.03718309 152.79871673]
 [149.08479892 156.50005342 150.46915128 152.89667587]
 [144.8        159.8        152.15       147.35      ]
 [149.84769478 158.14907791 156.19907791 150.19538957]
 [149.82488803 158.11509263 154.26357988 150.5357843 ]
 [148.72625774 155.89532217 152.54532217 154.21906443]
 [149.64411918 158.54411918 155.85       148.84705959]
 [150.25387848 156.38781538 150.65429677 152.81696263]
 [150.88170402 154.33522784 152.94554023 146.79313545]
 [150.8        157.3        149.85       153.        ]
 [149.53325063 156.68991268 155.1217966  150.8992966 ]]
budget;7586.51;7571.92;7586.23;7580.57;7562.24;7579.67;7574.07;7594.01;7589.61;7571.99;7594.86;7576.27;7582.51;7577.18;7594.02;7581.26
size;509;511;504;510;506;508;510;490;505;507;508;505;511;506;510;509
#search;maxiter
#search;maxiter
#search;maxiter
#search;maxiter
#search;maxiter
#search;maxiter
#search;maxiter
#search;maxiter
#search;maxiter
#shake;stall
usage;shake;swapRandom=5
usage;shake;swapQuarter=4
usage;shake;swapThird=4
usage;shake;swapHalf=7
usage;shake;swapGroup=5
usage;shake;incrMin=3
usage;shake;incrMax=2
usage;shake;incrRnd=4
usage;shake;rndMin=7
usage;shake;rndMax=2
usage;shake;rndRnd=2
usage;shake;liftIncr=2
usage;shake;liftRnd=3
usage;search;swapOne=13
usage;search;inclRndMin=13
usage;search;inclRndMax=14
usage;search;inclRndRnd=5
usage;search;inclLowMin=11
usage;search;inclLowMax=15
usage;search;inclLowRnd=7
usage;search;inclHighMin=15
usage;search;inclHighMax=7
usage;search;inclHighRnd=7
usage;search;fundAtMin=10
usage;search;fundAtMax=5
usage;search;fundAtRnd=9
usage;search;exclRnd=14
usage;search;exclLow=3
usage;search;exclHigh=8
usage;search;inflGrMin=11
usage;search;inflGrMax=12
usage;search;inflGrRnd=12
usage;search;deflGrMin=14
usage;search;deflGrMax=11
usage;search;deflGrRnd=13
usage;search;exchGrMin=14
usage;search;exchGrMax=5
usage;search;exchGrRnd=12
usage;search;incrMin=7
usage;search;incrMax=37
usage;search;incrRnd=46
usage;search;rndMin=25
usage;search;rndMax=30
usage;search;rndRnd=34
usage;search;liftIncr=33
usage;search;liftRnd=48
end;303.797/2048;24/64;18/18
electre;-6.0;[[149.42625774 156.34532217 153.19532217 152.91906443]];7586.514533778936;509
electre;-1.0;[[148.88119743 155.25069869 152.32318077 153.36877654]];7571.921568280267;511
electre;-2.0;[[150.8  159.15 153.9  150.  ]];7586.230000000006;504
electre;7.0;[[148.74044114 155.85       153.29044114 151.35      ]];7580.56691104592;510
electre;0.0;[[149.6  158.55 155.6  149.15]];7562.240000000006;506
electre;-2.0;[[149.47625774 156.95462677 153.03718309 152.79871673]];7579.670395515663;508
electre;7.0;[[149.08479892 156.50005342 150.46915128 152.89667587]];7574.065396080741;510
electre;14.0;[[144.8  159.8  152.15 147.35]];7594.010000000004;490
electre;-9.0;[[149.84769478 158.14907791 156.19907791 150.19538957]];7589.611275997502;505
electre;-7.0;[[149.82488803 158.11509263 154.26357988 150.5357843 ]];7571.985137486742;507
electre;-3.0;[[148.72625774 155.89532217 152.54532217 154.21906443]];7594.864533778938;508
electre;-2.0;[[149.64411918 158.54411918 155.85       148.84705959]];7576.268654319712;505
electre;2.0;[[150.25387848 156.38781538 150.65429677 152.81696263]];7582.508068267266;511
electre;8.0;[[150.88170402 154.33522784 152.94554023 146.79313545]];7577.184968429136;506
electre;0.0;[[150.8  157.3  149.85 153.  ]];7594.020000000001;510
electre;-6.0;[[149.53325063 156.68991268 155.1217966  150.8992966 ]];7581.256282431592;509
