128
128000
2 3 4 3
9
0 1 4 120 3 3
126 89 60 8
1 1 6 190 5 5
126 73 65 81 39 58
2 1 2 250 2 2
40 111
3 1 6 110 2 4
52 42 108 28 114 80
4 1 2 240 2 2
92 42
5 1 4 270 3 3
7 9 4 89
6 1 6 210 3 3
60 57 81 80 47 42
7 1 3 300 3 3
101 52 36
8 1 6 170 5 5
16 95 56 41 116 122
1300 1820 3 1 140 0 100 0 
1500 2100 3 1 50 55 60 65 
1500 2250 3 2 75 65 75 70 
1600 2080 3 1 130 130 0 0 
2900 3190 3 2 0 0 100 100 
1700 2380 2 1 65 70 70 55 
2400 3600 3 2 0 77 96 70 
1200 1800 1 2 0 70 88 75 
1300 1820 3 1 55 75 75 70 
2100 2940 2 1 120 84 50 0 
1000 1400 3 1 0 0 150 100 
2000 3000 3 1 0 140 0 120 
2300 2760 1 2 130 110 0 0 
2600 3900 3 2 65 50 75 70 
1300 1690 3 1 120 0 110 0 
2000 2400 1 1 104 77 75 0 
2000 2400 1 2 0 0 130 110 
1400 1960 2 2 0 130 0 130 
1800 2160 2 1 50 75 60 70 
1200 1800 1 1 60 65 65 75 
2400 3360 1 1 104 77 75 0 
2600 3900 3 2 0 0 110 130 
2000 3000 2 1 80 105 65 0 
1100 1320 3 2 0 98 80 75 
1700 2380 2 2 0 105 88 65 
2600 3120 1 2 0 77 88 50 
2600 3640 3 2 130 0 140 0 
1700 2380 2 1 55 65 55 75 
2100 2520 2 1 110 0 130 0 
1300 1950 3 1 140 0 140 0 
2600 3120 2 2 0 0 140 100 
2800 3640 3 1 0 70 112 75 
2100 2940 1 1 150 0 110 0 
1600 2080 2 2 0 0 100 120 
1600 2240 2 1 150 130 0 0 
2600 2860 3 1 120 0 140 0 
2000 2200 3 2 0 120 0 130 
2900 3190 3 1 100 0 130 0 
1100 1650 1 2 0 120 0 130 
2500 3000 2 1 0 0 110 120 
1100 1540 3 1 0 0 120 140 
1000 1200 2 2 0 91 96 65 
3000 3300 1 1 0 0 150 140 
1200 1800 1 2 50 75 65 60 
1400 1540 2 2 100 110 0 0 
2200 3080 3 1 110 0 150 0 
2600 2860 2 1 0 105 80 60 
2700 4050 3 1 0 98 88 50 
1900 2850 3 2 0 150 0 110 
2300 2990 2 1 0 105 88 65 
2200 2420 1 2 0 105 112 60 
1000 1500 3 1 0 98 112 65 
1900 2660 3 2 0 130 0 110 
1700 2210 3 1 50 75 50 70 
1700 2040 1 2 130 110 0 0 
2300 2760 1 1 100 0 150 0 
2800 3080 3 2 100 100 0 0 
2400 2640 3 1 70 65 75 55 
1400 1960 1 1 50 60 60 60 
1900 2280 3 2 120 110 0 0 
2600 3640 3 1 0 98 104 55 
2000 2800 1 1 0 0 150 120 
2200 2860 3 1 112 98 75 0 
1300 1950 2 2 0 140 0 120 
1000 1500 2 2 0 110 0 120 
1800 2160 3 2 0 84 88 55 
1200 1680 2 2 60 60 60 55 
2600 3900 2 2 110 0 150 0 
1300 1690 1 2 0 70 88 50 
1200 1440 1 2 140 0 120 0 
2700 3780 2 2 104 70 75 0 
1900 2850 1 2 0 110 0 110 
2700 4050 3 1 140 0 110 0 
1600 1760 2 2 130 0 130 0 
1700 2550 2 2 0 130 0 120 
1700 2210 2 2 0 70 120 65 
2300 3450 2 2 0 0 110 140 
2900 4350 3 1 0 105 120 75 
1500 1800 1 2 0 105 104 70 
1100 1430 3 2 55 60 70 55 
2200 2420 1 1 96 105 65 0 
1900 2090 1 1 0 120 0 130 
1200 1320 2 2 0 120 0 140 
2000 3000 2 1 0 70 104 65 
2200 2860 1 1 120 0 120 0 
2100 2940 3 1 100 100 0 0 
2400 3600 1 1 130 110 0 0 
1100 1320 2 2 120 110 0 0 
2400 3120 2 1 70 65 65 55 
2200 3300 1 1 100 0 140 0 
2900 4060 3 2 0 84 80 65 
1300 1950 2 1 0 100 0 120 
2600 3900 2 1 0 130 0 120 
1600 1760 1 1 120 120 0 0 
1800 1980 2 2 140 0 150 0 
1500 1650 3 2 104 105 65 0 
1600 2400 1 2 50 65 75 50 
2000 3000 1 1 150 0 130 0 
3000 3600 2 1 0 0 140 100 
2400 2640 2 2 0 70 112 65 
1900 2470 3 1 55 50 75 60 
2800 3080 1 2 0 140 0 150 
1000 1200 1 2 70 70 50 70 
2100 2310 1 1 0 150 0 100 
1800 1980 3 1 0 140 0 100 
1000 1500 3 2 150 150 0 0 
2100 2310 3 1 0 120 0 150 
3000 3600 3 1 0 140 0 110 
2100 2310 2 1 0 0 130 130 
2500 3000 2 2 104 98 70 0 
1000 1100 2 1 110 0 100 0 
3000 3900 3 1 0 84 80 75 
1500 1650 3 1 50 60 55 70 
2600 2860 3 2 100 110 0 0 
1200 1560 2 1 65 65 75 55 
1200 1320 3 2 140 0 100 0 
2100 2730 2 2 104 91 60 0 
1900 2280 1 1 0 91 104 70 
1700 1870 3 1 55 60 70 75 
1400 2100 3 1 0 0 100 140 
1400 1820 1 2 130 120 0 0 
1400 1540 2 2 0 0 100 110 
2500 2750 2 2 100 0 100 0 
2300 3450 2 1 0 70 88 70 
2700 3240 2 1 0 91 88 50 
2200 2640 2 1 104 98 75 0 
1800 1980 3 2 0 84 104 75 
1700 2210 3 2 0 110 0 110 
