256
256000
2 3 4 3
1
0 1 4 130 3 3
226 175 46 204
2100 2730 1 1 130 0 130 0 
1300 1820 2 2 120 91 65 0 
1500 1800 2 1 100 130 0 0 
2100 2520 3 2 0 91 112 55 
1700 2040 3 2 96 91 50 0 
1500 1950 1 2 55 55 65 70 
1000 1300 2 2 0 150 0 130 
2400 3120 1 2 100 0 130 0 
2800 3080 1 2 0 91 112 65 
1000 1100 3 1 130 130 0 0 
2400 3120 2 2 120 77 65 0 
1400 2100 2 1 0 0 130 140 
1400 2100 1 2 0 0 130 140 
2600 3900 2 2 0 0 120 150 
1100 1650 3 2 0 0 100 110 
1800 1980 3 1 0 100 0 150 
1800 2700 2 1 88 84 60 0 
1700 2210 2 1 140 0 120 0 
2400 3360 1 1 104 70 50 0 
2900 3770 3 2 150 140 0 0 
2400 3360 2 1 110 0 100 0 
2500 2750 2 2 104 77 55 0 
2400 3120 1 2 0 0 130 150 
2000 2200 2 1 130 0 140 0 
3000 4500 3 2 55 75 70 60 
2200 2420 2 2 150 0 110 0 
2400 3120 3 2 120 105 60 0 
2200 3300 2 1 0 100 0 120 
2300 2530 3 1 0 98 80 55 
1500 1800 3 1 0 0 130 100 
1500 1650 1 2 0 91 112 70 
2500 3500 2 1 130 120 0 0 
2400 3120 1 1 140 0 120 0 
1900 2280 1 2 120 98 55 0 
2000 2200 1 2 100 0 150 0 
2000 2600 1 2 140 110 0 0 
2600 3380 1 1 0 77 104 65 
2300 2760 2 1 65 55 55 75 
1700 2040 3 2 75 60 65 55 
1300 1950 3 1 0 130 0 100 
2500 3750 2 1 0 0 150 110 
2400 3120 3 2 0 100 0 140 
1600 1920 3 2 120 110 0 0 
2400 3360 3 2 130 0 150 0 
1000 1500 2 2 0 0 130 120 
2500 2750 3 1 0 84 88 75 
2600 3900 2 1 0 70 80 60 
1500 1950 2 2 60 50 55 70 
1500 1650 1 2 0 130 0 140 
2600 3120 1 1 0 120 0 130 
2000 2800 1 1 0 0 130 110 
2100 2940 1 2 110 130 0 0 
2600 3380 3 1 0 130 0 150 
1200 1800 1 2 0 0 120 100 
1000 1100 2 1 110 0 140 0 
1700 2040 3 1 80 70 70 0 
1900 2280 1 2 120 91 50 0 
2800 3080 2 2 0 84 96 60 
3000 3300 1 1 104 70 55 0 
1200 1440 3 2 110 110 0 0 
2600 3900 2 2 96 70 75 0 
1300 1430 1 2 0 70 96 60 
2900 4350 1 1 80 84 65 0 
2000 2800 2 1 130 130 0 0 
1700 2210 2 1 0 140 0 100 
1000 1500 3 1 0 0 120 120 
1700 2550 2 2 120 91 50 0 
2300 3220 3 1 100 150 0 0 
1700 2380 3 1 0 150 0 150 
1900 2850 1 1 0 130 0 110 
1800 1980 2 1 0 0 100 100 
2900 3190 1 2 0 84 88 65 
1600 2080 2 1 88 105 55 0 
2900 4350 1 1 0 0 120 130 
1500 1800 2 1 120 0 130 0 
1200 1680 2 1 110 0 120 0 
1900 2470 2 1 100 150 0 0 
2400 3120 2 2 75 55 75 55 
2700 3780 1 1 0 98 80 50 
1000 1200 3 1 130 120 0 0 
1700 2210 3 1 0 100 0 150 
1200 1320 3 1 112 105 50 0 
1400 1680 2 1 0 105 104 65 
1100 1650 2 2 0 120 0 140 
1300 1690 1 2 140 0 110 0 
2800 3920 1 2 140 0 140 0 
1300 1820 2 2 0 0 120 140 
2300 3220 1 2 80 77 65 0 
1300 1430 3 2 110 0 140 0 
2100 2520 1 1 0 105 80 65 
1300 1690 3 2 150 0 110 0 
3000 3300 3 2 0 150 0 140 
1800 2520 2 1 0 120 0 140 
2200 3300 2 1 0 150 0 140 
2600 3120 1 1 0 77 112 75 
1900 2660 2 2 0 110 0 110 
1100 1650 2 1 96 105 65 0 
1700 2550 2 1 0 91 120 65 
1000 1100 1 2 80 77 75 0 
1900 2090 2 2 0 91 88 55 
2500 3000 2 2 100 110 0 0 
2000 2600 3 1 120 77 50 0 
1000 1100 1 2 0 105 120 60 
1300 1820 2 1 0 0 140 110 
1400 1680 3 1 120 0 120 0 
1500 2100 1 1 0 70 88 60 
2400 3360 2 1 0 0 100 140 
2000 2600 1 2 65 65 60 70 
2600 3120 1 2 60 75 60 50 
1000 1100 2 2 100 140 0 0 
2700 4050 3 1 0 140 0 120 
1400 1540 2 1 100 100 0 0 
2100 2310 3 2 0 140 0 120 
1100 1210 2 1 0 0 130 110 
1000 1300 3 1 120 70 55 0 
2700 3240 3 2 0 120 0 130 
2100 2310 3 2 0 100 0 110 
1900 2850 3 1 65 70 70 50 
1100 1320 1 2 0 0 140 110 
1300 1430 3 2 100 150 0 0 
1500 1800 3 2 120 140 0 0 
1500 2100 3 2 0 120 0 110 
2700 3510 1 2 65 75 75 65 
1800 2520 3 2 130 130 0 0 
1700 2550 3 2 80 98 55 0 
2000 2600 1 2 0 0 140 140 
2600 3120 2 1 150 100 0 0 
1200 1680 3 1 0 77 88 60 
1000 1200 1 1 104 98 70 0 
2700 2970 2 2 0 130 0 120 
1600 1760 1 1 0 120 0 110 
2100 3150 1 1 0 0 150 120 
2800 3640 2 1 0 110 0 130 
2200 2420 2 1 0 0 140 150 
2300 3450 2 2 0 84 80 50 
1800 2340 3 2 0 140 0 130 
1200 1560 3 1 0 0 150 110 
2500 2750 1 2 0 140 0 110 
1700 2210 1 1 70 70 60 65 
3000 4500 3 2 0 105 112 70 
2600 3640 3 2 100 100 0 0 
1400 2100 2 2 0 150 0 110 
1900 2280 1 2 75 55 70 60 
2900 3190 3 1 80 70 65 0 
2000 2400 1 2 0 0 120 130 
2400 2640 2 1 0 91 96 70 
2600 3640 3 2 100 0 120 0 
1000 1400 2 1 55 55 55 70 
2500 3250 3 1 96 91 75 0 
1100 1430 3 1 0 0 140 100 
2200 2860 3 1 0 0 120 100 
2500 3250 2 1 0 0 110 100 
2200 2420 2 1 0 130 0 140 
1600 2240 3 2 100 110 0 0 
1600 2080 2 1 0 100 0 130 
2100 2730 1 1 0 110 0 140 
1400 1960 1 1 0 150 0 100 
1200 1800 2 1 0 70 80 60 
2400 2880 3 1 55 70 50 75 
1300 1690 2 2 0 0 140 140 
1200 1440 1 1 110 110 0 0 
2500 3250 3 1 0 0 140 140 
2900 3480 3 1 0 120 0 150 
1100 1210 2 1 0 0 100 140 
2400 2880 3 2 0 91 120 70 
2700 3240 1 2 112 91 75 0 
1000 1300 1 2 88 84 50 0 
3000 4200 3 2 150 0 100 0 
2900 4060 1 2 70 55 50 50 
2500 2750 2 1 0 150 0 150 
2400 3120 1 1 0 91 120 65 
2600 3380 3 2 0 91 96 55 
1300 1560 1 2 75 65 55 75 
2600 3640 1 1 120 0 140 0 
2900 3190 2 2 60 55 70 75 
2800 3920 2 2 50 50 50 60 
1100 1650 1 2 0 130 0 110 
1900 2470 1 2 0 150 0 120 
1600 2400 3 1 60 60 50 60 
2500 3000 2 1 0 98 80 60 
1400 1960 2 1 88 98 65 0 
1600 2400 1 2 0 105 88 70 
1900 2660 3 1 110 0 130 0 
2800 3640 2 1 96 77 75 0 
1000 1500 3 1 50 70 50 50 
2600 2860 3 2 120 0 150 0 
2500 2750 1 2 0 130 0 120 
1700 2210 2 1 140 110 0 0 
1200 1680 2 1 120 91 70 0 
2100 2940 3 1 150 0 130 0 
1600 2240 3 2 80 84 60 0 
2800 4200 2 1 100 100 0 0 
2300 3450 3 2 0 70 88 65 
2600 3640 1 1 0 110 0 100 
2000 2400 3 1 120 91 65 0 
2100 2730 1 2 96 105 75 0 
1300 1560 1 1 0 91 96 65 
2400 3600 1 1 130 0 100 0 
2000 2800 1 1 96 98 70 0 
1600 1760 1 2 0 0 130 120 
1700 2040 1 1 0 100 0 100 
1800 2700 2 1 120 105 70 0 
3000 4200 3 1 0 0 130 100 
2800 3920 3 2 140 130 0 0 
1700 2550 3 2 140 130 0 0 
2500 3000 2 1 140 140 0 0 
2000 2400 3 2 0 0 130 100 
2800 3640 2 1 70 50 60 70 
2200 2420 2 1 88 77 70 0 
2200 2420 3 1 130 150 0 0 
1500 1800 3 2 0 100 0 120 
1800 1980 2 1 0 0 100 130 
2700 2970 1 1 0 91 120 55 
2700 3240 1 2 50 60 55 50 
2800 3920 3 1 0 140 0 110 
1700 2040 3 1 130 0 130 0 
1500 1800 1 1 65 60 65 65 
1500 2100 3 2 0 84 120 70 
2500 3750 2 2 88 105 55 0 
2300 3220 2 1 0 0 140 130 
2900 4060 3 1 96 77 75 0 
1600 2400 1 2 0 140 0 150 
1700 2210 3 1 0 70 88 55 
1200 1800 2 2 130 0 120 0 
3000 3600 1 1 0 110 0 100 
1900 2470 3 2 70 70 65 55 
2600 3640 2 1 100 0 120 0 
2000 2400 2 1 0 100 0 150 
2500 2750 1 2 130 0 100 0 
1200 1440 2 1 0 0 130 130 
1400 1680 2 1 0 150 0 120 
2000 2600 2 2 0 84 120 65 
1100 1320 3 1 0 0 110 140 
2600 3120 3 2 0 130 0 130 
2400 2640 3 1 96 91 55 0 
2600 3120 3 2 0 130 0 130 
1300 1430 1 1 120 91 50 0 
2200 2420 1 2 75 75 70 60 
1900 2660 3 2 0 120 0 130 
2000 2200 1 1 70 55 60 60 
2800 4200 1 2 0 0 100 150 
2600 3900 2 2 75 65 65 65 
1500 1950 2 1 0 77 96 65 
1800 2520 3 2 80 98 65 0 
3000 3900 2 2 0 130 0 130 
2500 2750 1 1 55 50 60 50 
2000 2200 3 2 0 0 140 110 
1900 2850 2 2 0 150 0 120 
2600 3380 2 2 104 84 50 0 
2900 4060 1 2 104 70 65 0 
2900 3770 3 2 0 98 88 60 
1600 2240 1 2 0 98 96 75 
2000 2200 2 1 65 50 60 60 
1900 2470 3 1 0 130 0 130 
2100 2940 1 1 0 0 100 110 
2800 3920 1 1 0 0 140 100 
