1 71.25 67.0 85.0 80.75  75.5
2 73.25 68.0 86.0 83.0  77.5
3 73.25 66.0 85.0 82.75  77.5
4 73.0 67.0 85.0 81.0  76.0
5 74.25 67.0 85.0 81.75  79.0
6 72.25 66.0 85.0 81.75  76.5
7 644.25 589.0 800.0 738.75  695.5
8 552.25 528.0 721.0 676.25  602.5
9 630.0 582.0 839.0 787.25  698.5
10 619.25 565.0 814.0 758.5  669.0
11 644.25 567.0 761.0 717.0  708.5
12 550.25 526.0 741.0 650.0  619.5
13 682.75 643.0 903.0 858.5  771.0
14 667.0 584.0 853.0 800.25  754.0
15 707.25 655.0 928.0 873.0  798.0
16 681.25 637.0 845.0 778.75  763.0
17 703.5 622.0 830.0 777.0  763.0
18 707.5 647.0 914.0 871.5  795.5
19 702.25 615.0 850.0 812.75  784.5
20 613.0 549.0 738.0 692.0  644.0
