20
500000000
45 25 25 5 
50000000  2  1  25000  0  30000  0  
49750000  1  1  0  10000  30000  0  
49500000  2  2  25000  0  0  45000  
49250000  1  2  0  5000  15000  0  
49000000  1  2  10000  0  0  30000  
48750000  1  2  0  50000  30000  0  
48500000  2  2  10000  0  0  60000  
48250000  2  1  10000  0  0  60000  
48000000  1  1  20000  0  0  30000  
47750000  2  2  40000  0  0  45000  
47500000  3  1  0  30000  60000  0  
47250000  1  1  0  35000  60000  0  
47000000  1  1  25000  0  45000  0  
46750000  2  1  0  40000  0  60000  
46500000  2  2  50000  0  0  45000  
46250000  1  1  25000  0  60000  0  
46000000  1  2  10000  0  60000  0  
45750000  3  1  0  25000  30000  0  
45500000  2  2  0  25000  60000  0  
45250000  3  1  40000  0  0  60000  
