100
250000
23  14  11  14  11  7  9  7  4 
5000 1   1  0  0  5000  0  0  15000  54000  0  0  
4975 2   2  0  20000  0  0  0  45000  0  0  30000  
4950 2   1  40000  0  0  0  45000  0  0  0  6000  
4925 2   2  40000  0  0  0  30000  0  0  12000  0  
4900 1   2  45000  0  0  0  0  45000  0  0  54000  
4875 2   1  45000  0  0  30000  0  0  0  30000  0  
4850 2   1  0  0  15000  0  45000  0  54000  0  0  
4825 1   1  0  0  50000  0  0  15000  42000  0  0  
4800 2   2  40000  0  0  0  0  30000  0  54000  0  
4775 2   2  0  50000  0  0  0  15000  18000  0  0  
4750 3   2  0  10000  0  15000  0  0  0  0  24000  
4725 3   2  10000  0  0  0  30000  0  30000  0  0  
4700 1   2  50000  0  0  0  0  15000  0  0  60000  
4675 1   2  0  30000  0  15000  0  0  6000  0  0  
4650 2   1  0  0  50000  0  0  30000  0  0  12000  
4625 1   2  50000  0  0  30000  0  0  0  42000  0  
4600 1   1  0  15000  0  0  45000  0  54000  0  0  
4575 3   1  0  0  50000  0  0  15000  0  0  60000  
4550 1   1  0  20000  0  0  45000  0  0  42000  0  
4525 1   1  0  0  25000  60000  0  0  0  12000  0  
4500 3   2  25000  0  0  0  0  60000  0  0  6000  
4475 3   2  25000  0  0  0  15000  0  0  54000  0  
4450 1   2  15000  0  0  0  60000  0  0  0  54000  
4425 3   1  25000  0  0  30000  0  0  0  0  12000  
4400 3   1  5000  0  0  0  30000  0  0  0  60000  
4375 3   2  25000  0  0  45000  0  0  0  54000  0  
4350 2   1  0  0  35000  0  0  30000  42000  0  0  
4325 2   1  0  30000  0  0  15000  0  0  6000  0  
4300 3   2  10000  0  0  0  0  60000  0  0  48000  
4275 1   1  25000  0  0  45000  0  0  60000  0  0  
4250 2   2  40000  0  0  60000  0  0  0  36000  0  
4225 2   1  20000  0  0  0  30000  0  0  0  6000  
4200 2   1  0  15000  0  0  30000  0  54000  0  0  
4175 2   2  0  0  35000  60000  0  0  0  0  36000  
4150 2   2  0  0  30000  0  0  15000  0  24000  0  
4125 1   2  0  30000  0  15000  0  0  42000  0  0  
4100 2   2  0  0  45000  60000  0  0  0  0  54000  
4075 2   1  0  0  40000  45000  0  0  0  12000  0  
4050 2   1  0  0  25000  0  30000  0  0  0  24000  
4025 2   2  25000  0  0  15000  0  0  0  48000  0  
4000 1   2  0  0  15000  0  0  60000  42000  0  0  
3975 1   1  35000  0  0  0  45000  0  0  0  18000  
3950 2   1  0  0  30000 30000  0  0  24000  0  0  
3925 3   1  0  0  40000  60000  0  0  0  0  60000  
3900 1   2  25000  0  0  0  15000  0  0  0  18000  
3875 2   1  50000  0  0  0  0  30000  0  0  42000  
3850 1   2  0  0  35000  15000  0  0  0  0  30000  
3825 3   2  0  0  30000  15000  0  0  0  6000  0  
3800 2   1  25000  0  0  0  45000  0  0  0  42000  
3775 3   1  0  0  15000  0  0  30000  0  0  30000  
3750 3   2  50000  0  0  0  0  45000  12000  0  0  
3725 1   2  20000  0  0  0  45000  0  18000  0  0  
3700 3   2  10000  0  0  0  45000  0  30000  0  0  
3675 3   1  0  25000  0  0  45000  0  0  60000  0  
3650 1   2  10000  0  0  0  0  60000 12000  0  0  
3625 3   2  30000  0  0  0  30000  0  0  0  18000  
3600 3   1  0  15000  0  0  0  15000  0  0  36000  
3575 1   2  0  40000  0  0  0  45000  0  0  54000  
3550 2   2  50000  0  0  0  0  45000  0  0  36000  
3525 3   1  50000  0  0  0  45000  0  0  0  30000  
3500 1   1  0  0  15000  0  45000  0  54000  0  0  
3475 2   1  5000  0  0  0  45000  0  0  0  6000  
3450 2   2  30000  0  0  0  0  30000 12000  0  0  
3425 1   2  0  0  20000  0  0  45000  30000  0  0  
3400 1   2  0  0  35000  60000  0  0  0  6000  0  
3375 3   1  0  35000  0  0  60000  0  12000  0  0  
3350 1   1  0  20000  0  0  0  60000 12000  0  0  
3325 1   1  0  0  20000 15000  0  0  36000  0  0  
3300 2   2  0  0  40000 30000  0  0  30000  0  0  
3275 1   2  0  50000  0  0  0  60000  0  0  48000  
3250 2   1  0  5000  0  30000  0  0  0  0  24000  
3225 3   1  0  25000  0  0  0  45000  0  60000  0  
3200 2   1  0  40000  0  0  45000  0  0  0  48000  
3175 2   2  0  50000  0  0  45000  0  0  0  54000  
3150 2   2  0  0  45000  60000  0  0  0  12000  0  
3125 2   1  5000  0  0  0  0  15000  0  0  12000  
3100 3   2  0  0  20000  45000  0  0  0  0  18000  
3075 3   1  0  40000  0  15000  0  0  0  48000  0  
3050 3   1  0  40000  0  0  0  45000  0  18000  0  
3025 2   1  25000  0  0  0  15000  0  12000  0  0  
3000 3   1  0  0  20000  0  45000  0  48000  0  0  
2975 2   1  20000  0  0  30000  0  0  0  12000  0  
2950 1   2  30000  0  0  30000  0  0  0  0  60000  
2925 2   1  50000  0  0  0  60000  0  0  48000  0  
2900 1   1  0  0  25000  60000  0  0  0  30000  0  
2875 3   2  20000  0  0  0  0  60000  0  36000  0  
2850 2   2  40000  0  0  0  45000  0  0  12000  0  
2825 2   1  15000  0  0  15000  0  0  0  18000  0  
2800 3   2  0  15000  0  45000  0  0  0  0  36000  
2775 3   1  0  20000  0  0  15000  0  0  48000  0  
2750 1   2  0  10000  0  0  30000  0  30000  0  0  
2725 2   2  20000  0  0  0  60000  0  42000  0  0  
2700 3   2  0  0  30000  0  30000  0  0  18000  0  
2675 3   1  10000  0  0  15000  0  0  0  0  12000  
2650 2   1  50000  0  0  0  15000  0  0  60000  0  
2625 2   1  0  10000  0  0  60000  0  0  18000  0  
2600 3   2  0  0  35000  0  45000  0  0  0  24000  
2575 2   2  0  35000  0  0  15000  0  0  48000  0  
2550 1   1  0  0  45000  45000  0  0  6000  0  0  
2525 1   2  0  45000  0  60000  0  0  0  0  54000  
