128
128000
2 3 4 3
9
0 1 2 170 2 2
51 64
1 1 7 210 6 6
9 34 19 117 88 25 94
2 1 8 130 4 5
83 56 9 98 15 20 6 17
3 1 8 110 7 8
59 56 115 77 95 123 55 25
4 1 4 200 3 4
1 48 113 109
5 1 6 290 6 6
79 93 18 111 110 66
6 1 3 160 3 3
36 79 124
7 1 8 210 7 8
7 41 109 21 106 47 23 76
8 1 5 250 5 5
111 60 50 55 58
2100 2310 2 1 112 84 55 0 
2100 2940 3 1 120 150 0 0 
1000 1200 1 1 0 84 120 75 
2800 3920 1 2 0 120 0 110 
2200 3080 2 2 140 0 130 0 
1300 1820 3 2 60 55 70 50 
2400 2640 3 2 0 0 110 100 
3000 3300 2 1 0 120 0 150 
1800 2340 3 2 120 91 50 0 
2000 2600 2 1 0 0 110 130 
2300 3220 2 2 140 0 120 0 
1700 2380 2 2 150 0 150 0 
2600 2860 3 2 0 130 0 100 
2900 3190 2 1 0 0 130 140 
2700 4050 1 1 150 140 0 0 
2000 2600 3 2 0 91 104 70 
2100 2940 2 1 0 98 120 75 
1200 1320 2 2 96 84 55 0 
1700 1870 2 1 50 70 60 55 
1600 1760 3 1 140 0 110 0 
2400 3120 2 1 0 0 150 130 
2100 2310 2 1 140 0 120 0 
1500 1950 2 2 88 84 70 0 
1800 2160 3 2 0 105 88 70 
2300 3450 2 2 100 0 140 0 
2500 3500 1 1 96 77 65 0 
1200 1320 2 2 96 105 70 0 
1500 1950 3 2 100 0 150 0 
1800 2700 1 1 130 0 140 0 
2900 3480 3 2 112 98 55 0 
2000 2800 3 1 0 0 120 140 
2900 4350 1 1 0 0 120 110 
1300 1820 2 2 55 75 50 65 
3000 3300 3 1 0 105 96 75 
1800 2340 2 1 0 0 150 110 
2500 2750 2 1 0 105 88 60 
1100 1210 3 2 0 0 130 120 
1200 1440 1 1 130 0 120 0 
2300 3220 2 2 104 77 75 0 
2200 2860 2 1 0 100 0 110 
2200 2420 2 1 0 0 110 130 
2400 3360 2 1 60 65 60 60 
1200 1560 2 1 0 70 96 70 
2700 3510 1 2 96 77 65 0 
1000 1500 1 1 0 140 0 110 
2800 3640 2 1 96 84 75 0 
1600 2080 2 1 120 98 75 0 
3000 3300 1 2 0 130 0 110 
2400 2880 1 1 0 140 0 130 
2300 3450 1 2 110 150 0 0 
2300 2990 3 1 60 75 55 70 
1300 1560 3 1 150 110 0 0 
1800 1980 2 1 0 77 88 50 
2800 3640 3 1 0 120 0 100 
2700 3780 2 2 0 100 0 130 
1500 2100 3 1 0 98 112 50 
2800 3360 3 2 50 60 60 70 
1800 1980 3 1 110 130 0 0 
2900 4350 2 1 0 130 0 140 
1100 1540 2 2 88 77 60 0 
2100 2730 3 2 65 55 65 65 
1300 1820 1 2 112 84 75 0 
2600 2860 3 1 0 0 140 100 
1600 2240 2 1 0 98 88 75 
2700 3240 1 1 0 84 104 60 
1400 1960 2 2 0 0 100 130 
2100 2940 1 1 88 105 60 0 
1100 1210 2 1 0 91 96 50 
2400 3600 2 2 0 77 88 75 
2400 2640 1 2 130 150 0 0 
1100 1540 2 2 120 0 120 0 
2500 3500 2 1 0 0 120 140 
2000 2600 2 1 88 77 75 0 
2700 3510 2 1 96 105 70 0 
1100 1540 3 2 0 0 110 100 
2100 2520 3 2 0 105 80 65 
2800 3640 1 2 0 105 112 75 
1100 1210 1 2 100 110 0 0 
1300 1430 3 2 112 77 75 0 
1700 2550 1 2 0 0 110 120 
2200 2860 2 1 110 0 130 0 
2500 2750 3 1 112 70 55 0 
2200 2860 2 1 96 70 65 0 
2200 2420 1 2 0 0 150 110 
1600 1920 2 2 60 55 50 70 
1800 2700 2 2 88 105 60 0 
1300 1950 3 1 120 105 50 0 
1200 1800 1 2 50 65 55 65 
1300 1560 1 1 0 0 120 120 
2200 3300 3 1 96 105 55 0 
1100 1210 2 1 55 65 65 60 
1500 1950 2 1 140 110 0 0 
1100 1320 2 1 100 0 150 0 
1700 2380 3 2 96 91 70 0 
1600 2080 3 1 120 84 60 0 
1100 1650 1 2 140 0 100 0 
2100 2940 1 2 0 140 0 150 
2800 3920 2 1 0 110 0 140 
2700 4050 1 1 0 120 0 130 
2600 3380 3 2 0 105 80 60 
1900 2280 3 1 0 0 150 110 
1900 2280 3 1 0 0 120 100 
1700 2550 3 2 80 105 60 0 
2100 2730 1 1 140 130 0 0 
1300 1820 2 1 150 120 0 0 
2800 3080 1 2 140 100 0 0 
2200 2640 3 2 0 98 104 60 
2800 4200 3 2 100 110 0 0 
1000 1400 2 1 60 50 55 65 
2900 3480 2 2 0 84 80 60 
2000 2400 1 1 0 77 104 50 
1600 2080 3 1 0 0 110 100 
3000 3600 3 1 70 55 70 50 
1400 1680 3 1 120 105 50 0 
1000 1300 1 1 0 0 130 120 
1100 1540 2 1 0 120 0 110 
2300 3220 3 1 0 0 110 100 
2500 3500 3 2 0 100 0 140 
1600 2400 1 2 100 0 110 0 
1900 2090 3 2 104 91 75 0 
2400 3600 1 1 130 110 0 0 
2100 2940 1 1 0 105 88 70 
2600 3120 2 1 88 70 50 0 
1500 1650 3 2 0 140 0 110 
2100 2520 1 2 0 120 0 150 
2200 2420 2 1 100 130 0 0 
3000 3300 3 1 0 98 120 50 
1200 1320 1 2 100 100 0 0 
