1024
1024000
2 3 4 3
67
0 1 8 220 2 3
319 310 432 992 619 67 790 353
1 1 5 130 4 4
292 904 1021 386 107
2 1 2 280 2 2
377 940
3 1 4 180 2 2
364 357 452 935
4 1 2 210 2 2
540 604
5 1 7 210 5 5
245 1015 548 755 133 852 67
6 1 7 280 2 5
905 1001 410 523 837 863 413
7 1 2 280 2 2
479 35
8 1 3 180 2 2
636 1007 670
9 1 8 290 4 5
592 0 459 565 643 359 856 698
10 1 7 130 2 2
530 15 639 615 545 719 310
11 1 5 200 3 5
269 207 471 944 519
12 1 8 170 3 3
121 409 63 19 717 317 283 610
13 1 5 280 4 4
596 670 463 545 341
14 1 3 140 3 3
573 33 841
15 1 2 100 2 2
548 5
16 1 3 180 3 3
582 112 340
17 1 5 160 4 4
347 95 82 541 927
18 1 8 290 5 7
90 989 808 944 183 77 116 19
19 1 5 100 5 5
496 320 567 449 586
20 1 5 250 5 5
451 746 161 849 418
21 1 4 270 2 3
844 414 231 76
22 1 2 280 2 2
710 863
23 1 3 210 3 3
150 14 36
24 1 7 160 4 4
669 670 3 374 147 223 781
25 1 5 240 5 5
989 188 135 260 709
26 1 3 260 2 3
284 438 377
27 1 3 280 3 3
138 646 227
28 1 7 240 7 7
296 243 440 564 384 93 346
29 1 7 110 7 7
156 913 492 669 39 987 27
30 1 2 290 2 2
248 74
31 1 8 240 4 8
389 211 443 832 6 438 683 480
32 1 3 150 2 3
656 268 541
33 1 6 280 4 5
940 893 685 773 697 101
34 1 6 100 2 3
987 839 513 780 836 957
35 1 8 220 6 7
19 503 829 903 339 755 592 179
36 1 2 120 2 2
731 756
37 1 8 220 5 8
87 884 743 982 737 367 619 798
38 1 6 130 5 6
110 699 556 812 776 49
39 1 2 220 2 2
294 952
40 1 8 250 2 8
543 721 152 17 597 71 368 453
41 1 6 250 3 5
444 911 656 53 290 638
42 1 4 170 4 4
262 613 708 420
43 1 3 100 3 3
327 353 588
44 1 6 220 3 5
30 391 341 207 316 605
45 1 7 100 6 6
224 501 396 269 340 60 769
46 1 7 250 5 6
38 695 804 422 1 486 869
47 1 2 110 2 2
953 676
48 1 8 280 7 8
165 1016 943 510 177 471 962 629
49 1 4 130 4 4
152 800 448 532
50 1 8 150 8 8
68 467 976 544 890 672 959 13
51 1 7 300 4 4
987 785 952 505 542 603 180
52 1 3 180 2 2
90 578 446
53 1 2 220 2 2
23 817
54 1 4 300 4 4
350 1011 109 933
55 1 7 100 4 7
915 362 11 892 405 223 872
56 1 3 250 3 3
554 510 470
57 1 7 290 2 7
68 935 934 246 282 808 879
58 1 5 110 2 4
124 38 550 760 710
59 1 2 300 2 2
958 106
60 1 5 180 3 3
327 929 315 119 238
61 1 6 290 3 3
190 476 194 188 929 866
62 1 4 230 3 3
630 672 901 971
63 1 2 200 2 2
519 925
64 1 6 270 6 6
328 341 402 361 5 72
65 1 7 100 3 6
441 10 338 978 956 550 357
66 1 4 200 3 3
429 501 32 106
1400 2100 1 2 100 0 100 0 
1200 1560 2 1 0 140 0 150 
2600 2860 3 2 110 0 140 0 
1000 1100 3 2 100 0 110 0 
1800 2520 2 1 0 130 0 100 
1000 1300 2 1 0 110 0 120 
1800 2520 2 1 50 60 70 75 
2700 2970 1 1 0 0 130 110 
3000 4200 1 2 75 55 65 65 
2700 4050 2 1 120 0 130 0 
1000 1500 2 1 0 0 140 140 
1200 1440 1 2 120 130 0 0 
1900 2470 1 2 140 130 0 0 
3000 3900 1 1 0 98 80 70 
1900 2280 1 2 0 140 0 130 
2200 3080 2 2 0 84 112 65 
1500 1950 2 2 0 84 120 55 
2600 3900 3 2 0 91 96 70 
1300 1430 2 2 0 120 0 140 
1300 1690 2 1 0 84 104 75 
2700 3510 2 2 150 130 0 0 
1900 2090 1 2 80 77 70 0 
1600 2080 1 2 75 70 60 50 
2300 2530 1 1 0 110 0 130 
2400 2880 2 2 100 0 150 0 
1500 1800 1 2 0 0 150 150 
1300 1560 3 2 0 130 0 120 
1200 1320 2 2 75 50 75 75 
2300 3450 2 2 0 140 0 140 
3000 3600 3 1 140 140 0 0 
2900 3770 3 2 120 0 140 0 
2600 2860 2 1 0 70 80 65 
2000 3000 3 2 110 0 140 0 
2400 2880 2 1 140 0 140 0 
1300 1820 3 1 140 120 0 0 
2300 2530 1 1 0 120 0 140 
1800 2700 3 2 80 84 60 0 
2600 2860 3 1 88 70 75 0 
2800 3920 3 1 104 84 50 0 
1300 1560 1 2 65 50 60 75 
1700 2380 2 2 0 0 140 100 
2800 4200 2 1 150 0 120 0 
1500 1650 2 1 60 65 75 65 
1200 1440 3 1 75 50 65 75 
1000 1500 1 2 0 98 96 75 
2500 2750 1 2 0 0 130 150 
2200 2420 1 2 75 50 50 70 
1700 2550 2 2 0 0 140 150 
2500 3500 3 2 0 0 140 100 
2200 2640 1 1 75 55 65 55 
2000 3000 1 1 96 91 50 0 
2900 3770 1 1 140 0 150 0 
1900 2090 3 1 130 0 110 0 
2100 2310 3 1 0 120 0 140 
2400 3360 2 1 112 91 75 0 
2200 2420 3 2 0 0 110 110 
2300 2760 2 2 0 0 120 110 
1900 2850 3 1 0 77 88 75 
2700 3240 1 2 104 84 60 0 
1800 2700 3 2 0 0 130 150 
1200 1800 3 2 70 60 55 60 
1400 2100 1 1 110 110 0 0 
1600 2400 3 1 0 110 0 150 
1200 1680 2 1 0 110 0 110 
1600 2080 1 2 130 150 0 0 
1600 1760 2 1 104 98 60 0 
1000 1300 2 2 60 55 50 75 
2400 2880 1 1 65 70 70 60 
1900 2850 2 2 0 77 88 60 
1500 2100 2 2 0 140 0 130 
2400 3360 3 1 0 84 112 65 
2700 2970 2 1 100 0 110 0 
2400 3360 1 1 0 130 0 140 
1700 2550 1 1 112 105 75 0 
1800 2700 2 1 130 0 140 0 
1700 1870 3 1 0 84 88 70 
2200 3300 3 2 130 0 150 0 
2400 2640 3 1 140 0 110 0 
2400 2640 3 1 150 0 100 0 
2900 3190 1 2 60 70 50 55 
1900 2090 2 2 96 98 75 0 
1100 1540 1 1 0 0 150 120 
1200 1800 1 2 0 100 0 100 
2900 4060 3 2 0 130 0 120 
1000 1400 3 1 120 150 0 0 
1800 2160 1 1 0 98 80 55 
1200 1440 1 2 0 105 88 65 
1500 1650 2 2 100 100 0 0 
1100 1320 3 1 130 150 0 0 
1600 2080 3 1 150 140 0 0 
2600 3120 2 2 130 0 110 0 
1700 2040 3 2 110 0 100 0 
2100 2940 3 1 120 100 0 0 
1600 1920 2 2 0 120 0 140 
2500 3750 1 2 150 0 120 0 
1000 1500 3 2 140 110 0 0 
2800 4200 2 2 50 75 50 65 
1000 1400 3 2 104 98 65 0 
1900 2280 2 2 0 84 96 75 
1500 1800 3 2 110 150 0 0 
3000 3900 3 1 0 0 150 120 
2000 3000 3 2 96 70 55 0 
1000 1500 2 1 0 84 96 75 
1600 2400 1 1 104 70 55 0 
1700 2040 3 2 0 150 0 110 
2700 3780 3 1 80 91 55 0 
1800 2340 1 1 0 70 120 60 
1000 1200 1 1 120 0 120 0 
2200 3080 3 2 120 70 55 0 
2700 3240 1 2 0 98 88 75 
1000 1400 2 2 65 50 55 60 
1300 1950 1 2 130 0 140 0 
2500 3000 3 2 0 0 100 150 
1200 1440 1 1 88 84 60 0 
1200 1800 3 2 140 110 0 0 
1800 2160 2 1 150 0 110 0 
1500 1800 3 2 50 60 65 70 
2600 3380 1 2 60 55 70 65 
1800 2340 2 1 75 55 70 60 
1200 1320 3 2 0 77 104 65 
1600 1920 3 1 150 110 0 0 
1000 1100 1 1 0 70 104 70 
1000 1300 2 2 88 105 60 0 
1300 1950 1 1 130 0 110 0 
2100 2310 3 1 0 100 0 100 
1700 1870 3 2 0 0 150 110 
1000 1200 3 2 100 120 0 0 
2600 2860 2 2 0 0 150 100 
1600 1760 2 1 50 65 70 50 
2600 3380 3 1 75 50 70 55 
1600 1920 3 1 120 70 75 0 
1400 1960 3 2 0 0 150 110 
1500 1800 2 1 150 140 0 0 
2300 3220 1 2 60 75 65 65 
1200 1800 3 2 120 0 150 0 
1000 1500 3 2 0 105 104 70 
1500 1950 1 1 112 105 70 0 
1800 2520 3 2 55 75 70 75 
2500 3000 2 1 0 0 140 110 
2800 4200 2 2 88 98 65 0 
1400 2100 1 1 130 110 0 0 
2400 2880 2 1 140 0 120 0 
2800 3360 3 2 0 0 100 120 
2600 3900 1 1 80 84 55 0 
1800 2700 1 1 0 0 130 140 
1400 1680 2 1 0 130 0 100 
1300 1950 3 1 65 75 50 55 
2200 2640 3 2 0 91 112 50 
2100 2310 1 2 130 0 110 0 
2100 3150 3 2 110 110 0 0 
3000 3900 1 1 0 130 0 140 
2700 3510 1 1 0 98 88 70 
1200 1800 1 2 110 0 140 0 
1600 1920 2 1 0 120 0 130 
1600 2080 3 2 110 110 0 0 
2900 3480 1 1 112 91 75 0 
1200 1440 3 1 120 0 150 0 
1100 1430 2 2 100 0 110 0 
2500 3750 2 1 0 0 120 150 
3000 3600 3 2 140 110 0 0 
1700 2210 2 2 75 75 70 50 
2900 3480 3 2 0 0 140 100 
1300 1690 2 2 60 50 55 50 
2200 2860 1 2 0 0 120 150 
1200 1440 3 1 96 98 70 0 
2800 4200 1 2 140 0 150 0 
1100 1540 3 2 110 100 0 0 
2400 3360 1 1 120 70 70 0 
2400 3360 3 2 110 0 100 0 
1100 1320 2 2 112 91 50 0 
2800 3360 1 1 130 100 0 0 
2100 2730 2 2 110 0 120 0 
3000 3600 1 2 140 0 100 0 
1100 1320 1 1 0 0 150 100 
1900 2660 2 2 60 55 75 65 
2300 2990 2 1 112 70 60 0 
3000 4200 1 2 0 0 140 130 
3000 3600 3 2 0 100 0 140 
1600 2080 2 2 0 91 120 70 
1000 1100 1 1 0 91 104 50 
1800 1980 3 2 0 0 140 110 
3000 3300 2 2 100 0 150 0 
1400 1680 3 2 0 150 0 150 
2500 3750 3 1 130 0 100 0 
1200 1800 3 1 80 84 70 0 
1100 1540 2 2 130 110 0 0 
1100 1320 2 1 0 105 104 70 
1800 2160 2 1 0 130 0 100 
2300 2760 2 2 110 0 110 0 
2500 3000 2 1 0 0 140 150 
2000 3000 1 2 96 77 55 0 
2800 3920 1 1 110 140 0 0 
1900 2660 2 2 100 110 0 0 
1600 2080 3 1 70 60 55 50 
2200 2420 3 1 112 84 55 0 
1100 1430 2 2 0 120 0 110 
2200 3080 2 2 120 0 130 0 
1400 1680 2 1 50 70 55 75 
2800 3360 3 1 0 0 150 140 
1700 1870 1 2 0 100 0 150 
2100 2940 1 1 112 105 75 0 
1600 1760 2 2 0 98 120 70 
1600 2080 2 2 0 0 100 130 
2300 2530 3 1 120 84 50 0 
1800 2520 2 1 0 100 0 130 
1400 2100 1 2 80 77 50 0 
2200 2640 3 1 0 77 88 55 
1400 1680 1 1 0 150 0 150 
2200 3080 2 2 120 91 65 0 
1700 2550 1 1 0 150 0 100 
1500 1950 2 2 0 0 100 110 
2900 4060 1 1 0 77 88 55 
2100 2940 3 2 120 70 55 0 
1900 2280 1 2 0 0 120 100 
2500 3750 2 2 0 150 0 100 
1900 2660 3 2 0 84 88 55 
2900 4060 3 2 110 150 0 0 
2400 3360 2 1 60 55 55 70 
1100 1650 1 1 0 77 112 50 
1000 1100 3 1 55 65 50 55 
2300 2760 1 1 0 0 120 130 
2400 3600 2 1 130 0 110 0 
2200 3300 1 1 65 50 70 55 
1100 1320 2 2 0 98 104 75 
1800 1980 3 2 0 0 130 100 
1300 1950 3 1 0 140 0 130 
1200 1440 2 2 80 105 75 0 
2300 3220 3 2 150 110 0 0 
1100 1430 1 2 80 98 70 0 
2600 2860 1 1 50 75 60 55 
2300 2990 1 1 130 110 0 0 
2000 2400 3 2 0 105 80 55 
2800 4200 1 2 55 65 65 50 
1800 2520 2 1 104 77 75 0 
3000 3600 2 1 0 70 120 50 
2800 3920 1 1 0 110 0 130 
1900 2850 1 1 0 0 120 130 
2200 2640 1 1 100 150 0 0 
2400 2640 3 1 110 120 0 0 
2000 2800 3 2 80 105 50 0 
2000 2800 1 1 0 98 80 55 
1100 1430 3 1 150 150 0 0 
1900 2090 2 2 120 140 0 0 
1800 2340 3 1 150 0 100 0 
1600 2400 2 1 0 0 150 130 
1600 2240 2 2 0 77 96 60 
2800 3640 1 2 0 84 80 50 
2900 3190 3 2 130 0 130 0 
1800 2520 2 2 130 110 0 0 
1300 1560 1 1 100 0 140 0 
2600 3120 2 2 0 0 130 150 
2600 3120 1 2 0 105 120 70 
2800 3920 1 1 0 130 0 150 
1000 1200 3 2 75 50 75 65 
2300 2530 1 2 140 0 150 0 
2100 2730 3 1 130 0 110 0 
1400 1960 1 1 140 120 0 0 
2800 3080 3 1 0 130 0 130 
2500 2750 3 1 0 77 104 65 
3000 3900 3 2 0 140 0 100 
1700 2550 2 2 0 120 0 120 
1300 1430 1 1 100 130 0 0 
1800 2340 2 2 0 120 0 120 
2000 3000 1 1 0 98 120 65 
1000 1300 3 1 120 70 70 0 
2200 2860 1 1 0 0 100 130 
1400 1540 1 1 80 105 60 0 
1200 1800 3 1 140 0 150 0 
2800 3360 2 1 120 77 65 0 
2700 4050 2 1 0 0 120 150 
2300 2530 3 2 120 0 130 0 
1100 1430 3 1 0 0 100 100 
2400 2880 1 2 104 91 70 0 
2300 2530 2 1 88 98 70 0 
1200 1560 1 2 0 77 80 75 
1100 1430 3 1 65 60 50 50 
1800 2520 2 1 104 70 75 0 
2700 2970 3 2 0 130 0 150 
2500 3750 3 2 104 70 70 0 
2400 3120 2 1 0 105 80 55 
1600 2080 3 1 0 0 150 100 
1000 1400 2 1 120 0 150 0 
2400 2640 1 1 140 0 110 0 
1000 1200 1 2 0 0 140 140 
2300 3220 3 1 0 0 120 100 
2800 3360 2 2 110 0 120 0 
2400 3120 3 2 100 120 0 0 
1900 2660 1 1 0 98 80 75 
2000 2200 1 1 0 120 0 140 
1300 1950 1 2 140 130 0 0 
1800 2340 3 1 0 0 110 120 
1900 2660 1 1 50 75 75 55 
1400 1680 3 1 0 84 88 60 
2900 3190 1 1 0 70 88 60 
2100 2310 2 2 0 84 120 55 
2400 2880 2 1 104 105 65 0 
2400 3120 2 1 70 50 60 50 
2900 3480 2 2 0 0 120 130 
2200 2420 2 2 50 65 70 70 
1700 1870 2 1 0 100 0 130 
1700 2040 1 2 104 91 55 0 
2700 3510 3 1 0 0 150 110 
1700 2550 2 1 0 110 0 150 
1100 1320 2 2 0 70 96 50 
1400 1960 2 1 0 0 100 110 
1500 1800 1 2 0 77 120 60 
2800 3080 2 2 75 50 55 75 
1500 2250 3 2 0 150 0 110 
2100 2730 2 1 0 110 0 100 
2000 3000 2 1 50 75 50 65 
2000 2200 3 2 80 91 65 0 
1900 2660 1 1 0 0 120 140 
2500 3750 2 1 0 140 0 100 
2700 3240 1 1 0 120 0 100 
2200 2860 3 1 50 50 55 60 
2000 2600 1 1 0 0 110 150 
2400 3360 1 2 0 140 0 140 
1200 1800 3 1 104 105 75 0 
2200 2420 2 1 75 60 70 60 
2300 2530 1 2 100 110 0 0 
2500 3500 2 1 0 0 100 130 
3000 4500 3 1 88 70 65 0 
2400 3600 2 1 130 150 0 0 
2300 2760 3 1 60 65 75 50 
2100 2730 1 1 0 0 120 100 
1800 2340 2 2 70 60 60 60 
2400 2640 3 1 96 91 55 0 
2700 3510 3 2 0 0 120 140 
1800 2700 3 1 120 0 130 0 
1800 2520 2 2 100 150 0 0 
2300 3220 1 2 112 77 75 0 
1000 1300 1 2 112 105 70 0 
2000 3000 3 2 0 110 0 120 
1600 1760 3 2 110 0 140 0 
1200 1320 3 2 60 50 65 55 
2500 2750 2 2 0 0 130 150 
1400 1540 2 1 150 150 0 0 
1200 1680 1 2 0 0 100 100 
1100 1320 2 2 0 100 0 100 
1900 2660 3 2 120 0 100 0 
2800 3920 2 2 0 140 0 150 
2500 2750 1 1 0 150 0 140 
2400 3120 1 1 150 110 0 0 
3000 3900 1 1 50 65 65 75 
1500 1650 1 1 75 70 50 50 
2000 2800 2 2 0 140 0 130 
1500 2250 1 2 0 130 0 120 
3000 4500 3 2 0 0 110 150 
1300 1820 1 1 120 98 55 0 
1300 1430 3 2 0 150 0 150 
2600 3900 2 1 0 100 0 130 
2300 2760 3 1 130 100 0 0 
1500 2100 2 1 65 60 60 65 
2700 4050 3 2 55 60 50 50 
1800 2520 3 1 50 75 55 65 
2600 3380 2 1 0 100 0 110 
1800 1980 3 2 140 0 130 0 
2200 2420 1 2 0 77 120 55 
1300 1950 3 2 0 0 100 110 
2300 2530 2 1 104 77 55 0 
1400 1820 2 2 0 120 0 100 
1800 2700 3 1 0 0 110 150 
2900 3190 2 1 104 70 65 0 
1900 2850 2 1 0 110 0 100 
2800 3360 2 2 70 75 75 55 
1600 2080 3 1 140 0 100 0 
2300 2990 1 2 150 0 110 0 
2300 3220 2 2 65 65 55 55 
1700 2550 3 2 0 105 112 60 
2400 3600 3 1 130 130 0 0 
2900 3190 1 2 0 140 0 130 
3000 3900 2 2 100 120 0 0 
1400 1960 2 2 0 98 120 55 
2700 3780 1 1 75 75 70 75 
1000 1400 2 2 0 140 0 110 
2200 3300 2 2 0 105 112 55 
2800 4200 3 2 0 100 0 100 
2500 2750 3 1 110 150 0 0 
1600 2240 1 1 88 91 75 0 
1300 1690 2 1 0 0 150 100 
2000 2600 1 2 0 110 0 140 
2500 3500 2 1 88 98 65 0 
1200 1560 3 1 120 140 0 0 
1000 1400 2 1 0 0 110 110 
1600 2400 2 1 100 0 150 0 
1300 1560 1 1 150 150 0 0 
2000 2400 1 1 96 105 55 0 
2100 3150 3 2 130 0 100 0 
2000 3000 1 1 96 70 60 0 
1900 2280 1 1 150 0 150 0 
2500 3750 2 2 120 150 0 0 
2400 2880 3 1 0 0 110 140 
1600 2080 1 1 0 100 0 150 
1700 1870 2 1 130 150 0 0 
2700 3240 1 2 0 0 150 130 
1500 2100 3 2 0 98 104 60 
2700 3780 2 1 65 70 70 55 
2700 3240 2 1 0 110 0 100 
1800 2700 3 1 80 98 50 0 
1600 2240 2 1 140 120 0 0 
1600 2400 3 2 0 98 88 60 
2600 2860 2 1 0 0 100 140 
2600 3900 1 2 50 75 70 55 
2900 4350 1 1 104 98 70 0 
2900 3190 1 2 110 0 130 0 
2900 3770 1 1 0 100 0 140 
2200 2640 2 2 0 100 0 100 
2700 3510 1 2 0 84 112 65 
1800 2160 3 2 140 0 100 0 
1000 1200 3 1 60 60 50 50 
2400 3600 3 2 0 77 88 65 
2500 3000 3 2 0 130 0 100 
1100 1540 2 1 112 84 60 0 
3000 3300 2 1 0 0 120 120 
1900 2280 1 1 130 110 0 0 
1300 1820 1 1 130 150 0 0 
1200 1800 1 1 112 105 75 0 
1600 1760 3 1 80 70 50 0 
2300 3220 1 1 110 120 0 0 
1600 1760 2 2 70 65 65 75 
1100 1320 3 1 80 77 60 0 
2300 2990 3 2 120 0 120 0 
1100 1320 1 1 100 0 140 0 
2600 3380 3 2 140 140 0 0 
2800 4200 3 1 0 0 140 100 
2200 2420 3 2 88 84 55 0 
1800 2700 2 2 120 0 100 0 
2900 3480 2 2 0 110 0 100 
1900 2090 3 1 55 65 60 60 
3000 4500 1 1 0 0 100 110 
2400 3600 2 1 96 91 70 0 
1400 2100 2 1 80 98 65 0 
3000 3300 2 1 112 105 70 0 
3000 4200 1 2 110 150 0 0 
2700 3240 1 2 0 120 0 110 
2800 3640 2 1 0 130 0 140 
2400 3600 1 2 0 84 96 60 
1000 1100 3 2 60 55 70 70 
2900 3480 1 2 120 84 60 0 
1300 1690 3 2 104 105 50 0 
2300 2530 2 1 0 0 120 140 
1000 1100 3 1 112 91 75 0 
2500 3500 3 1 140 0 150 0 
2500 3000 3 2 0 120 0 150 
1300 1820 2 2 140 0 110 0 
1500 1800 2 1 100 0 150 0 
1500 1950 3 1 120 105 55 0 
2800 3640 3 2 150 120 0 0 
1700 2380 2 2 130 0 110 0 
2000 2400 2 1 0 140 0 110 
2000 2600 1 1 0 70 120 70 
1500 1950 1 1 140 0 150 0 
2800 3080 1 2 50 75 55 70 
1100 1320 3 1 0 0 120 140 
1100 1430 1 1 0 91 96 75 
2000 2600 1 2 0 98 112 65 
2800 3640 3 1 0 110 0 140 
3000 3600 2 2 0 150 0 150 
2300 2530 3 2 70 75 50 65 
2900 3770 3 1 110 100 0 0 
2000 2200 2 2 0 140 0 100 
2800 3360 2 2 0 0 130 140 
2400 3360 3 2 0 0 110 140 
2200 2420 3 1 110 0 120 0 
1600 1920 2 2 0 91 120 50 
2700 3510 1 1 0 0 150 140 
1300 1950 3 1 140 0 110 0 
1700 2210 1 1 0 98 112 50 
2900 3190 1 2 140 110 0 0 
2200 3080 1 1 0 150 0 110 
2300 2530 1 2 0 0 140 130 
2600 3120 2 1 110 0 120 0 
1200 1800 2 2 130 150 0 0 
1000 1100 3 1 0 105 120 65 
1300 1690 3 2 75 70 65 65 
1200 1800 1 1 120 0 110 0 
2300 3450 2 1 110 0 110 0 
2100 2520 3 1 0 140 0 100 
2200 2860 3 1 130 0 150 0 
2800 3920 3 2 112 84 70 0 
3000 3600 3 1 104 98 50 0 
1800 2160 3 2 0 98 88 75 
1700 2210 3 1 100 100 0 0 
1900 2660 3 1 0 120 0 110 
3000 3300 2 1 0 98 88 60 
2800 3640 1 2 0 120 0 110 
1500 1950 3 2 0 98 88 55 
3000 3900 1 2 0 0 100 140 
2300 2530 3 2 0 0 110 130 
2600 3900 1 1 70 50 70 65 
1200 1560 1 1 55 50 70 75 
1900 2090 3 2 0 0 150 120 
1200 1320 1 2 0 0 130 150 
1100 1650 1 2 0 77 112 70 
1900 2090 1 1 130 150 0 0 
1000 1400 1 2 140 140 0 0 
2600 3900 3 2 140 100 0 0 
2100 2310 2 2 0 84 104 75 
2800 4200 1 2 100 140 0 0 
1500 1950 3 2 0 77 112 55 
2700 4050 1 1 110 0 100 0 
2800 3920 3 2 112 105 50 0 
1600 2080 3 1 110 130 0 0 
2800 4200 3 1 0 0 150 100 
1400 1820 2 2 0 0 100 130 
1200 1680 1 1 0 0 110 130 
2000 2600 3 1 96 70 70 0 
1900 2660 3 1 0 77 88 75 
2900 3190 2 1 0 70 120 75 
1000 1200 1 1 150 140 0 0 
1000 1400 2 2 120 105 70 0 
2300 2530 2 2 55 60 75 70 
2800 4200 2 1 96 84 55 0 
2200 2420 2 1 55 55 75 50 
2900 3480 3 1 60 55 60 65 
2500 3250 3 2 0 130 0 140 
1100 1650 1 1 110 130 0 0 
1800 2520 1 2 0 0 100 100 
2800 3360 3 1 110 0 110 0 
1000 1400 1 1 120 120 0 0 
2400 2880 3 1 120 0 130 0 
1400 1960 3 1 140 120 0 0 
2900 4350 1 1 120 91 50 0 
1200 1440 2 2 0 120 0 120 
3000 4200 2 2 120 140 0 0 
1200 1680 2 2 0 77 112 65 
1800 2700 1 1 70 65 55 55 
2500 3000 3 1 65 65 60 50 
1900 2090 3 1 0 84 80 70 
2100 2940 3 1 0 120 0 100 
2400 2880 3 1 75 75 60 60 
2400 3360 3 1 70 60 50 75 
1300 1560 3 1 50 75 60 70 
2100 2310 1 1 0 110 0 120 
2200 2860 3 2 0 0 100 130 
1600 2080 2 2 0 0 140 140 
1200 1560 3 2 112 105 60 0 
1000 1200 2 2 104 70 50 0 
2600 3900 1 1 130 150 0 0 
3000 4200 1 2 130 0 130 0 
1700 1870 3 2 120 105 75 0 
2200 2860 3 1 0 0 150 120 
2400 3600 3 2 0 0 150 100 
1400 1820 2 2 110 150 0 0 
1700 1870 2 2 0 105 88 60 
1700 2380 3 2 112 77 55 0 
1100 1430 3 2 0 70 112 60 
2200 2420 3 2 0 120 0 140 
1900 2850 2 1 0 91 88 55 
1000 1500 2 1 100 0 120 0 
3000 3900 2 2 75 55 55 60 
2500 3750 1 2 150 110 0 0 
2300 3220 1 2 140 150 0 0 
1900 2470 2 2 0 100 0 100 
3000 3600 1 2 0 100 0 140 
1100 1430 1 2 0 0 140 140 
1200 1320 3 2 0 0 100 130 
1800 2160 2 1 112 98 60 0 
1700 2550 2 1 65 65 60 65 
1600 1920 2 2 120 84 75 0 
2600 3900 3 2 0 105 120 55 
1000 1300 2 1 130 130 0 0 
2100 2310 1 2 0 110 0 120 
1900 2850 2 2 0 70 120 55 
2700 3510 1 2 110 0 120 0 
2400 2880 1 1 0 130 0 150 
2000 3000 3 2 65 75 70 55 
1900 2470 2 2 50 65 70 60 
1400 2100 3 2 140 0 100 0 
2200 3300 1 2 0 0 100 100 
2000 3000 2 1 140 0 110 0 
1400 1540 2 2 0 0 130 150 
2300 2530 2 1 0 110 0 140 
2300 2990 1 1 0 84 120 55 
1300 1820 3 1 150 150 0 0 
2400 2640 2 1 130 110 0 0 
2800 3640 3 1 50 50 70 50 
2000 3000 3 2 112 105 55 0 
2000 2200 3 2 0 84 88 75 
1500 2100 3 2 0 91 120 70 
2800 4200 2 1 0 150 0 100 
1000 1100 3 2 65 50 65 55 
2000 2200 2 1 104 105 70 0 
2400 3360 3 1 0 0 120 100 
1400 2100 2 2 0 0 130 110 
3000 3600 3 2 0 0 150 100 
1600 1920 2 1 0 130 0 110 
2900 4350 1 1 96 77 65 0 
1300 1950 1 2 0 100 0 110 
2600 2860 2 2 0 130 0 140 
2900 4060 1 1 0 105 120 60 
2900 3480 3 1 112 98 55 0 
1100 1430 2 2 80 91 55 0 
1200 1320 3 1 0 0 120 110 
1200 1320 1 2 0 0 120 150 
2700 2970 3 2 110 140 0 0 
3000 4500 3 2 0 0 150 100 
2500 3250 1 1 112 84 55 0 
1000 1200 1 1 60 50 60 75 
1300 1690 2 1 0 70 80 55 
1500 2100 1 2 140 0 140 0 
2600 3120 3 1 100 110 0 0 
2900 3480 2 2 75 70 50 70 
2700 3240 2 2 112 84 75 0 
1700 2210 3 2 112 105 65 0 
1300 1690 3 1 0 105 80 60 
1800 2340 3 1 110 0 130 0 
2400 3120 3 1 112 98 55 0 
2000 3000 3 2 75 75 75 70 
2500 3500 3 1 0 0 130 110 
2600 3120 1 1 140 150 0 0 
1300 1560 3 1 0 130 0 110 
1100 1320 3 2 100 150 0 0 
2900 4350 1 1 100 0 110 0 
1000 1100 3 1 0 140 0 120 
2700 3780 2 1 150 120 0 0 
2700 3510 1 1 140 0 130 0 
2700 3510 3 1 0 77 96 65 
2900 3770 3 2 60 75 65 60 
1200 1680 3 1 0 70 104 75 
2700 3240 2 2 0 77 104 50 
1100 1650 1 2 120 0 150 0 
1000 1200 2 2 0 0 100 150 
2000 3000 1 1 0 77 88 70 
2700 3510 1 1 0 77 96 75 
1700 1870 2 2 0 84 88 60 
2100 2520 2 2 0 150 0 120 
2700 3510 1 1 80 105 55 0 
1900 2280 2 1 55 55 65 65 
2800 4200 2 2 120 98 50 0 
2500 3750 1 1 130 140 0 0 
1000 1400 2 1 55 50 60 75 
2000 2200 2 2 0 0 140 150 
2900 4060 2 1 120 98 50 0 
1000 1300 2 1 0 150 0 140 
2600 3380 3 2 104 70 50 0 
2000 2600 2 1 0 0 100 130 
1600 1760 1 1 0 120 0 140 
1600 1760 2 2 50 55 60 60 
2900 3190 1 2 0 98 88 75 
1000 1200 3 1 0 70 120 50 
1100 1430 1 1 0 91 104 70 
1800 2340 1 1 110 100 0 0 
2400 3360 3 1 110 120 0 0 
2600 3640 2 1 110 100 0 0 
1900 2660 3 1 140 150 0 0 
1200 1320 1 2 0 0 120 150 
1100 1430 1 1 65 75 60 50 
2100 3150 3 2 100 0 120 0 
1900 2850 1 2 50 55 65 65 
1900 2280 1 2 0 0 130 100 
1800 2160 3 1 100 140 0 0 
1600 2400 1 1 0 0 100 100 
1200 1560 2 2 110 0 100 0 
1900 2850 2 2 0 0 100 140 
1300 1560 2 1 70 70 65 50 
2300 3220 2 1 0 110 0 130 
3000 3600 3 2 0 84 104 70 
1700 2210 2 2 100 0 150 0 
1500 2250 2 1 0 110 0 150 
1200 1800 2 2 0 130 0 110 
1400 1960 2 1 0 0 150 150 
1400 1960 3 1 75 60 60 75 
2200 2420 3 1 0 105 120 55 
2200 2860 3 2 100 0 120 0 
1200 1560 2 2 0 105 96 50 
1300 1560 2 2 0 70 120 65 
2500 3750 3 2 60 70 70 65 
2700 3780 3 1 0 70 96 60 
2900 4350 1 2 130 0 150 0 
2400 3120 1 1 0 0 110 120 
2100 2940 2 1 80 91 50 0 
2900 4060 3 2 0 0 120 130 
1500 1800 3 2 0 105 88 50 
2600 3120 1 2 0 0 120 110 
2100 2520 3 1 0 110 0 140 
1400 1540 1 1 0 70 80 60 
1000 1200 3 2 150 120 0 0 
2100 3150 2 1 60 55 75 50 
1800 2520 1 2 0 0 100 100 
1500 2250 3 1 140 140 0 0 
1600 2400 1 2 0 150 0 120 
2500 3750 3 1 150 150 0 0 
1900 2090 1 1 50 60 55 65 
2500 2750 3 1 112 77 55 0 
1900 2280 2 2 0 0 100 140 
1600 1920 1 2 60 65 65 60 
2700 3240 2 1 0 84 104 55 
2300 3220 2 2 0 0 150 110 
1400 2100 2 1 80 98 65 0 
1600 2400 1 1 130 100 0 0 
1900 2470 3 2 0 100 0 140 
2500 3250 1 2 0 0 110 150 
2900 3770 1 2 80 105 60 0 
3000 3600 1 2 0 84 120 60 
1700 2550 3 2 0 130 0 140 
2700 3240 3 1 0 0 120 150 
1500 2100 3 2 150 140 0 0 
2800 3360 1 2 0 100 0 140 
2000 2200 3 2 130 0 120 0 
2100 2940 2 2 100 100 0 0 
1600 2080 2 2 130 0 140 0 
2400 3360 3 1 110 0 140 0 
2700 4050 1 1 150 0 140 0 
2100 2520 1 1 0 98 112 50 
1200 1680 2 2 130 0 100 0 
1300 1950 2 1 110 0 140 0 
1900 2660 1 2 0 84 80 50 
2400 2640 3 1 0 98 80 70 
2500 3500 2 1 100 0 150 0 
3000 4500 1 1 112 98 50 0 
2200 2640 2 1 140 0 120 0 
2600 2860 3 1 140 0 120 0 
1000 1300 2 2 150 110 0 0 
2900 3480 1 1 0 0 140 120 
2900 3190 2 2 0 77 96 65 
1700 2210 3 1 104 70 75 0 
2100 2730 2 1 0 0 100 120 
2500 3750 1 2 60 75 70 55 
2800 3080 2 2 0 150 0 150 
1700 2380 1 2 88 91 75 0 
1900 2090 2 2 0 130 0 140 
1900 2850 1 2 96 77 50 0 
1100 1320 1 2 96 91 75 0 
1600 1920 2 1 130 0 150 0 
2700 4050 2 2 0 70 80 65 
2200 2640 1 1 120 84 50 0 
2000 3000 2 2 104 98 55 0 
3000 3300 1 1 0 130 0 120 
1300 1690 1 1 130 130 0 0 
1200 1680 2 1 0 100 0 110 
2500 3000 3 2 0 150 0 100 
1900 2470 3 2 75 75 65 70 
1800 1980 2 1 110 0 110 0 
3000 4500 3 1 100 0 100 0 
2900 4060 3 1 0 105 104 55 
1800 2520 3 1 0 110 0 130 
2600 3640 2 1 0 120 0 110 
1300 1950 1 1 55 50 55 60 
1000 1500 3 1 0 91 112 70 
1700 2040 2 2 0 91 88 55 
1000 1100 3 1 65 55 75 75 
2500 3250 1 1 100 0 110 0 
2600 3120 3 2 65 65 70 55 
2200 2420 1 1 80 105 60 0 
3000 3600 1 1 0 0 120 120 
1200 1440 2 1 70 70 60 75 
1600 1760 1 1 110 0 130 0 
1000 1300 2 1 104 98 55 0 
1800 2160 1 2 0 140 0 120 
2900 4350 1 1 65 70 50 60 
2000 2400 2 1 150 0 140 0 
2700 3240 2 2 65 70 55 50 
2900 3480 1 1 0 140 0 140 
2200 2860 2 2 130 0 140 0 
1900 2660 3 1 112 105 55 0 
2600 2860 3 2 0 0 110 120 
1500 2100 2 1 100 0 100 0 
2300 3450 3 2 80 105 50 0 
2600 2860 2 1 0 98 80 65 
2800 4200 1 1 0 110 0 110 
2000 2200 2 1 130 0 140 0 
2200 2640 2 1 100 0 120 0 
1300 1820 1 1 0 70 104 70 
2400 2640 1 2 120 140 0 0 
3000 4200 3 2 75 60 55 75 
2600 2860 1 2 0 0 100 110 
2500 3750 3 2 0 84 96 65 
1100 1430 2 2 75 60 65 60 
3000 3900 2 2 150 130 0 0 
2900 3770 1 2 130 0 140 0 
1500 1800 2 1 150 100 0 0 
1700 2210 3 1 130 120 0 0 
2500 3000 3 1 120 140 0 0 
1400 1960 3 1 0 0 100 140 
1000 1300 3 1 50 75 55 65 
2300 3220 1 2 120 120 0 0 
2500 3250 2 2 0 77 112 60 
2500 3250 1 2 0 130 0 150 
1100 1430 3 1 0 120 0 110 
2900 3770 2 1 50 55 75 70 
1200 1320 3 1 120 130 0 0 
3000 4500 3 2 70 65 75 50 
2100 3150 3 1 96 77 75 0 
1600 1920 2 1 0 150 0 130 
2000 2400 1 2 75 60 50 60 
1800 2340 1 1 55 70 55 60 
2300 3220 1 2 70 60 55 55 
2200 2640 2 2 110 110 0 0 
2100 2730 2 2 0 140 0 140 
1300 1690 3 2 120 77 60 0 
1100 1540 3 1 0 130 0 150 
1600 2400 1 1 0 91 96 70 
1300 1690 3 1 100 0 130 0 
1200 1680 3 2 0 0 140 140 
2400 2880 3 1 100 0 150 0 
2000 2200 2 2 0 84 96 50 
1200 1800 2 2 0 120 0 100 
1200 1560 2 2 0 91 112 70 
2500 2750 1 2 70 60 70 70 
1900 2090 1 1 0 77 80 55 
2900 3480 1 1 0 70 88 65 
2100 2520 2 2 112 91 70 0 
2300 2990 1 2 150 110 0 0 
1000 1500 3 2 0 77 80 75 
2500 3750 3 1 100 100 0 0 
2100 3150 3 1 80 91 75 0 
1100 1320 3 1 80 77 60 0 
1200 1560 3 2 0 0 140 140 
2400 2880 2 2 0 91 120 55 
2100 2730 2 1 80 70 60 0 
2200 3300 3 1 100 0 100 0 
2600 2860 2 2 120 120 0 0 
1700 2550 3 2 80 70 55 0 
2200 3300 1 1 0 0 140 140 
2600 3640 1 1 88 91 55 0 
2600 3900 3 1 0 0 150 140 
2200 2420 2 1 100 150 0 0 
1300 1950 1 2 120 70 55 0 
2200 3300 2 1 80 84 60 0 
1300 1950 2 2 0 150 0 110 
1600 1920 3 1 112 98 70 0 
1400 1540 1 1 0 0 130 100 
2500 3750 1 1 112 77 55 0 
2200 2640 3 1 140 0 110 0 
1600 2080 1 1 150 140 0 0 
1500 1800 2 2 110 0 150 0 
1200 1440 1 2 65 60 50 55 
1000 1200 1 1 104 77 75 0 
2100 2520 2 2 96 84 50 0 
1300 1820 2 1 0 0 100 140 
1200 1440 2 1 140 110 0 0 
1900 2470 1 2 0 0 110 100 
2500 2750 3 2 100 110 0 0 
1100 1320 1 1 0 130 0 100 
2900 4060 1 1 140 110 0 0 
2200 2420 1 2 0 105 96 75 
1500 2250 2 1 0 140 0 140 
2600 3640 3 1 75 50 55 60 
1700 2040 1 1 0 100 0 100 
1700 2040 2 2 0 0 150 110 
2800 3360 2 2 50 60 70 60 
2400 2880 2 1 50 50 55 55 
1600 2240 3 1 0 110 0 140 
2900 3770 1 1 0 150 0 100 
1900 2470 3 1 80 77 65 0 
1000 1300 1 2 0 0 140 110 
1900 2850 2 2 110 0 120 0 
1700 2550 2 2 150 0 100 0 
1600 1920 2 2 120 70 60 0 
2800 3920 2 1 110 0 110 0 
2500 3000 1 2 0 150 0 140 
1000 1100 1 1 112 98 70 0 
2300 3450 1 2 150 0 130 0 
1100 1430 2 2 112 70 75 0 
1200 1680 2 2 120 77 70 0 
1200 1680 1 1 0 91 120 55 
1700 2040 1 1 0 150 0 140 
1100 1320 1 1 140 100 0 0 
1600 2080 3 2 150 150 0 0 
2700 2970 3 1 150 130 0 0 
1500 2250 2 2 110 0 140 0 
2000 3000 3 2 100 0 110 0 
1000 1500 2 2 0 150 0 130 
1100 1430 2 1 0 140 0 100 
2400 2880 2 1 104 70 60 0 
2600 2860 1 2 130 120 0 0 
1300 1560 1 1 0 0 100 110 
2000 2600 3 1 130 0 130 0 
2800 4200 2 2 0 140 0 130 
1500 1800 2 1 0 120 0 150 
1900 2850 1 1 0 0 150 150 
1700 2550 3 2 96 77 50 0 
1500 1950 1 2 50 75 65 70 
1200 1320 2 1 0 110 0 120 
3000 3300 3 1 0 70 104 70 
1300 1690 2 2 80 91 60 0 
2800 4200 1 1 130 0 120 0 
2700 2970 3 1 96 91 50 0 
1500 1950 1 1 80 105 75 0 
1400 1680 2 1 110 130 0 0 
1100 1430 2 1 0 0 150 150 
2900 3770 1 2 0 140 0 150 
2400 3600 3 2 120 77 50 0 
2600 3900 1 2 112 70 50 0 
1700 2040 3 1 120 0 140 0 
1000 1200 2 2 150 130 0 0 
1200 1800 2 1 0 84 80 50 
2000 2400 1 2 112 105 70 0 
1800 1980 2 2 0 0 150 140 
2900 3770 3 1 55 65 50 70 
2800 3920 1 2 100 140 0 0 
1100 1540 3 1 96 105 65 0 
2200 3300 3 2 50 75 55 75 
1500 1650 1 2 130 150 0 0 
1600 2080 2 2 0 0 110 150 
2100 2730 1 1 100 140 0 0 
1400 1820 2 2 150 0 130 0 
1500 1650 2 1 0 91 80 55 
1600 2080 1 2 0 0 140 140 
1600 2240 1 2 150 0 110 0 
1100 1650 3 2 50 70 75 75 
2500 3750 3 2 120 0 130 0 
2400 3360 3 1 88 91 75 0 
1400 1960 3 2 120 0 150 0 
1200 1560 1 2 110 0 150 0 
1200 1440 3 1 120 77 60 0 
2600 3640 3 1 130 140 0 0 
2400 3600 2 2 0 105 96 55 
1500 1800 3 2 0 140 0 130 
2700 4050 1 1 0 84 112 65 
1200 1320 2 1 0 0 100 130 
1300 1430 3 2 75 65 70 55 
3000 3600 1 1 130 0 100 0 
1300 1690 2 1 0 91 120 75 
2400 2640 2 2 55 55 75 60 
2400 3120 1 1 130 110 0 0 
2300 3220 3 1 120 98 70 0 
2600 3380 2 1 0 98 104 60 
2400 3360 1 1 100 0 150 0 
2000 3000 3 2 150 0 140 0 
1600 2400 3 2 75 55 75 70 
2900 3480 2 1 65 50 65 65 
2800 3360 3 1 0 110 0 120 
1100 1430 2 1 96 105 60 0 
2200 3080 3 2 0 150 0 150 
3000 3300 1 1 0 0 140 140 
1600 2400 2 1 88 105 60 0 
1600 2400 1 1 0 100 0 130 
1300 1950 2 2 0 0 150 100 
2300 2760 2 2 110 0 120 0 
1500 1950 2 1 0 130 0 100 
1900 2660 1 1 130 0 120 0 
1100 1540 3 2 0 0 130 110 
2100 2940 3 2 80 98 55 0 
1000 1400 1 1 104 70 60 0 
2300 2530 1 1 0 110 0 110 
3000 3900 3 1 50 60 65 55 
2700 2970 2 1 70 65 65 55 
1500 1950 1 2 140 130 0 0 
1100 1430 2 1 100 0 150 0 
2000 3000 3 2 120 91 65 0 
1400 2100 1 1 100 130 0 0 
2000 3000 2 2 0 120 0 150 
2900 4350 3 2 140 130 0 0 
1300 1560 3 1 100 100 0 0 
2900 4350 3 1 140 0 150 0 
1400 1540 2 1 0 150 0 100 
1100 1430 2 2 130 150 0 0 
2600 3380 1 1 150 110 0 0 
2200 2420 1 1 0 98 120 65 
1900 2090 2 1 0 84 88 65 
1700 2550 2 2 100 0 150 0 
1900 2660 3 2 65 55 65 70 
1500 1650 1 2 80 84 50 0 
2300 3450 3 1 150 110 0 0 
2600 3900 1 1 0 140 0 150 
2100 2310 1 2 0 105 88 70 
2000 2200 2 1 75 75 65 55 
2700 4050 2 1 100 100 0 0 
1200 1800 3 1 0 110 0 130 
1700 1870 2 1 0 0 100 130 
2400 3600 3 1 0 0 120 140 
1600 2240 3 1 0 100 0 140 
2200 2420 3 2 120 70 60 0 
1200 1560 1 1 104 70 70 0 
2800 3920 1 1 0 98 88 65 
1800 2520 2 1 0 130 0 110 
1700 2210 2 1 120 120 0 0 
1000 1400 3 2 55 70 55 50 
1100 1540 3 2 110 130 0 0 
2000 2600 2 2 0 150 0 100 
2500 3500 1 1 120 105 60 0 
1900 2850 3 2 55 55 75 50 
1200 1320 2 2 88 77 75 0 
2900 4350 2 2 0 98 120 55 
1100 1320 2 1 0 105 80 75 
2300 2990 3 2 110 140 0 0 
1000 1100 3 2 100 0 100 0 
2500 3250 3 1 60 50 60 50 
1800 2700 2 1 55 75 70 60 
1600 1920 1 1 80 77 50 0 
2400 3120 1 1 150 110 0 0 
1100 1320 1 1 140 0 130 0 
2900 3190 3 2 120 0 130 0 
2800 3080 3 2 70 55 55 75 
2400 2640 1 1 140 0 130 0 
2200 2640 2 2 100 130 0 0 
2100 2310 3 2 150 100 0 0 
3000 4200 2 2 70 75 70 75 
3000 3600 1 1 150 150 0 0 
1300 1820 2 1 0 98 88 60 
1800 2160 2 1 0 0 130 150 
1500 1650 3 2 50 75 70 55 
1500 1950 3 2 0 120 0 120 
1200 1320 1 1 55 55 50 75 
2700 3510 3 1 80 105 70 0 
1300 1820 1 2 65 50 55 75 
1200 1800 3 2 130 0 150 0 
2700 3240 3 1 88 91 50 0 
2300 2990 3 2 140 0 150 0 
1500 1650 2 2 104 91 50 0 
2300 3220 2 1 100 0 100 0 
2100 2520 3 2 60 70 70 65 
2600 3120 1 1 0 105 88 50 
2000 3000 2 2 0 100 0 140 
1600 2240 3 2 100 0 150 0 
1000 1500 1 2 80 98 50 0 
1000 1100 3 1 0 110 0 140 
2400 2640 3 2 0 0 130 130 
1700 2210 1 1 0 140 0 150 
2200 3300 1 1 120 100 0 0 
2100 2940 1 2 110 0 150 0 
1700 2550 3 2 55 70 55 70 
2000 2600 2 1 0 77 88 55 
1400 1680 3 1 50 50 50 60 
2100 2310 2 2 88 98 50 0 
2200 2860 2 1 0 70 112 55 
2600 3120 1 1 100 130 0 0 
2600 3640 1 2 0 120 0 140 
2300 2990 1 1 0 150 0 100 
2000 2800 3 2 120 120 0 0 
2900 3770 2 2 120 0 120 0 
1200 1320 2 2 0 105 104 60 
