128
128000
2 3 4
0
1200 1440 1 2 80 84 50 0 
2700 2970 2 1 110 130 0 0 
1100 1540 2 1 0 100 0 100 
2900 3190 1 1 110 0 120 0 
3000 3900 3 1 0 0 100 100 
2500 3250 3 2 70 75 60 75 
1000 1100 3 2 120 150 0 0 
1700 1870 3 1 0 140 0 140 
3000 3600 2 2 130 0 120 0 
2500 3750 2 1 104 77 75 0 
1700 2380 2 1 120 0 130 0 
1800 1980 2 2 0 0 130 110 
1500 2250 2 1 130 0 150 0 
1900 2660 3 2 0 140 0 150 
3000 3600 1 2 0 0 120 120 
2300 3450 3 2 60 70 75 50 
1600 1760 2 1 0 0 100 120 
2800 3920 2 2 0 110 0 110 
1000 1400 3 1 0 120 0 120 
2100 2310 3 2 0 0 140 150 
1600 1760 2 2 0 0 140 120 
2300 3450 3 1 150 130 0 0 
2300 2530 2 2 100 140 0 0 
1600 1920 1 1 0 0 140 100 
2100 3150 2 2 96 77 60 0 
1000 1300 3 1 120 0 150 0 
2700 2970 1 1 65 70 70 65 
3000 4500 2 2 0 120 0 100 
1700 2210 3 1 100 120 0 0 
1400 1680 3 2 0 77 112 70 
3000 4500 3 2 150 0 100 0 
1100 1430 3 1 140 140 0 0 
1000 1100 2 1 0 110 0 110 
2100 2520 1 2 0 120 0 140 
2800 3080 2 1 100 0 130 0 
1700 2380 2 2 70 60 60 65 
1100 1650 2 2 0 98 104 55 
1000 1500 1 1 60 60 75 65 
1200 1680 2 2 120 0 100 0 
2100 2940 1 2 0 0 140 150 
2200 2420 3 2 0 0 130 100 
1000 1100 2 2 0 0 100 130 
1800 2520 2 1 0 77 88 60 
2000 2200 2 1 150 0 110 0 
1500 1800 1 2 112 84 60 0 
1900 2280 2 1 120 98 65 0 
2000 3000 2 2 0 0 150 130 
2600 3120 1 1 96 84 60 0 
2100 2730 2 2 140 0 150 0 
2600 3380 2 1 60 70 55 50 
2100 3150 2 1 130 150 0 0 
1600 2240 2 2 130 140 0 0 
2800 4200 1 2 0 84 120 50 
2100 3150 2 1 112 105 70 0 
2800 4200 1 2 0 98 88 75 
2400 3600 3 2 0 0 150 100 
2600 3640 2 2 100 0 140 0 
1400 1680 1 1 0 91 120 65 
1800 2340 3 2 0 77 80 60 
2000 2800 2 2 88 70 60 0 
2700 3510 3 1 0 0 130 100 
1900 2090 1 1 140 0 150 0 
3000 4200 1 2 88 91 75 0 
1400 1820 1 2 0 130 0 100 
2300 2530 2 2 120 0 110 0 
2500 3000 3 2 0 0 110 140 
1100 1540 2 1 50 55 50 60 
2500 3750 2 2 96 70 60 0 
2700 4050 2 2 96 77 75 0 
1500 1800 1 1 96 105 65 0 
2400 2880 1 1 0 105 88 50 
1400 1680 2 1 0 130 0 100 
2100 2730 3 1 140 120 0 0 
2600 3640 1 1 140 150 0 0 
2800 3080 2 1 65 50 50 55 
1700 2210 2 1 0 105 120 55 
1600 2240 2 2 130 150 0 0 
1700 2380 3 1 120 0 130 0 
1800 2340 2 2 0 98 80 65 
1000 1400 1 1 0 150 0 120 
1900 2470 1 1 0 0 110 140 
1500 1650 3 1 100 0 140 0 
1700 1870 3 2 100 130 0 0 
3000 4200 3 1 0 110 0 100 
1500 1950 2 1 110 150 0 0 
2600 3120 2 2 140 0 130 0 
1300 1820 2 2 0 130 0 150 
1400 1540 1 2 80 105 70 0 
2800 3080 2 1 0 84 80 55 
1900 2090 3 1 80 70 55 0 
2600 2860 3 2 96 77 75 0 
1200 1800 3 1 110 150 0 0 
1800 2520 2 1 0 0 130 110 
1300 1950 3 2 150 130 0 0 
2800 3920 3 1 50 75 50 65 
1100 1210 1 2 0 0 140 120 
2000 2200 1 2 0 105 80 55 
1700 1870 1 2 0 0 130 110 
2400 3600 2 1 0 0 130 100 
1600 1760 1 1 0 70 104 55 
2700 3510 2 1 50 70 70 75 
1300 1820 2 2 0 130 0 120 
2600 3640 1 2 0 140 0 100 
1100 1210 1 1 80 105 75 0 
2900 4350 3 1 110 0 100 0 
1800 2160 2 1 110 0 120 0 
1200 1320 1 2 50 65 70 55 
2500 2750 1 2 104 105 75 0 
1600 1920 3 2 140 0 150 0 
1700 2040 3 1 0 91 88 55 
1800 2160 3 1 0 0 120 120 
1600 2080 3 2 100 0 140 0 
2100 2940 1 1 0 120 0 110 
1500 2250 2 2 0 70 80 50 
1900 2470 2 2 130 0 150 0 
2600 3640 1 2 65 75 65 60 
1100 1650 3 1 104 105 75 0 
2200 2640 1 2 112 77 65 0 
1800 2340 3 2 130 0 130 0 
2800 3080 2 1 55 50 50 50 
1800 2700 2 1 0 0 120 130 
3000 4500 1 2 0 110 0 110 
1900 2090 2 1 50 50 75 70 
2500 3250 1 2 0 98 96 55 
2800 3640 1 2 140 0 110 0 
1600 1920 3 1 110 100 0 0 
2000 2600 1 1 110 100 0 0 
2600 3120 2 2 65 55 70 55 
