128
128000
2 3 4
0
2300 3450 3 2 0 120 0 110 
1000 1300 1 2 104 98 55 0 
2700 3780 3 2 88 105 75 0 
2800 4200 3 2 130 130 0 0 
2600 2860 1 1 0 0 100 150 
2200 2420 3 1 70 75 70 75 
2000 2200 1 2 140 120 0 0 
1400 1680 2 2 0 105 104 55 
1100 1650 3 1 110 130 0 0 
3000 3600 2 2 0 130 0 140 
1600 2240 3 2 70 75 50 75 
2300 2990 1 2 50 55 55 65 
1200 1320 2 1 140 100 0 0 
2100 2940 2 2 50 60 75 60 
1000 1300 3 1 100 0 110 0 
1900 2660 3 2 110 0 130 0 
3000 3300 1 1 150 140 0 0 
1600 2080 2 2 0 110 0 140 
1800 2340 2 2 65 60 70 55 
1500 1650 1 1 120 98 75 0 
1500 2100 2 2 140 0 120 0 
2500 3250 2 1 150 0 120 0 
2800 3080 1 2 0 0 100 110 
1700 2550 3 1 50 70 60 60 
1900 2850 2 1 0 84 104 60 
1600 1920 3 1 0 70 96 50 
1700 2040 1 2 0 0 110 120 
1700 2380 1 1 0 0 110 120 
2000 2400 2 1 0 150 0 130 
2700 3780 1 1 96 70 50 0 
1100 1540 3 2 0 110 0 150 
1400 1820 2 1 110 0 140 0 
2600 3640 1 1 70 75 50 65 
1400 1540 2 2 150 110 0 0 
1700 2550 3 1 65 75 55 60 
2800 4200 3 2 96 105 55 0 
2400 2880 3 2 100 0 110 0 
2500 3750 3 1 0 0 150 120 
1700 2210 3 1 100 140 0 0 
2000 2400 1 1 0 130 0 120 
1600 2080 1 2 110 110 0 0 
2700 3510 1 1 0 110 0 130 
1000 1500 1 2 0 0 110 100 
1900 2280 1 2 104 77 70 0 
1200 1680 3 1 110 0 110 0 
1500 2250 3 2 96 84 55 0 
1500 1650 3 2 0 0 120 110 
1700 2380 3 1 100 150 0 0 
2000 2400 2 2 0 120 0 100 
1800 2340 2 1 60 65 55 70 
2400 3600 1 1 140 0 150 0 
2500 3250 2 1 130 150 0 0 
1900 2660 3 2 150 110 0 0 
1400 1820 3 2 0 91 120 70 
1500 1800 1 1 88 77 55 0 
3000 4200 2 2 0 100 0 120 
3000 3300 1 2 150 0 150 0 
1800 2340 1 1 120 140 0 0 
1200 1440 2 2 130 150 0 0 
1000 1100 2 2 140 100 0 0 
1200 1680 2 1 60 70 55 50 
2800 4200 3 2 55 70 70 50 
2600 3640 1 2 50 55 75 70 
1600 1920 1 2 0 91 104 60 
2300 2760 2 1 120 130 0 0 
2200 2860 1 2 150 0 100 0 
1400 1960 2 1 140 0 100 0 
3000 4200 1 1 120 140 0 0 
2300 2530 2 2 110 0 110 0 
2900 3770 2 1 0 91 112 55 
1600 2080 1 1 60 65 70 65 
2100 2310 2 2 0 120 0 120 
1400 1680 1 1 100 130 0 0 
1800 1980 2 1 0 110 0 150 
2800 3640 3 1 0 70 104 60 
2200 2860 2 1 70 75 70 75 
1300 1560 2 2 0 91 96 75 
2600 3380 3 2 0 0 110 100 
2900 3190 2 2 140 0 150 0 
1800 1980 1 2 0 130 0 130 
2900 3190 1 1 0 77 96 55 
1100 1210 1 2 140 110 0 0 
2300 2530 3 1 0 120 0 150 
1500 2100 1 2 50 70 75 75 
1100 1540 3 2 50 70 50 70 
2400 2880 3 1 60 70 70 75 
2700 2970 1 1 0 98 112 65 
2400 3360 2 2 0 91 104 65 
2800 3080 2 1 50 55 70 60 
1500 1650 1 2 75 65 65 75 
3000 4500 3 2 65 55 70 65 
2300 2530 3 1 0 0 100 150 
1900 2090 3 1 110 100 0 0 
1900 2850 1 2 88 91 55 0 
1400 1680 3 1 0 0 120 120 
2000 2600 2 1 110 110 0 0 
1300 1820 2 1 104 84 50 0 
1700 2210 3 2 110 0 100 0 
1200 1320 3 1 140 0 130 0 
1900 2280 2 2 130 0 130 0 
2600 3120 1 1 0 0 110 110 
1800 2160 1 1 65 75 55 65 
2500 2750 3 2 0 98 88 60 
1200 1440 2 1 0 77 96 50 
1900 2850 2 2 140 110 0 0 
2100 2730 1 2 65 55 55 65 
2100 2940 1 1 0 150 0 110 
1600 2400 2 1 0 105 104 75 
1000 1200 1 2 120 0 110 0 
2700 3510 3 2 100 0 150 0 
3000 4500 1 1 104 98 70 0 
2500 3750 1 2 0 100 0 130 
1100 1210 3 2 0 0 100 120 
1100 1210 1 1 150 120 0 0 
2600 3900 2 1 0 0 130 150 
2400 2880 3 2 104 70 60 0 
1100 1650 3 2 140 0 100 0 
1400 1540 3 2 70 65 55 75 
2100 2730 3 2 100 0 150 0 
2900 3770 3 2 80 105 70 0 
2100 3150 2 1 110 120 0 0 
1000 1200 3 2 0 98 120 55 
1300 1690 1 2 120 70 70 0 
2800 3080 1 2 150 140 0 0 
2000 2200 2 2 88 84 70 0 
2500 2750 3 2 0 150 0 140 
2700 3510 1 2 75 50 50 50 
1800 2340 1 1 112 98 70 0 
