256
256000
2 3 4
15
0 1 3 230 2 2
77 57 167
1 1 8 190 4 5
52 251 35 179 212 106 54 249
2 1 3 270 2 2
186 110 143
3 1 3 120 3 3
116 97 100
4 1 5 140 4 4
190 227 145 124 63
5 1 4 180 2 3
154 167 109 50
6 1 8 230 5 8
56 91 149 241 32 45 93 202
7 1 8 300 4 7
87 32 128 207 53 171 120 38
8 1 3 110 3 3
28 76 193
9 1 8 250 7 7
167 104 88 212 42 77 191 194
10 1 7 270 3 4
74 85 241 251 108 140 128
11 1 3 250 3 3
127 119 131
12 1 3 190 3 3
14 60 132
13 1 4 190 3 4
12 11 166 45
14 1 7 130 7 7
119 20 60 9 52 4 66
2000 2400 1 2 50 60 65 55 
1500 1650 1 1 0 0 150 120 
1100 1320 2 1 150 0 140 0 
1900 2660 2 2 0 0 120 100 
1900 2090 1 1 0 77 80 60 
1000 1100 3 2 0 0 130 110 
1300 1690 3 2 0 0 140 100 
2300 2990 1 1 130 130 0 0 
1800 1980 2 1 110 130 0 0 
1300 1690 3 1 65 65 60 50 
2300 2530 3 2 96 84 50 0 
2400 3120 2 1 75 60 75 60 
3000 4500 3 1 96 98 65 0 
1900 2850 1 1 120 0 100 0 
2300 2760 3 1 100 0 120 0 
1000 1400 1 2 88 70 55 0 
2400 3360 2 1 0 140 0 120 
2100 2520 3 2 140 0 100 0 
1900 2850 1 2 0 98 120 70 
3000 4500 3 2 130 140 0 0 
3000 3300 3 1 140 0 130 0 
2400 2880 3 1 50 70 55 55 
2000 2800 2 2 55 55 60 70 
1100 1540 1 1 88 84 65 0 
1600 2240 2 1 50 75 65 70 
1400 2100 2 2 0 0 120 100 
3000 3600 2 2 0 0 120 100 
1000 1100 3 2 0 0 110 140 
2100 2940 2 1 120 100 0 0 
1600 2400 1 1 0 70 88 50 
2600 2860 3 1 0 150 0 150 
2600 3120 3 2 0 100 0 120 
1900 2090 1 2 55 55 75 65 
3000 3600 1 2 80 77 50 0 
3000 4200 3 1 0 110 0 140 
2800 3920 3 1 100 130 0 0 
2200 2860 2 1 120 0 130 0 
2000 3000 2 1 100 140 0 0 
2700 2970 1 1 120 98 50 0 
2100 3150 3 2 140 100 0 0 
1300 1560 1 1 120 84 70 0 
1000 1400 2 1 88 91 65 0 
1300 1430 3 1 0 110 0 130 
2700 3780 2 2 70 60 60 75 
2300 2530 2 2 104 70 75 0 
2800 4200 1 1 140 0 150 0 
2900 3770 1 2 130 0 120 0 
1700 2040 3 1 80 98 65 0 
1600 1760 2 2 0 0 130 150 
2400 3120 1 2 96 84 60 0 
2000 2200 1 1 120 150 0 0 
1600 2080 3 1 0 84 120 60 
2800 3080 3 2 0 84 80 70 
2600 3380 2 2 110 0 150 0 
1800 1980 2 1 100 0 130 0 
2200 3300 2 2 70 75 70 50 
1400 2100 2 2 150 150 0 0 
2800 3360 2 1 100 100 0 0 
3000 3600 3 1 112 91 75 0 
1200 1560 1 1 0 0 110 110 
1400 1540 3 2 150 130 0 0 
1400 1680 2 2 0 0 100 110 
2100 2310 1 2 0 100 0 100 
1500 2250 2 1 65 65 55 65 
1500 2250 2 1 0 0 140 150 
1500 1650 2 2 0 100 0 110 
2000 2400 2 1 88 70 60 0 
1000 1400 1 2 0 150 0 100 
2300 2990 3 1 0 98 104 65 
1800 1980 3 2 150 0 110 0 
2300 3220 1 2 50 70 75 60 
2500 3250 1 2 0 98 112 75 
1000 1300 3 1 110 0 120 0 
2600 3120 1 2 50 55 55 60 
2200 2420 2 1 0 98 120 50 
2900 3190 1 2 112 77 50 0 
1900 2470 3 1 60 50 50 55 
2800 3080 1 1 140 100 0 0 
2200 3300 3 1 60 75 50 75 
1600 2400 2 1 0 150 0 110 
2700 3240 3 2 0 140 0 130 
1800 1980 2 2 0 0 110 150 
1700 2210 1 1 140 0 150 0 
2200 2420 1 1 120 77 75 0 
1700 2380 3 2 100 0 150 0 
1200 1680 1 2 0 110 0 120 
2700 3780 3 2 130 0 130 0 
2700 2970 1 2 120 130 0 0 
3000 4200 3 2 70 55 60 60 
1200 1560 2 2 96 91 75 0 
1400 1820 1 1 70 50 70 65 
1500 2100 2 2 60 70 55 55 
1200 1440 2 2 65 65 70 55 
2300 3450 2 2 55 75 70 70 
1400 1540 3 1 100 0 120 0 
2300 3220 1 2 0 84 104 70 
3000 3600 1 2 70 50 60 65 
2300 2760 1 2 120 0 110 0 
1200 1560 1 1 0 0 140 130 
2700 2970 1 1 0 105 112 75 
2100 2730 1 1 130 0 120 0 
2600 3900 2 2 96 77 55 0 
1100 1540 1 2 75 65 75 60 
1600 2240 2 1 110 0 150 0 
2100 2520 3 1 140 0 140 0 
1700 2380 3 2 110 0 110 0 
2300 3450 1 1 104 91 65 0 
1500 2250 2 2 130 110 0 0 
3000 4200 1 2 65 50 60 50 
1500 1650 2 1 120 100 0 0 
1600 1760 2 1 80 98 70 0 
2000 2200 2 2 120 0 110 0 
2400 2640 1 1 140 130 0 0 
2900 3480 3 1 0 140 0 150 
1200 1320 3 1 0 0 150 130 
2800 3360 1 1 112 70 70 0 
1700 2380 1 1 100 0 150 0 
2600 3640 2 2 130 100 0 0 
2300 3450 3 1 104 98 50 0 
3000 3900 1 2 0 120 0 150 
2100 2730 1 2 0 70 104 70 
2800 3360 3 2 0 0 140 110 
1800 1980 3 2 0 0 140 100 
3000 3600 2 2 0 98 120 60 
1300 1820 1 2 0 0 140 100 
1400 2100 2 1 140 150 0 0 
1200 1440 3 1 0 0 120 140 
1100 1430 2 2 0 0 130 140 
1100 1430 3 1 130 0 130 0 
1600 2080 2 1 0 0 140 140 
2500 3500 1 2 120 91 50 0 
1300 1820 1 2 55 70 50 55 
2000 2200 3 2 110 0 140 0 
1600 2080 2 2 55 55 70 55 
1200 1560 1 1 110 150 0 0 
1200 1680 1 1 0 110 0 130 
1800 2160 2 1 100 150 0 0 
2200 2420 2 1 0 105 80 70 
2800 3360 3 2 110 0 130 0 
2100 2310 1 2 0 0 110 100 
1600 1920 2 2 0 0 100 110 
3000 3300 2 1 120 0 150 0 
1800 2160 2 1 140 0 120 0 
1000 1300 2 1 120 77 75 0 
1800 2340 3 1 120 110 0 0 
3000 4200 1 2 0 150 0 100 
1200 1800 1 1 50 70 75 50 
2700 4050 1 1 88 70 70 0 
2900 4060 2 1 130 110 0 0 
2100 2310 1 1 130 0 120 0 
2100 2730 1 2 0 110 0 130 
2200 3080 1 1 75 55 65 50 
3000 4200 1 1 0 0 110 140 
1300 1950 2 2 120 150 0 0 
1700 1870 1 1 0 0 150 130 
1000 1400 2 2 140 120 0 0 
3000 4200 3 2 0 84 80 75 
1800 1980 3 1 65 70 75 65 
2800 4200 2 1 0 140 0 150 
2300 2990 3 1 0 0 150 120 
2400 3600 2 1 0 0 120 110 
1700 2550 1 2 50 50 75 70 
1600 2080 3 1 130 110 0 0 
2800 3080 3 1 0 70 88 75 
2600 3120 3 2 0 70 80 60 
2000 2600 1 1 0 0 100 150 
1800 2700 2 2 0 130 0 120 
3000 3600 3 2 120 84 60 0 
2300 3450 2 2 0 77 120 55 
1200 1320 2 2 120 0 140 0 
1400 1540 1 1 80 105 50 0 
2000 2800 2 2 0 120 0 120 
2500 3500 2 2 55 70 60 60 
1900 2850 3 2 55 50 65 75 
1200 1800 3 1 55 60 75 70 
2700 3240 2 2 0 150 0 140 
2400 3600 2 1 0 0 120 120 
1200 1560 3 2 120 110 0 0 
1900 2660 1 2 88 84 75 0 
1300 1820 3 1 150 0 140 0 
2600 2860 2 1 0 0 140 130 
1300 1690 1 2 60 60 60 75 
1000 1200 1 1 75 75 65 70 
2700 3510 2 2 88 91 60 0 
2600 3120 1 1 0 120 0 150 
2300 2990 3 2 150 100 0 0 
1900 2090 3 2 0 91 104 65 
2000 2800 2 1 130 150 0 0 
2700 3780 1 2 0 91 104 55 
2300 3220 3 2 100 120 0 0 
2200 2420 2 1 70 65 50 70 
2600 3900 2 2 120 140 0 0 
2000 2200 3 2 65 60 60 65 
1000 1400 1 1 96 105 55 0 
2900 4350 3 2 0 77 112 55 
1700 2210 2 2 65 65 75 75 
1100 1650 1 2 0 77 120 75 
2300 3450 3 1 140 0 120 0 
2900 3480 1 2 0 105 88 50 
2700 2970 3 1 130 0 130 0 
1900 2090 3 1 0 0 120 140 
1100 1430 2 2 0 70 120 60 
1200 1440 2 1 110 130 0 0 
2400 3600 2 1 104 105 60 0 
2900 4350 1 2 60 75 70 70 
2000 2800 3 1 70 55 65 70 
2300 2760 3 1 120 98 50 0 
3000 3600 3 2 0 100 0 150 
2500 2750 2 2 60 65 70 70 
1000 1500 1 1 55 65 65 75 
2600 3640 2 1 0 0 150 150 
1000 1300 2 1 50 50 75 75 
2200 3080 3 1 130 100 0 0 
2700 3240 1 1 0 0 100 100 
1600 2080 2 1 112 91 75 0 
2000 2400 1 1 0 0 140 100 
2400 3360 1 1 112 70 70 0 
2100 2940 2 2 0 140 0 140 
2200 2420 3 1 140 120 0 0 
2700 2970 3 2 0 0 130 130 
2700 3780 1 1 120 130 0 0 
2500 3500 2 1 110 0 130 0 
1100 1540 3 2 0 0 120 150 
2100 2940 1 2 120 0 150 0 
2900 3190 2 1 0 77 112 55 
2600 2860 1 2 0 0 130 140 
2100 3150 2 1 0 110 0 140 
3000 3300 1 2 120 110 0 0 
1700 2550 1 1 110 0 150 0 
1300 1430 3 2 0 150 0 100 
2400 3600 3 1 0 98 112 75 
2700 3780 2 1 0 0 120 100 
2800 3640 1 2 104 105 75 0 
1200 1440 2 1 100 120 0 0 
1700 2040 2 1 150 120 0 0 
2700 2970 2 2 0 130 0 130 
1500 1650 3 1 96 84 50 0 
1900 2850 2 1 0 100 0 100 
2600 3120 1 1 65 70 55 60 
1600 1920 1 1 80 70 65 0 
1100 1210 3 1 55 55 75 65 
3000 3600 1 2 0 130 0 100 
1800 2520 3 1 75 70 60 50 
2000 3000 1 1 0 0 120 140 
1400 1960 3 2 100 0 150 0 
2100 2520 1 2 80 105 70 0 
2400 2640 1 2 60 75 65 55 
1100 1320 1 2 0 110 0 110 
1400 1820 1 1 0 140 0 100 
1800 2700 1 1 55 60 65 50 
2400 2880 3 1 130 0 140 0 
2400 2880 2 2 60 65 55 75 
1000 1500 1 2 110 0 100 0 
1200 1800 1 1 0 84 96 65 
1400 1960 3 2 60 70 75 75 
2000 3000 3 1 104 70 60 0 
