256
256000
2 3 4
0
2200 2860 3 1 50 65 75 65 
2800 3640 2 1 80 70 75 0 
1200 1320 1 2 110 140 0 0 
1700 2040 2 1 96 70 65 0 
2900 4350 3 1 0 120 0 150 
1100 1430 2 1 130 110 0 0 
2400 3600 1 1 50 50 70 65 
2100 2940 1 1 0 105 120 55 
2300 2530 2 2 0 0 110 110 
3000 3600 2 2 75 65 55 65 
1600 1920 1 1 88 91 75 0 
1800 2700 2 1 110 0 120 0 
1900 2470 1 1 150 110 0 0 
2600 3380 1 2 0 150 0 150 
2900 3480 1 2 88 91 60 0 
2500 3500 2 2 88 105 75 0 
1900 2090 3 1 96 91 65 0 
2500 3750 2 2 70 50 65 55 
2700 4050 1 1 110 130 0 0 
1500 2250 1 2 0 0 120 100 
1800 1980 3 1 0 130 0 140 
1600 1920 2 2 70 50 55 65 
2600 3640 1 2 80 105 50 0 
1300 1690 3 2 0 0 130 150 
1600 1920 3 2 120 91 50 0 
1900 2090 3 2 50 50 55 60 
2500 2750 3 1 100 0 140 0 
2500 2750 1 1 88 84 50 0 
1200 1320 1 2 0 140 0 120 
2900 4350 1 1 104 84 65 0 
1100 1430 2 1 0 77 112 75 
2700 3510 1 2 0 0 110 150 
1700 2550 2 2 60 55 70 60 
2500 3250 1 2 88 70 65 0 
1000 1400 2 2 0 105 88 60 
2000 3000 3 2 55 50 65 55 
1000 1400 3 1 0 70 96 75 
2300 3220 2 1 80 70 75 0 
1000 1500 1 2 0 105 120 75 
3000 3900 3 1 100 150 0 0 
1900 2280 2 2 0 77 96 55 
2000 2200 3 1 50 75 60 50 
2100 2940 2 2 96 77 55 0 
1600 2080 1 1 140 0 130 0 
1600 2080 3 2 0 0 150 130 
1700 1870 2 2 0 0 100 150 
1400 1540 1 1 0 0 130 100 
2100 2940 3 1 150 150 0 0 
1600 1920 3 1 130 0 140 0 
1100 1320 3 1 0 105 112 50 
1000 1400 3 1 104 70 70 0 
2400 3600 2 1 88 84 65 0 
2900 3770 2 1 150 0 150 0 
1600 2080 3 2 104 105 70 0 
1800 1980 2 1 120 0 100 0 
1900 2470 3 2 0 70 80 60 
1400 1680 2 2 0 0 120 100 
2000 2800 2 1 0 120 0 150 
2300 2760 1 2 0 0 120 110 
1500 1650 3 2 100 0 110 0 
3000 3300 3 1 130 140 0 0 
1600 1760 1 2 70 55 50 75 
2600 3640 1 2 80 84 75 0 
1500 2100 1 2 88 84 65 0 
2900 3480 1 1 120 77 70 0 
1700 2550 2 2 0 150 0 130 
1500 2100 1 2 120 0 150 0 
1400 1820 3 1 0 100 0 150 
2300 2760 1 2 65 75 75 50 
2900 3480 2 2 120 70 50 0 
1400 1820 2 2 0 150 0 100 
1900 2090 1 2 0 77 80 60 
2500 3000 2 1 0 91 120 75 
2700 3780 3 1 0 130 0 140 
2600 3640 2 1 100 150 0 0 
2700 2970 1 1 130 150 0 0 
2500 3500 2 2 60 70 70 60 
1100 1210 3 2 150 110 0 0 
1600 2240 3 2 120 130 0 0 
2900 3480 2 2 0 0 120 120 
1000 1100 1 2 0 140 0 100 
1200 1800 3 2 100 0 100 0 
1300 1820 3 1 120 91 50 0 
2600 3120 1 2 150 0 120 0 
1400 1960 1 2 140 0 140 0 
2300 2760 1 2 104 98 55 0 
1000 1500 2 1 88 98 50 0 
2700 3510 2 2 96 91 75 0 
1900 2850 3 2 0 105 120 75 
1700 2040 3 1 0 100 0 140 
2400 2640 1 1 0 0 100 110 
1900 2470 2 2 120 0 110 0 
2100 2730 3 2 0 0 130 100 
1300 1430 3 1 110 0 150 0 
2900 3190 2 2 0 0 140 120 
3000 4200 1 1 50 65 70 50 
1000 1200 1 2 120 70 65 0 
3000 3600 2 2 140 0 150 0 
1900 2280 2 1 0 120 0 110 
1200 1320 3 1 0 0 120 150 
3000 3300 1 2 130 100 0 0 
1000 1200 3 1 120 91 75 0 
1100 1430 1 2 150 0 120 0 
2900 4350 1 1 140 0 120 0 
2900 3770 2 1 55 60 55 60 
3000 4500 2 1 110 0 110 0 
2700 3780 3 2 100 120 0 0 
2300 3220 2 2 100 130 0 0 
1700 2040 2 1 65 55 70 55 
1600 1760 1 1 80 70 60 0 
2500 3500 2 1 130 0 100 0 
1200 1680 1 1 150 150 0 0 
1900 2470 2 1 60 65 70 50 
1500 2250 1 1 0 150 0 140 
2700 3240 1 2 80 77 50 0 
2700 2970 1 2 75 60 65 65 
2900 4350 2 2 150 0 100 0 
2900 4060 3 2 120 77 70 0 
1300 1560 3 1 0 130 0 110 
2700 2970 2 2 100 0 110 0 
2600 3640 3 2 0 77 104 55 
2800 3640 1 2 0 150 0 110 
1500 2250 3 1 0 0 100 110 
1800 2520 2 1 100 0 130 0 
1000 1100 1 2 0 150 0 120 
2900 4350 3 1 0 100 0 140 
2900 3770 2 2 0 84 120 75 
1100 1650 2 1 140 0 100 0 
1500 1950 1 2 60 55 55 50 
1500 1650 1 1 0 91 88 50 
1200 1320 1 1 0 84 96 55 
1800 2700 2 2 50 65 75 60 
1700 2210 3 2 140 140 0 0 
1800 2700 1 1 0 140 0 110 
1300 1950 1 2 50 70 55 70 
2000 2600 2 1 0 84 112 55 
1200 1320 1 2 0 0 120 140 
2100 2310 2 1 104 77 50 0 
2600 3120 1 1 0 0 130 120 
2500 3750 3 2 0 140 0 100 
1200 1440 3 2 0 150 0 100 
2900 3480 3 1 0 150 0 150 
2400 3120 2 1 112 105 70 0 
2100 2520 2 1 150 100 0 0 
2200 3300 1 1 65 50 50 55 
1600 2080 1 1 0 140 0 150 
2900 3770 2 2 0 91 112 70 
2800 4200 2 2 130 110 0 0 
2600 3120 1 2 0 91 120 70 
2800 3360 1 2 50 55 70 60 
1800 2160 2 2 75 50 55 65 
2200 2420 3 2 65 75 75 55 
2300 3450 3 2 0 130 0 100 
2900 3770 1 1 60 60 75 65 
2700 4050 1 2 150 150 0 0 
2600 3380 3 1 0 105 88 60 
1500 1650 1 2 0 0 130 150 
2900 3770 3 2 110 0 150 0 
1100 1320 3 1 0 110 0 100 
1800 2340 1 2 80 98 55 0 
1300 1430 1 1 0 0 120 130 
2600 2860 3 1 0 0 130 140 
2700 3780 2 2 0 100 0 110 
1700 2380 3 1 0 105 88 55 
1100 1210 3 1 75 60 70 50 
1900 2850 1 1 0 140 0 100 
1600 2400 1 1 88 105 70 0 
2100 2310 1 2 110 120 0 0 
1400 1540 3 2 120 110 0 0 
1300 1430 1 1 0 110 0 130 
1000 1200 3 2 0 98 88 55 
1600 2240 2 2 50 70 70 50 
1900 2470 2 2 112 84 75 0 
2400 2880 1 2 150 0 140 0 
2700 3780 2 2 150 0 110 0 
2700 2970 1 2 0 0 130 150 
1900 2660 2 2 100 0 130 0 
2100 3150 3 1 70 75 65 75 
1400 1680 3 1 120 91 65 0 
2400 3600 3 2 110 100 0 0 
1400 2100 3 2 130 120 0 0 
2200 2420 1 1 60 55 55 75 
3000 3900 3 1 0 140 0 120 
1300 1950 2 1 65 60 75 60 
3000 4500 2 2 110 0 130 0 
2400 3600 1 1 0 77 104 65 
1300 1950 3 2 96 77 50 0 
1900 2090 3 1 100 0 140 0 
1500 1950 3 1 112 98 75 0 
2100 2520 3 2 96 77 60 0 
1200 1560 2 2 60 75 50 75 
1100 1650 2 2 150 0 110 0 
1700 1870 1 1 130 0 100 0 
3000 3300 3 1 60 70 65 75 
2700 3780 3 1 104 98 65 0 
2500 3500 2 2 0 100 0 120 
1900 2470 2 2 0 0 150 120 
2100 2520 3 2 120 105 70 0 
1700 1870 3 2 100 130 0 0 
1500 1950 3 1 150 0 150 0 
3000 4500 1 1 0 0 140 120 
2600 3120 2 1 150 110 0 0 
2500 3750 3 1 0 0 100 110 
2700 4050 2 2 75 65 55 75 
2100 2730 2 2 0 98 112 60 
3000 3600 1 1 0 0 110 130 
2900 3770 2 2 60 60 70 65 
1400 1680 1 2 120 0 100 0 
1100 1430 2 2 110 110 0 0 
2700 3240 2 2 0 110 0 100 
1700 1870 2 1 120 0 130 0 
1800 2700 1 2 0 110 0 100 
3000 3900 3 2 150 0 100 0 
1400 1540 2 1 0 0 130 130 
1900 2850 1 1 60 55 50 60 
1200 1800 3 2 0 0 110 120 
2600 3380 2 2 0 110 0 120 
2800 4200 2 2 150 0 100 0 
1500 1650 1 1 60 75 55 50 
1700 2210 2 1 110 150 0 0 
1300 1820 3 2 0 120 0 140 
1700 2040 3 1 100 0 150 0 
2000 2800 2 1 120 84 70 0 
1600 2240 2 2 140 120 0 0 
1300 1820 2 2 50 50 65 60 
2800 3360 1 1 70 55 70 70 
1600 2400 3 1 0 140 0 150 
3000 3600 1 2 150 0 140 0 
1700 2210 1 2 150 0 110 0 
2100 2940 2 2 88 84 70 0 
1100 1210 2 2 0 98 88 60 
2300 2990 1 1 0 100 0 150 
1000 1100 1 2 0 0 110 150 
2500 3250 2 2 120 0 150 0 
1800 2340 3 1 100 0 140 0 
1600 1920 3 2 140 0 110 0 
1700 2040 3 1 0 0 110 140 
2700 4050 3 1 60 65 55 55 
1500 1800 3 2 100 140 0 0 
1700 2550 1 1 0 70 88 55 
1400 1680 3 2 0 140 0 150 
1500 2100 1 2 104 98 75 0 
2700 2970 2 2 100 0 120 0 
1000 1500 3 1 150 150 0 0 
2000 2200 1 2 104 70 55 0 
2000 3000 1 2 130 140 0 0 
2300 3450 1 1 0 140 0 100 
2600 3120 3 1 0 140 0 150 
2700 3510 1 2 120 0 130 0 
2300 2760 2 1 0 0 100 140 
1500 1800 2 2 0 77 120 70 
1600 2240 3 2 150 100 0 0 
1900 2660 1 2 60 70 55 50 
2700 2970 2 2 120 0 140 0 
2500 3750 3 2 75 70 60 75 
2700 4050 3 2 104 91 65 0 
