64
64000
2 3 4
0
2600 3380 2 1 130 140 0 0 
1600 1760 2 2 0 105 96 50 
1000 1400 2 2 65 55 55 75 
2100 2730 3 2 0 91 112 75 
2900 3770 2 1 0 120 0 100 
1600 1760 2 2 0 0 150 140 
1400 1820 3 1 0 0 100 110 
1800 2340 1 1 0 77 120 75 
2200 3300 3 1 0 120 0 120 
1300 1950 3 1 0 0 120 120 
2200 3300 1 2 0 84 88 60 
3000 3300 3 1 0 0 150 140 
1500 1650 2 1 0 150 0 140 
1600 1920 1 1 120 98 75 0 
2000 2800 2 1 0 0 140 140 
2000 2400 3 1 150 110 0 0 
2700 4050 3 1 100 100 0 0 
1100 1650 2 1 75 60 75 75 
2100 2730 1 2 80 105 70 0 
2100 2940 1 1 0 120 0 130 
2200 2640 2 2 0 0 120 150 
2100 3150 2 1 0 91 96 70 
1700 2550 3 1 0 0 140 100 
2600 3900 2 2 130 0 100 0 
1600 2400 1 2 120 0 150 0 
1600 1920 1 1 112 70 50 0 
3000 3600 1 2 150 0 110 0 
2400 2880 1 1 0 0 140 130 
2300 3450 3 2 0 120 0 150 
1100 1210 1 2 0 84 88 65 
2300 2760 2 1 140 100 0 0 
1800 2160 3 2 110 140 0 0 
1300 1820 3 2 96 105 50 0 
1600 2400 2 2 0 98 112 55 
2300 3220 3 1 0 140 0 150 
1900 2090 3 2 88 70 60 0 
1500 2250 3 2 0 84 80 65 
2700 3510 2 2 150 0 110 0 
2700 4050 2 1 96 77 50 0 
1500 1950 2 2 0 0 120 110 
2700 4050 2 2 0 0 120 140 
2800 4200 3 2 112 70 75 0 
1100 1210 3 2 60 70 75 65 
2100 3150 2 2 0 0 120 110 
2200 2640 1 1 60 75 75 75 
2000 2600 3 1 50 50 75 55 
2200 2860 3 1 110 150 0 0 
1500 2100 3 2 0 70 96 75 
2700 4050 2 1 140 0 100 0 
1300 1430 1 2 0 110 0 140 
2000 2800 2 1 0 140 0 150 
1200 1800 1 2 130 120 0 0 
2400 2640 1 1 75 55 65 75 
2900 4060 1 2 100 120 0 0 
3000 4500 3 2 60 70 65 55 
2000 2200 2 2 0 130 0 140 
3000 3900 1 1 110 0 130 0 
1200 1440 1 1 0 0 140 130 
1400 1540 2 2 0 0 150 130 
1100 1650 1 2 0 77 80 70 
1300 1950 2 2 0 110 0 120 
2300 2990 2 1 0 77 104 50 
2400 2640 2 1 130 130 0 0 
2300 2530 2 1 120 0 100 0 
