50
50000
2 3 4 3
1
0 1 3 300 3 3
36 35 37
1600 1920 2 1 0 70 88 70 
3000 3300 3 1 120 0 140 0 
2900 3480 2 2 96 105 65 0 
2800 3080 3 2 80 77 65 0 
2900 3480 1 1 60 50 50 65 
2500 2750 2 1 150 0 120 0 
1600 1920 3 2 112 84 65 0 
2400 3120 3 1 0 91 88 75 
1900 2470 3 1 0 0 150 140 
1700 2550 1 2 88 105 75 0 
1300 1950 1 2 120 0 130 0 
2800 4200 2 1 55 75 55 70 
1000 1400 3 1 0 77 96 75 
1900 2850 1 1 96 105 60 0 
2900 4060 1 2 0 77 96 65 
2400 2640 1 1 0 150 0 100 
2700 3780 2 2 0 110 0 130 
2900 4060 3 2 70 55 75 60 
2900 3480 1 2 0 0 110 110 
1700 2210 3 1 0 110 0 130 
2500 3000 2 1 60 70 50 60 
2300 2760 1 1 0 0 150 120 
1600 2080 2 2 0 105 88 65 
2400 2880 3 1 0 0 110 150 
1100 1430 2 1 0 70 96 75 
1100 1430 3 2 112 91 50 0 
3000 4500 1 1 88 70 65 0 
1700 2550 1 1 0 0 120 130 
1900 2660 3 2 110 140 0 0 
2000 2600 1 1 0 0 150 100 
1900 2090 3 2 120 105 65 0 
1300 1950 1 1 0 70 104 65 
1600 1920 1 1 0 77 88 65 
2400 3600 2 1 0 105 112 50 
1400 1680 3 2 100 140 0 0 
1100 1650 1 2 60 55 55 75 
2200 3300 3 1 0 84 104 75 
1500 2250 3 1 0 98 96 55 
2300 3450 1 1 0 84 80 65 
2700 2970 2 1 50 60 60 60 
3000 3900 1 2 0 77 88 70 
2800 3640 2 1 0 84 112 60 
1900 2850 1 1 0 77 80 70 
1400 1680 1 2 100 140 0 0 
3000 3300 2 2 150 100 0 0 
2800 3920 3 1 65 60 75 75 
2300 2530 2 1 0 98 88 65 
2700 3510 2 2 0 0 120 120 
1900 2280 2 1 0 70 112 60 
2300 2990 1 2 0 100 0 140 
