64
64000
2 3 4 3
1
0 1 7 220 7 7
7 39 47 20 29 53 55
1500 1800 2 1 120 0 140 0 
1200 1680 1 2 140 0 110 0 
2900 3190 2 1 0 120 0 100 
2800 3920 1 1 55 70 60 70 
2700 3780 2 1 55 75 75 70 
2600 3900 2 1 55 60 70 70 
2100 3150 2 2 0 140 0 140 
1200 1800 2 2 140 120 0 0 
1800 2340 3 2 0 0 130 150 
2800 3360 2 1 0 77 80 70 
1100 1650 2 1 0 100 0 110 
3000 3600 1 2 60 75 65 55 
1100 1430 3 1 0 0 140 110 
1000 1200 3 1 50 75 50 75 
1000 1100 2 2 0 0 130 140 
1700 2550 2 2 50 50 65 75 
1200 1440 3 2 120 120 0 0 
1800 2340 1 1 0 110 0 130 
1400 1960 3 2 150 130 0 0 
1000 1500 2 1 0 0 110 150 
2200 2420 3 2 0 100 0 150 
1100 1650 2 1 130 0 130 0 
1700 2040 3 2 0 0 110 110 
1400 1820 3 2 60 65 50 65 
1200 1440 3 1 140 0 140 0 
3000 3900 2 2 150 0 120 0 
1100 1210 2 1 0 100 0 150 
1700 2040 2 1 75 50 50 65 
1800 2700 1 2 120 150 0 0 
2800 3360 1 2 130 120 0 0 
2500 3000 3 1 0 130 0 140 
2800 3080 1 1 112 84 70 0 
1400 1540 3 1 150 130 0 0 
2000 3000 2 2 0 77 96 60 
1000 1200 1 1 0 140 0 140 
1700 2550 1 2 130 0 110 0 
3000 4200 3 1 96 84 60 0 
2700 2970 3 1 120 70 75 0 
2400 3600 1 1 0 98 112 65 
1100 1210 1 2 0 84 104 55 
2900 3480 1 2 0 110 0 130 
1800 2340 2 2 96 91 65 0 
1100 1540 2 2 100 120 0 0 
1800 1980 1 1 55 75 70 65 
2600 3900 1 2 0 110 0 120 
2700 3510 1 1 0 91 112 70 
1500 2250 2 2 0 130 0 150 
3000 3300 1 2 150 0 130 0 
2400 3360 2 1 55 70 75 65 
2200 2420 3 2 50 70 70 70 
2400 3120 2 2 96 91 70 0 
1400 1960 2 2 55 50 75 60 
2200 2860 2 1 140 0 100 0 
2000 2600 2 1 140 0 120 0 
2900 3770 1 2 0 120 0 110 
2400 3360 1 2 96 91 60 0 
1900 2850 3 2 0 0 130 100 
3000 3300 2 1 0 91 88 55 
1000 1300 1 1 150 0 110 0 
2200 3300 2 1 0 0 120 110 
1300 1950 1 2 150 100 0 0 
1600 1920 2 1 0 0 120 120 
2400 3360 2 2 150 150 0 0 
1100 1430 3 1 0 140 0 100 
