50
50000
2 3 4 3
3
0 1 5 160 5 5
22 34 30 24 20
1 1 4 240 3 4
8 48 3 34
2 1 7 170 7 7
24 37 6 16 14 47 1
1300 1820 1 2 100 0 120 0 
3000 4500 1 2 0 77 112 55 
2200 3300 3 1 150 100 0 0 
2300 3450 2 2 100 0 110 0 
2100 2940 1 1 50 50 75 50 
3000 4200 3 2 150 0 120 0 
1800 2160 1 2 150 120 0 0 
2300 2530 3 1 0 110 0 110 
2200 2420 3 2 140 0 140 0 
1100 1540 1 2 0 77 96 50 
1200 1800 3 2 100 150 0 0 
1600 2080 2 2 100 130 0 0 
2100 2730 2 2 140 100 0 0 
2600 3380 2 1 100 0 130 0 
2200 3080 1 2 0 0 140 140 
1900 2470 3 2 130 0 130 0 
2000 2200 3 2 0 84 104 55 
2200 2640 2 2 130 0 130 0 
2200 3300 3 1 120 100 0 0 
2900 3480 2 2 0 70 88 50 
2600 2860 1 2 110 120 0 0 
1100 1210 1 1 150 0 120 0 
2600 3900 1 1 0 0 100 100 
1300 1560 1 2 110 0 140 0 
1200 1560 2 2 110 0 110 0 
2700 4050 2 1 55 75 65 75 
1300 1950 2 1 104 98 50 0 
1500 2250 3 1 112 91 50 0 
1300 1820 1 1 120 84 60 0 
2100 2310 1 2 150 110 0 0 
1800 1980 2 2 75 65 75 50 
2400 3600 1 1 150 130 0 0 
1100 1650 3 1 110 0 100 0 
2600 3380 1 2 0 105 120 65 
2100 2730 1 1 0 0 120 120 
1500 2250 1 1 0 0 150 140 
2200 2640 3 2 50 55 70 55 
1900 2280 2 2 0 77 88 75 
1200 1440 2 2 104 84 55 0 
2800 3360 2 1 0 0 110 120 
3000 4200 1 2 50 55 70 50 
2500 2750 3 2 140 0 130 0 
2800 3920 2 2 0 100 0 120 
1400 1540 2 2 55 55 70 55 
1800 2520 1 2 150 0 120 0 
2400 3120 1 2 96 91 75 0 
3000 3300 2 1 0 100 0 120 
1400 1540 3 1 88 91 65 0 
1200 1440 2 2 110 130 0 0 
2900 3190 3 1 50 60 70 60 
