50
50000
2 3 4 3
2
0 1 4 140 4 4
20 39 46 9
1 1 7 230 2 3
21 40 31 26 41 46 33
2100 2310 1 2 0 98 80 55 
1300 1820 2 2 140 0 120 0 
2500 2750 2 2 0 91 88 60 
2200 2420 2 1 0 150 0 140 
1200 1800 3 1 75 65 50 75 
2700 3780 3 1 104 105 75 0 
2600 3120 2 1 110 150 0 0 
1900 2470 2 1 0 0 120 110 
2900 4350 2 2 130 150 0 0 
1100 1650 1 2 0 0 100 110 
2100 2730 3 1 110 0 150 0 
2900 4060 1 1 55 70 75 65 
1200 1320 3 1 0 100 0 100 
2800 3920 3 1 60 60 60 75 
1200 1440 1 2 120 0 110 0 
1300 1950 1 2 0 0 140 100 
1300 1430 3 2 110 0 120 0 
1500 1650 1 2 104 98 75 0 
2100 3150 1 1 100 0 140 0 
1400 1960 3 2 50 70 60 65 
1900 2850 3 1 0 84 104 70 
1200 1800 3 1 65 70 60 65 
2500 3250 2 2 0 91 104 50 
2100 2520 1 2 0 70 96 65 
1500 1800 1 2 50 50 50 50 
2100 2730 2 2 50 70 75 75 
2900 3770 1 2 0 0 110 100 
2700 3780 3 1 130 120 0 0 
2200 3300 2 1 140 100 0 0 
2000 2600 3 1 0 130 0 150 
1500 1650 1 1 96 91 70 0 
1100 1540 2 2 100 120 0 0 
2000 2200 1 2 0 0 130 100 
3000 3300 2 2 0 91 120 65 
2500 3500 3 2 0 100 0 130 
2900 3190 2 2 150 130 0 0 
2300 2760 1 2 140 0 120 0 
1900 2090 2 1 0 100 0 150 
2200 2640 3 1 120 84 60 0 
2200 2640 3 2 120 0 150 0 
1500 1650 2 2 0 0 130 120 
2800 3640 2 1 110 100 0 0 
2300 2990 2 2 150 0 110 0 
2600 3120 3 2 75 65 65 60 
3000 4200 1 2 0 0 140 150 
2400 3360 2 1 80 105 70 0 
2200 3300 1 2 100 110 0 0 
1700 2380 1 1 0 0 100 140 
1800 2700 3 1 0 150 0 150 
1100 1210 3 1 120 0 110 0 
