1 39.0 34.0 59.0 47.75  42.5
2 41.0 35.0 69.0 50.75  44.5
3 39.25 35.0 63.0 49.0  43.5
4 39.0 34.0 84.0 48.75  42.0
5 39.5 35.0 69.0 48.75  45.0
6 39.0 34.0 62.0 47.75  43.5
7 657.5 503.0 1206.0 791.0  712.0
8 693.0 578.0 1245.0 854.75  762.5
9 537.0 394.0 988.0 655.0  580.5
10 525.0 392.0 988.0 660.25  580.5
11 801.5 631.0 1516.0 993.0  875.5
12 707.25 535.0 1238.0 832.25  756.5
13 713.25 576.0 1285.0 849.0  777.0
14 528.75 395.0 982.0 664.25  579.5
15 709.5 554.0 1253.0 841.5  760.5
16 729.5 565.0 1272.0 884.5  766.5
17 724.75 562.0 1329.0 871.75  778.5
18 695.25 546.0 1285.0 866.75  759.5
19 708.25 563.0 1284.0 884.5  771.5
20 586.25 415.0 1084.0 717.25  628.5
