1 33.0 30.0 42.0 37.0  34.0
2 33.25 31.0 42.0 38.75  36.0
3 34.0 32.0 42.0 38.0  35.5
4 34.0 31.0 41.0 37.75  35.5
5 33.25 32.0 42.0 38.75  36.0
6 33.0 31.0 42.0 38.75  35.0
7 359.0 331.0 469.0 416.5  373.5
8 372.25 344.0 456.0 414.0  395.0
9 315.5 299.0 416.0 376.0  344.0
10 296.75 280.0 394.0 355.0  321.0
11 404.25 366.0 495.0 457.75  414.0
12 383.0 340.0 440.0 414.0  399.0
13 390.25 377.0 511.0 471.75  428.5
14 337.25 303.0 436.0 395.75  357.0
15 405.25 364.0 532.0 464.25  415.5
16 423.25 371.0 527.0 477.5  444.0
17 417.0 389.0 528.0 487.5  446.0
18 402.5 357.0 518.0 463.0  426.0
19 404.75 384.0 535.0 481.0  432.5
20 339.5 302.0 437.0 403.75  363.5
