B 1854.18
W 0.09 0.45 0.19 0.27
A 1 482.09 982.72
A 2 222.50 964.17
A 3 537.71 704.59
R 1 278.13 1705.85
R 2 482.09 1854.18
P 1 8.61 44.65 1 2 1.0 0.8 0.8 0.8
P 2 10.89 19.45 3 1 0.5 0.0 0.8 0.0
P 3 10.35 36.93 1 1 0.2 1.0 0.5 1.0
P 4 13.61 27.22 2 2 0.5 0.0 0.8 0.5
P 5 14.86 53.75 3 2 1.0 0.5 0.8 0.2
P 6 8.05 40.29 2 1 1.0 0.8 0.8 1.0
P 7 12.40 61.26 2 2 0.2 1.0 0.0 0.5
P 8 5.36 40.31 1 1 0.2 0.0 1.0 0.2
P 9 9.49 46.06 3 1 0.2 1.0 1.0 0.8
P 10 8.97 29.20 2 1 0.2 0.0 0.2 0.2
P 11 14.80 23.72 2 2 1.0 0.5 0.0 1.0
P 12 12.14 48.82 1 2 0.8 0.2 0.5 0.5
P 13 11.51 32.39 3 1 0.8 1.0 1.0 0.2
P 14 7.95 20.15 3 2 1.0 0.5 0.2 0.2
P 15 9.25 46.41 1 2 0.2 1.0 0.5 0.8
P 16 6.64 22.58 1 1 0.0 1.0 0.8 0.8
P 17 11.41 37.78 1 2 0.0 0.8 1.0 1.0
P 18 8.74 54.84 3 1 1.0 0.8 0.0 1.0
P 19 11.45 40.04 2 2 0.5 0.2 0.2 1.0
P 20 8.45 15.82 1 2 0.0 0.5 0.5 0.2
P 21 8.37 24.12 2 1 0.5 1.0 1.0 0.5
P 22 5.40 38.22 1 2 0.5 0.5 1.0 0.8
P 23 13.67 40.87 1 1 0.0 0.2 1.0 0.2
P 24 11.07 48.30 3 1 0.5 0.8 0.8 1.0
P 25 9.30 41.75 3 2 0.5 0.8 0.5 0.8
P 26 5.80 22.71 1 2 0.8 0.8 0.5 1.0
P 27 5.53 28.46 3 2 0.2 0.8 1.0 1.0
P 28 5.34 24.69 1 1 0.0 0.8 0.2 1.0
P 29 11.67 51.46 1 1 0.0 0.8 0.5 0.5
P 30 6.15 32.92 2 1 0.0 0.8 0.0 0.5
P 31 14.39 47.21 1 2 0.5 0.0 0.5 0.0
P 32 8.60 49.16 2 2 0.8 0.5 0.8 0.5
P 33 5.75 27.65 2 2 0.5 0.5 0.8 0.5
P 34 10.58 17.85 1 1 0.5 0.5 1.0 0.8
P 35 14.45 26.48 1 2 0.8 0.2 0.8 0.5
P 36 14.19 24.82 2 1 0.0 1.0 0.0 1.0
P 37 8.06 38.98 2 1 1.0 1.0 0.0 0.0
P 38 14.78 47.48 2 1 0.2 0.5 0.5 0.2
P 39 6.66 13.40 3 1 1.0 0.5 0.0 0.0
P 40 5.88 52.99 3 1 0.0 0.8 0.8 0.5
P 41 7.65 42.04 3 2 0.8 0.8 0.5 0.0
P 42 11.61 22.41 2 1 0.5 0.2 1.0 0.5
P 43 14.20 26.46 2 1 0.2 0.8 0.5 1.0
P 44 6.57 41.09 1 1 0.0 0.2 1.0 0.0
P 45 14.11 58.40 1 1 0.2 0.5 1.0 0.8
P 46 11.46 57.37 2 1 0.2 0.2 0.0 0.2
P 47 8.04 52.56 2 2 0.0 0.0 0.8 0.2
P 48 5.78 31.42 2 2 0.2 0.2 0.8 0.5
P 49 11.53 53.84 2 2 1.0 0.2 1.0 0.8
P 50 9.97 19.17 3 1 0.0 0.2 0.5 1.0
P 51 13.16 61.60 3 1 0.5 0.8 1.0 1.0
P 52 14.89 62.92 3 1 0.2 1.0 1.0 0.5
P 53 5.96 30.05 1 1 1.0 0.5 0.2 0.5
P 54 5.57 49.97 3 2 0.2 1.0 0.2 1.0
P 55 8.34 48.45 2 1 0.2 1.0 0.0 1.0
P 56 10.48 17.39 2 2 0.0 0.0 0.5 0.8
P 57 7.88 49.26 1 1 0.0 0.2 0.0 0.5
P 58 7.04 52.18 3 2 0.0 0.0 0.0 0.2
P 59 7.73 49.67 3 1 0.5 0.5 0.2 0.0
P 60 6.31 16.94 1 1 0.2 0.5 0.2 0.2
P 61 5.69 38.36 2 2 0.8 0.8 1.0 1.0
P 62 8.18 41.27 3 1 0.2 0.5 0.5 0.5
P 63 9.63 49.79 2 1 0.5 0.5 1.0 0.0
P 64 12.85 52.50 1 1 0.2 0.8 0.8 0.0
P 65 10.68 38.50 1 2 1.0 0.0 0.5 1.0
P 66 8.14 16.02 1 2 0.2 0.2 0.0 0.2
P 67 5.50 24.06 1 1 1.0 0.2 1.0 1.0
P 68 8.31 19.44 2 2 0.5 0.8 1.0 0.5
P 69 12.31 43.36 1 1 0.5 0.0 0.0 0.2
P 70 7.79 57.49 3 2 0.5 0.8 0.0 0.2
P 71 12.90 59.33 1 1 0.2 1.0 1.0 0.5
P 72 9.82 56.32 1 2 0.2 0.5 0.2 0.5
P 73 12.03 23.70 1 2 0.0 0.2 0.0 0.8
P 74 7.14 26.64 1 1 0.2 1.0 0.8 0.8
P 75 13.69 24.07 3 1 0.0 0.8 0.2 0.2
P 76 13.25 39.23 3 1 0.5 0.5 0.8 0.5
P 77 9.87 41.60 1 1 1.0 0.5 0.2 0.8
P 78 9.46 38.72 1 2 0.8 1.0 0.0 0.2
P 79 9.74 22.31 3 2 0.0 0.5 0.2 0.0
P 80 5.49 21.64 2 2 0.5 0.8 0.0 0.8
P 81 5.26 41.42 1 1 0.0 0.8 0.8 0.8
P 82 5.53 36.51 2 2 0.8 0.5 1.0 1.0
P 83 11.46 61.38 3 2 0.2 0.5 0.5 0.2
P 84 14.64 50.22 1 1 0.2 0.2 0.2 0.2
P 85 13.75 24.78 1 1 0.0 0.8 1.0 0.0
P 86 14.52 56.87 1 2 0.2 0.5 0.5 0.5
P 87 14.97 23.55 3 2 1.0 0.8 0.0 0.0
P 88 11.46 26.84 2 2 0.2 0.8 0.8 0.5
P 89 7.24 52.89 1 2 0.0 0.5 0.2 1.0
P 90 5.23 49.22 2 1 0.5 1.0 0.0 0.2
P 91 5.89 25.26 3 2 1.0 0.8 0.5 0.8
P 92 5.06 26.37 1 1 1.0 0.0 0.2 0.8
P 93 11.07 34.23 2 2 0.2 1.0 0.0 0.0
P 94 10.16 39.01 3 1 1.0 1.0 0.2 0.8
P 95 8.89 24.09 2 1 0.5 0.0 1.0 0.5
P 96 6.22 36.70 3 2 0.5 0.5 0.0 0.8
P 97 11.84 45.31 3 2 1.0 0.5 1.0 0.5
P 98 5.26 25.55 3 2 0.8 0.0 0.5 0.8
P 99 9.08 44.42 1 2 1.0 1.0 0.5 0.0
P 100 9.66 22.19 2 2 1.0 0.2 0.8 0.2
P 101 11.73 59.86 2 1 0.2 0.2 0.2 0.2
P 102 5.02 31.40 3 2 0.0 1.0 0.0 0.2
P 103 5.36 31.20 1 1 0.0 0.5 0.2 0.0
P 104 12.78 39.84 2 2 0.0 0.2 0.8 0.0
P 105 7.00 28.48 3 2 0.0 0.5 1.0 0.0
P 106 8.53 52.14 1 2 0.8 0.2 0.0 0.2
P 107 5.29 19.65 1 2 1.0 0.5 1.0 0.8
P 108 7.03 22.48 3 2 0.8 0.8 0.0 0.5
P 109 14.83 22.62 1 1 1.0 0.5 1.0 0.2
P 110 13.60 49.99 2 1 1.0 0.2 1.0 0.2
P 111 9.19 45.40 3 2 0.0 0.2 0.2 0.5
P 112 8.07 13.07 2 2 0.0 0.2 0.5 0.0
P 113 8.95 21.04 3 1 0.8 0.2 1.0 0.8
P 114 5.15 34.29 2 1 0.2 1.0 0.2 0.0
P 115 14.27 37.36 3 2 1.0 0.0 0.5 0.0
P 116 10.42 18.50 2 2 0.5 0.8 0.8 1.0
P 117 12.08 19.88 1 2 0.0 0.8 0.0 0.0
P 118 12.79 47.81 1 1 0.8 0.0 0.8 1.0
P 119 7.11 34.07 1 1 0.2 0.2 0.0 0.2
P 120 14.87 41.26 3 1 1.0 0.5 0.5 0.2
P 121 9.65 23.61 3 1 0.2 0.8 0.8 0.2
P 122 12.86 50.13 3 2 0.8 0.8 0.5 0.8
P 123 8.06 58.05 1 2 1.0 0.5 0.8 0.5
P 124 14.70 33.83 2 1 0.2 1.0 0.0 0.5
P 125 5.67 18.18 2 1 0.0 0.2 0.0 0.0
P 126 11.74 28.80 3 1 1.0 0.0 0.5 0.5
P 127 7.60 55.10 3 2 0.5 1.0 0.5 0.2
P 128 13.26 19.30 1 2 0.2 0.5 0.0 0.5
S 1 8 4 8 6.86 50 41 90 36 94 35 78 116
S 2 3 1 2 1.94 107 64 111
S 3 8 3 7 6.74 107 99 111 83 126 37 34 5
S 4 5 2 3 4.79 47 98 78 20 24
S 5 3 1 2 2.04 84 13 92
