B 1996.56
W 0.23 0.07 0.48 0.22
A 1 339.42 638.90
A 2 419.28 698.80
A 3 479.17 678.83
R 1 598.97 1876.77
R 2 658.86 978.31
P 1 14.93 25.02 3 1 0.0 0.5 0.5 0.5
P 2 12.30 31.24 3 1 0.0 0.5 0.2 0.0
P 3 13.28 62.28 1 2 0.0 0.5 1.0 0.2
P 4 12.58 26.69 2 2 0.0 0.5 1.0 1.0
P 5 14.00 57.37 2 1 0.2 1.0 0.2 0.0
P 6 14.05 24.69 2 2 0.2 0.0 0.2 0.0
P 7 10.31 56.31 1 2 1.0 0.5 1.0 0.8
P 8 7.67 42.13 1 1 0.0 0.0 0.0 1.0
P 9 5.25 54.64 3 1 1.0 0.8 0.8 1.0
P 10 10.89 60.26 3 2 0.5 0.8 0.8 0.5
P 11 12.63 60.29 2 1 0.5 0.5 0.0 0.0
P 12 5.45 53.21 2 1 0.0 0.5 0.2 1.0
P 13 5.58 17.32 1 2 1.0 0.0 0.0 0.8
P 14 11.57 54.48 3 1 1.0 0.0 0.0 0.5
P 15 9.90 55.48 3 1 0.5 1.0 0.5 1.0
P 16 5.54 55.17 1 2 0.5 0.5 0.8 1.0
P 17 5.26 48.25 3 1 0.2 0.8 0.0 1.0
P 18 5.80 28.79 1 2 1.0 1.0 0.2 0.2
P 19 9.49 44.76 1 2 0.2 0.2 0.8 0.5
P 20 7.15 42.24 1 1 0.0 0.2 0.2 1.0
P 21 13.84 63.74 3 1 0.0 0.0 0.5 0.5
P 22 7.34 20.58 2 2 0.2 0.8 0.8 0.0
P 23 10.43 26.06 2 2 0.5 0.8 0.2 0.2
P 24 10.09 42.97 1 1 1.0 0.8 0.5 0.8
P 25 12.42 58.98 2 1 0.0 1.0 0.8 0.5
P 26 11.36 23.61 3 1 0.0 1.0 0.2 0.0
P 27 13.61 35.76 2 2 0.2 0.0 0.5 0.8
P 28 13.10 41.75 2 2 1.0 1.0 0.0 0.0
P 29 8.67 40.26 3 2 0.5 0.5 0.2 0.5
P 30 10.02 45.70 2 2 0.8 0.5 0.2 0.5
P 31 9.18 41.00 1 2 0.8 0.2 0.0 1.0
P 32 12.34 50.12 3 2 1.0 0.8 0.8 0.8
P 33 10.13 51.93 2 1 0.5 0.2 0.5 0.2
P 34 10.11 48.99 3 2 0.0 0.8 0.8 0.8
P 35 6.84 51.17 2 1 0.5 0.8 0.8 0.0
P 36 10.35 32.62 2 1 0.2 0.5 0.0 0.8
P 37 6.37 42.51 3 1 0.2 0.0 0.2 1.0
P 38 9.82 37.56 2 2 0.5 1.0 0.0 0.5
P 39 10.07 23.86 1 1 1.0 0.8 1.0 0.0
P 40 10.95 51.20 2 2 0.0 0.0 0.2 0.0
P 41 7.11 18.28 3 1 0.2 0.5 0.5 0.0
P 42 8.35 15.96 3 1 0.0 0.0 1.0 0.2
P 43 13.76 55.43 1 2 0.5 1.0 1.0 0.2
P 44 10.99 25.34 2 2 0.8 0.5 0.2 1.0
P 45 12.28 51.42 2 2 0.2 0.5 1.0 1.0
P 46 14.33 34.52 1 2 0.8 0.8 0.5 0.0
P 47 5.13 34.89 3 2 0.8 0.5 0.2 0.0
P 48 9.71 44.40 3 1 0.8 0.0 0.5 0.2
P 49 10.82 17.94 3 2 1.0 0.5 1.0 0.5
P 50 5.80 39.16 1 2 0.2 0.8 1.0 0.5
P 51 9.73 23.01 1 2 0.0 0.0 1.0 1.0
P 52 6.32 52.33 2 2 0.5 0.8 0.8 0.0
P 53 7.85 39.52 2 1 0.8 0.0 0.5 1.0
P 54 14.59 50.25 2 2 0.2 1.0 0.0 1.0
P 55 9.16 32.15 1 2 1.0 0.2 0.2 1.0
P 56 14.19 29.72 3 2 0.8 0.2 0.0 0.8
P 57 9.58 38.19 1 1 0.2 0.2 0.0 0.0
P 58 11.42 49.09 2 1 0.2 0.5 0.5 1.0
P 59 10.66 38.63 1 1 0.5 0.2 1.0 1.0
P 60 14.40 39.68 2 1 1.0 0.2 0.2 0.0
P 61 6.66 55.84 1 1 0.0 0.0 1.0 0.0
P 62 13.03 51.00 1 2 0.8 0.0 0.5 0.5
P 63 14.59 53.44 3 1 0.0 0.8 0.0 1.0
P 64 5.11 27.49 2 2 0.0 0.2 0.8 0.5
P 65 6.03 12.21 2 2 0.5 0.5 0.2 0.5
P 66 8.60 41.99 1 2 0.5 0.5 0.0 0.8
P 67 8.19 22.99 2 2 0.0 0.8 0.0 0.8
P 68 8.51 49.55 1 1 1.0 1.0 0.8 1.0
P 69 8.14 43.36 2 2 0.2 0.0 1.0 0.5
P 70 14.38 54.97 2 2 0.0 0.2 0.8 0.5
P 71 12.21 37.17 2 2 0.8 0.0 1.0 0.0
P 72 14.10 32.97 2 1 0.5 0.8 0.8 0.0
P 73 12.78 38.74 1 1 0.0 0.8 0.0 1.0
P 74 13.34 33.55 3 2 0.8 0.5 0.0 1.0
P 75 9.98 22.16 3 2 0.2 0.2 0.8 0.2
P 76 12.42 48.64 3 1 0.5 1.0 0.5 1.0
P 77 11.71 54.68 2 2 1.0 0.2 0.5 0.0
P 78 14.89 22.94 3 1 0.0 0.5 0.8 0.0
P 79 12.55 28.95 2 2 0.2 0.2 0.0 1.0
P 80 9.56 17.22 1 1 0.0 0.0 0.0 0.5
P 81 10.37 18.21 1 1 1.0 0.0 0.0 0.0
P 82 6.86 27.55 1 2 0.8 0.2 0.2 0.5
P 83 10.73 34.79 1 1 0.5 0.8 0.8 1.0
P 84 8.54 40.05 2 1 0.2 0.0 0.2 0.5
P 85 13.87 34.16 3 1 0.0 0.8 0.5 0.2
P 86 11.50 47.42 1 2 0.0 0.5 0.8 0.2
P 87 13.98 23.84 3 1 0.8 1.0 0.8 0.0
P 88 9.91 26.63 3 1 0.0 0.5 1.0 0.5
P 89 8.40 50.14 2 1 0.2 0.5 0.5 0.8
P 90 7.94 23.06 1 1 1.0 1.0 0.5 0.0
P 91 5.58 13.37 1 2 0.2 0.8 0.8 0.8
P 92 9.91 39.77 2 2 1.0 0.5 1.0 1.0
P 93 8.57 17.35 3 1 0.5 0.8 0.0 0.0
P 94 14.87 61.14 3 1 1.0 0.8 1.0 0.2
P 95 12.26 38.93 2 1 0.0 0.8 0.5 1.0
P 96 6.39 25.37 3 1 0.0 0.8 0.8 1.0
P 97 13.44 28.72 3 1 0.0 0.5 0.8 0.2
P 98 9.22 21.29 2 1 0.2 1.0 0.8 0.2
P 99 13.92 61.91 1 2 0.2 0.5 0.2 0.2
P 100 5.48 16.50 2 1 0.0 0.5 0.2 0.0
P 101 14.67 57.15 2 2 0.0 0.8 0.0 0.8
P 102 5.80 17.93 3 2 1.0 0.2 0.5 1.0
P 103 9.87 45.55 3 2 0.0 0.0 0.0 1.0
P 104 8.26 41.35 3 1 0.0 0.2 0.8 0.0
P 105 13.62 55.98 3 1 0.0 1.0 0.5 0.2
P 106 11.42 42.56 1 1 0.2 0.8 0.8 0.2
P 107 13.77 53.32 1 2 0.0 1.0 0.2 0.0
P 108 11.43 43.67 1 1 0.2 1.0 1.0 1.0
P 109 14.24 49.97 2 2 0.5 0.2 1.0 0.5
P 110 6.25 24.81 2 2 1.0 1.0 0.5 0.2
P 111 13.68 42.77 1 2 1.0 0.8 0.2 0.2
P 112 11.21 18.13 1 1 0.2 0.0 0.5 1.0
P 113 14.87 26.81 1 1 1.0 0.0 0.8 0.2
P 114 9.59 34.72 3 2 0.0 0.2 0.2 0.2
P 115 14.46 31.42 2 1 1.0 1.0 0.8 0.8
P 116 11.13 16.35 2 2 0.5 0.5 0.0 0.2
P 117 8.03 31.82 2 1 0.2 0.0 0.5 0.8
P 118 12.55 41.68 3 2 1.0 0.5 0.5 0.0
P 119 5.67 40.99 1 1 0.5 0.8 0.0 0.0
P 120 9.76 54.64 1 2 0.2 0.5 1.0 0.0
P 121 14.66 21.88 2 2 0.2 0.0 1.0 0.2
P 122 5.95 49.04 1 1 1.0 0.0 0.0 1.0
P 123 14.05 31.75 3 1 1.0 1.0 0.8 0.0
P 124 5.29 51.89 2 1 0.2 0.2 1.0 0.0
P 125 10.45 35.62 1 2 1.0 0.0 0.0 0.8
P 126 6.61 35.15 1 1 0.8 0.8 0.8 1.0
P 127 14.08 62.89 2 2 0.8 1.0 0.5 0.8
P 128 14.30 37.55 1 2 0.8 1.0 1.0 1.0
S 1 6 1 3 2.94 39 97 3 58 104 25
S 2 6 1 4 7.72 24 98 44 58 93 42
S 3 7 1 4 4.62 118 66 107 15 42 51 109
S 4 7 1 3 5.09 9 54 46 17 103 27 121
S 5 8 2 3 1.10 8 80 91 113 88 105 97 12
