B 1903.44
W 0.30 0.12 0.24 0.34
A 1 513.93 1008.82
A 2 171.31 932.69
A 3 323.58 628.14
R 1 361.65 1598.89
R 2 475.86 894.62
P 1 9.82 22.23 2 2 0.8 0.5 0.2 0.2
P 2 11.66 42.03 1 2 0.8 0.5 0.8 1.0
P 3 13.07 29.17 3 2 0.2 0.2 0.0 0.2
P 4 9.81 25.88 1 2 0.5 0.5 0.2 0.8
P 5 12.37 23.89 3 1 0.2 1.0 0.0 0.8
P 6 13.10 22.05 1 2 0.0 0.5 0.0 0.2
P 7 5.37 37.17 3 1 0.2 0.5 1.0 0.2
P 8 6.14 44.56 2 2 0.5 0.5 0.2 0.5
P 9 11.30 55.74 3 2 1.0 0.0 1.0 0.0
P 10 9.94 46.79 3 1 0.5 1.0 0.0 0.5
P 11 11.41 37.74 3 2 0.0 0.8 0.5 0.8
P 12 12.27 52.04 1 1 0.8 1.0 0.5 0.0
P 13 12.48 18.89 3 1 1.0 0.2 0.8 0.0
P 14 13.60 48.45 2 1 1.0 1.0 0.5 0.2
P 15 11.71 39.21 3 1 0.0 1.0 0.2 0.2
P 16 14.46 25.92 3 1 0.5 0.5 0.0 1.0
P 17 9.29 23.64 2 1 1.0 0.5 1.0 0.8
P 18 5.34 43.25 1 2 0.2 0.0 0.2 0.0
P 19 7.01 14.76 1 2 0.8 0.2 0.8 0.8
P 20 13.16 45.88 3 2 0.8 0.8 0.0 0.8
P 21 8.30 52.63 1 2 0.8 0.2 0.5 0.0
P 22 9.11 32.39 1 1 1.0 0.0 0.5 0.2
P 23 11.28 38.85 3 1 0.0 0.0 1.0 0.5
P 24 7.65 52.89 1 2 1.0 0.5 1.0 1.0
P 25 6.71 34.02 2 2 1.0 0.5 0.8 0.5
P 26 6.21 47.75 3 2 0.2 0.8 0.2 0.0
P 27 6.24 51.94 2 2 1.0 0.2 0.2 0.0
P 28 7.53 21.30 3 2 0.8 1.0 0.2 0.5
P 29 6.69 33.60 2 1 0.8 0.8 0.2 0.0
P 30 9.25 51.05 3 2 0.0 1.0 1.0 0.2
P 31 8.41 14.71 1 1 0.5 0.2 1.0 1.0
P 32 12.25 26.13 1 2 0.8 0.0 0.2 0.5
P 33 5.78 31.83 2 2 0.8 0.5 0.2 0.8
P 34 10.22 39.86 1 1 0.2 0.2 0.8 0.0
P 35 13.37 33.92 2 2 0.2 0.2 0.0 0.0
P 36 6.12 16.70 3 2 0.2 0.2 0.2 0.8
P 37 7.57 21.84 1 1 0.8 0.8 0.2 0.8
P 38 14.06 39.97 2 2 0.0 0.2 0.5 0.5
P 39 13.61 20.95 1 1 1.0 1.0 0.8 0.8
P 40 14.82 62.66 1 2 0.2 0.0 0.2 0.0
P 41 7.78 23.77 2 2 1.0 0.0 1.0 0.0
P 42 12.11 42.47 2 1 0.5 0.2 1.0 0.5
P 43 9.36 26.48 1 2 0.0 1.0 0.5 0.2
P 44 14.50 54.70 3 1 0.0 0.0 0.8 0.2
P 45 9.17 49.09 1 2 0.5 0.0 0.5 0.2
P 46 8.26 55.05 3 1 0.2 1.0 1.0 0.0
P 47 5.49 37.37 1 2 0.2 0.0 0.5 0.2
P 48 9.99 15.29 2 1 0.0 0.8 0.2 0.5
P 49 12.51 36.81 1 2 0.5 0.2 0.2 0.8
P 50 9.21 17.44 2 2 1.0 1.0 0.8 0.2
P 51 14.42 43.34 1 2 0.0 0.5 0.2 1.0
P 52 6.85 39.58 1 2 1.0 0.0 0.8 0.5
P 53 11.69 61.68 1 1 0.5 0.2 0.8 0.8
P 54 11.71 24.93 1 1 0.5 0.8 0.0 0.5
P 55 7.01 41.37 2 2 0.2 0.2 0.5 1.0
P 56 9.90 50.90 3 1 0.5 0.2 0.2 0.0
P 57 10.89 48.15 1 2 0.5 0.8 0.8 0.8
P 58 10.31 44.27 3 1 0.2 0.8 0.5 0.0
P 59 11.66 21.55 2 2 0.5 1.0 0.2 0.2
P 60 10.40 33.91 2 2 1.0 1.0 0.0 0.8
P 61 6.41 45.83 2 2 0.5 0.5 0.0 0.5
P 62 11.54 60.78 1 1 0.0 0.8 0.5 0.2
P 63 12.38 49.03 2 1 0.0 1.0 0.8 0.8
P 64 5.77 44.71 3 1 0.5 0.8 0.5 1.0
P 65 11.50 54.33 3 1 0.2 0.5 0.8 1.0
P 66 6.50 44.89 2 1 1.0 0.0 0.0 1.0
P 67 7.72 49.35 1 1 0.5 1.0 0.0 0.0
P 68 8.75 14.47 2 1 1.0 0.0 0.8 0.5
P 69 9.21 48.40 3 1 1.0 0.5 1.0 0.0
P 70 5.69 41.93 3 1 0.0 0.2 0.2 0.8
P 71 14.23 61.39 2 1 0.2 0.0 1.0 1.0
P 72 5.15 48.23 1 1 0.0 0.2 0.0 0.2
P 73 13.96 60.71 2 1 0.8 0.0 0.2 0.5
P 74 9.50 23.99 2 2 0.8 0.8 0.0 1.0
P 75 9.23 31.09 1 1 0.0 0.0 0.8 0.5
P 76 9.43 30.65 1 2 0.8 1.0 0.2 0.8
P 77 13.17 26.60 1 1 0.0 0.5 0.0 0.8
P 78 5.65 55.14 3 2 0.8 0.0 0.8 1.0
P 79 9.92 23.84 1 1 0.2 0.0 0.0 0.2
P 80 10.65 56.00 3 1 0.0 0.0 1.0 0.2
P 81 6.89 17.80 1 1 0.5 0.5 0.2 0.5
P 82 14.37 39.45 2 1 1.0 0.2 0.8 0.5
P 83 6.51 21.03 2 2 0.5 0.2 0.2 0.5
P 84 14.84 61.54 1 1 1.0 0.0 0.8 0.5
P 85 10.42 17.83 2 2 1.0 0.2 0.8 0.5
P 86 7.79 19.23 3 2 1.0 0.2 0.5 0.5
P 87 13.77 55.54 1 2 0.8 0.8 0.5 0.5
P 88 10.50 56.85 2 1 0.2 0.5 0.2 0.2
P 89 9.11 45.48 3 2 0.8 1.0 0.2 0.2
P 90 13.04 52.00 1 2 1.0 0.8 0.2 0.2
P 91 5.08 45.93 3 2 0.0 0.8 0.8 0.5
P 92 10.72 41.89 1 1 0.0 0.2 0.2 1.0
P 93 8.46 32.88 1 2 0.5 1.0 0.8 0.0
P 94 9.70 15.95 2 2 0.5 0.2 0.0 0.2
P 95 11.15 41.36 3 2 0.0 0.5 0.5 0.8
P 96 5.39 51.13 1 1 0.8 0.5 0.5 0.8
P 97 7.74 39.06 3 2 1.0 0.0 0.2 0.5
P 98 10.00 31.32 3 1 0.2 0.0 0.8 0.0
P 99 13.66 24.76 2 1 0.0 0.2 0.0 0.8
P 100 5.48 24.99 3 2 1.0 0.0 0.5 0.5
P 101 9.05 35.19 2 1 0.0 0.8 1.0 1.0
P 102 12.00 41.80 2 1 0.2 1.0 0.5 0.8
P 103 8.46 15.91 2 2 0.5 0.8 0.8 0.5
P 104 5.06 18.35 1 2 0.8 0.8 0.5 0.5
P 105 10.99 20.44 3 1 0.0 0.5 1.0 0.0
P 106 11.27 59.83 3 1 0.5 0.2 0.0 1.0
P 107 14.57 45.49 3 1 0.5 0.5 0.5 0.5
P 108 13.68 55.35 1 1 0.2 0.2 1.0 1.0
P 109 14.07 52.62 3 2 0.8 0.0 0.0 1.0
P 110 9.15 18.02 2 1 0.8 0.5 1.0 0.5
P 111 12.26 48.96 3 2 1.0 0.0 1.0 0.2
P 112 10.99 21.77 1 1 0.8 0.0 0.0 0.5
P 113 13.96 63.87 2 1 0.8 0.2 0.8 0.5
P 114 14.68 25.02 3 1 0.8 0.2 0.5 0.8
P 115 7.04 39.86 3 2 0.2 0.8 0.0 1.0
P 116 6.50 49.45 3 2 1.0 1.0 0.5 0.2
P 117 8.27 58.21 3 2 0.8 0.0 0.0 1.0
P 118 9.97 56.60 3 2 0.0 0.0 0.2 1.0
P 119 13.01 26.65 3 1 0.8 0.5 0.8 0.2
P 120 13.06 32.61 1 1 0.0 0.0 0.5 0.5
P 121 6.88 37.76 1 2 1.0 0.5 0.2 0.2
P 122 12.10 43.18 2 2 0.2 1.0 1.0 0.0
P 123 7.05 21.94 1 2 0.8 0.5 0.0 1.0
P 124 8.53 29.11 3 2 0.2 0.0 0.5 0.5
P 125 8.15 45.95 2 1 0.8 0.2 1.0 0.0
P 126 11.04 49.75 3 1 0.8 0.5 0.8 1.0
P 127 8.18 26.50 3 1 0.0 0.2 0.8 0.5
P 128 6.30 21.13 2 1 0.2 0.8 0.8 0.2
S 1 9 2 8 1.54 62 119 19 10 66 53 123 70 34
S 2 7 1 5 4.80 126 109 61 124 6 3 42
S 3 8 2 6 1.21 52 25 82 49 15 62 109 88
S 4 9 4 8 8.99 9 118 128 89 33 43 61 17 18
S 5 6 1 4 7.22 102 37 114 24 40 20
