B 3891.24
W 0.31 0.23 0.27 0.19
A 1 583.69 1361.93
A 2 1167.37 1400.85
A 3 428.04 1556.50
R 1 661.51 2373.66
R 2 894.99 3774.50
P 1 7.39 45.11 3 1 1.0 0.0 0.2 0.5
P 2 6.11 36.81 3 2 0.0 0.0 1.0 1.0
P 3 14.76 61.45 1 1 0.8 0.0 0.8 0.5
P 4 10.97 54.34 1 1 0.2 0.5 0.0 1.0
P 5 14.60 41.62 2 1 1.0 0.2 1.0 0.0
P 6 9.38 52.58 2 2 0.8 0.8 0.5 0.5
P 7 11.78 20.22 1 2 0.8 0.5 0.0 0.5
P 8 14.38 22.76 2 1 0.0 0.2 1.0 0.2
P 9 7.25 31.25 3 2 1.0 1.0 0.8 0.2
P 10 10.51 54.14 2 1 0.8 1.0 1.0 1.0
P 11 12.47 48.34 2 2 0.2 0.0 1.0 0.5
P 12 7.44 30.70 3 1 0.5 0.2 0.5 0.2
P 13 10.98 18.28 3 1 1.0 0.2 0.2 1.0
P 14 9.67 30.06 2 2 0.5 0.5 0.2 0.0
P 15 10.29 27.42 1 1 0.0 0.2 0.5 0.0
P 16 5.89 35.85 2 1 0.8 0.2 0.5 0.0
P 17 6.29 18.19 3 1 0.5 0.2 1.0 0.8
P 18 11.38 59.30 2 1 0.0 0.5 1.0 0.2
P 19 5.65 27.22 2 1 0.5 0.8 1.0 0.5
P 20 7.87 35.54 2 2 0.5 0.0 1.0 0.2
P 21 9.60 17.43 3 2 0.8 0.0 0.8 0.0
P 22 14.78 31.46 3 2 0.0 0.8 0.8 0.0
P 23 8.12 27.93 1 2 0.8 0.5 0.5 0.5
P 24 10.90 29.05 2 1 0.8 0.0 0.8 0.5
P 25 11.38 57.28 2 1 0.8 0.8 0.5 0.0
P 26 12.19 36.97 2 2 0.8 0.2 1.0 0.0
P 27 5.91 42.25 3 2 0.2 0.8 0.0 1.0
P 28 10.66 57.69 1 1 0.5 0.5 0.5 0.2
P 29 10.33 27.01 1 1 0.0 0.8 0.8 0.5
P 30 9.53 44.02 3 1 0.8 0.5 0.2 0.0
P 31 9.78 22.60 1 1 0.8 0.5 0.5 0.8
P 32 11.60 30.56 3 2 1.0 0.8 0.8 0.0
P 33 8.22 21.59 1 1 0.5 1.0 1.0 1.0
P 34 9.32 47.82 2 1 0.8 0.5 0.5 0.2
P 35 9.88 58.11 2 1 0.8 0.0 0.0 1.0
P 36 6.60 16.60 1 1 0.0 0.8 0.0 0.2
P 37 7.06 49.25 1 2 0.2 0.8 0.5 1.0
P 38 9.95 42.89 2 2 0.8 0.8 0.0 0.2
P 39 9.37 28.92 3 1 0.2 1.0 1.0 0.5
P 40 10.61 34.53 2 2 1.0 0.0 0.8 0.0
P 41 6.28 25.39 1 1 0.2 0.0 0.0 0.8
P 42 9.88 55.90 3 1 0.5 0.5 1.0 1.0
P 43 8.83 17.32 2 2 0.8 0.0 0.2 1.0
P 44 6.57 47.83 3 2 0.5 1.0 1.0 0.8
P 45 12.72 50.27 3 2 1.0 0.0 0.8 0.8
P 46 9.38 44.54 3 1 0.8 1.0 0.0 0.5
P 47 12.99 38.51 3 2 0.2 0.2 0.0 0.0
P 48 8.19 23.81 2 2 0.2 0.5 1.0 0.5
P 49 14.96 51.71 1 1 0.8 0.8 0.8 0.0
P 50 8.26 53.05 1 2 0.0 0.2 0.8 0.0
P 51 5.16 13.85 3 2 0.2 0.5 1.0 0.0
P 52 5.43 37.73 2 1 0.5 0.8 0.2 0.2
P 53 13.64 38.78 3 1 0.8 0.2 0.8 0.8
P 54 6.97 54.38 3 1 0.2 0.2 0.2 0.5
P 55 11.45 28.95 3 1 1.0 1.0 0.5 0.8
P 56 9.61 22.21 2 2 0.8 0.5 0.2 0.8
P 57 7.03 21.89 1 2 0.5 0.8 0.5 0.8
P 58 9.97 50.07 3 2 1.0 0.2 0.8 0.5
P 59 9.97 54.29 1 2 0.8 0.5 0.2 0.5
P 60 12.08 59.19 2 1 0.0 1.0 1.0 0.8
P 61 11.88 31.05 1 1 0.5 1.0 0.0 1.0
P 62 10.84 33.40 1 1 0.0 0.5 0.8 0.5
P 63 5.15 15.10 2 1 0.8 1.0 1.0 0.8
P 64 9.90 35.21 1 1 1.0 0.8 0.2 1.0
P 65 5.70 49.46 3 2 0.0 1.0 0.0 1.0
P 66 13.72 39.32 3 1 0.2 0.0 0.5 1.0
P 67 7.69 25.15 3 2 0.2 0.2 0.8 0.5
P 68 5.74 19.12 1 2 1.0 1.0 0.2 1.0
P 69 8.19 36.07 3 1 0.2 0.2 0.5 1.0
P 70 10.42 58.75 3 1 0.5 0.8 0.5 0.5
P 71 6.00 45.68 3 1 0.2 0.8 0.8 0.5
P 72 9.12 35.85 1 1 0.0 0.0 0.0 0.8
P 73 6.66 29.83 1 1 1.0 0.2 0.8 0.2
P 74 12.78 23.49 2 1 0.0 0.2 0.8 0.0
P 75 6.62 30.64 2 1 0.8 0.5 0.8 1.0
P 76 12.98 36.39 1 2 0.5 1.0 0.0 0.8
P 77 9.70 57.04 2 1 0.5 0.2 0.5 0.5
P 78 5.74 44.13 1 2 0.8 0.0 0.2 0.5
P 79 13.12 61.18 3 2 1.0 0.0 0.2 0.5
P 80 6.88 50.92 2 1 1.0 1.0 0.8 1.0
P 81 9.12 42.64 2 1 0.0 0.8 0.8 0.2
P 82 7.39 42.34 2 1 0.0 0.0 0.0 0.5
P 83 10.74 46.63 2 2 0.2 0.5 0.5 0.2
P 84 10.78 18.52 3 2 0.0 0.0 0.8 0.8
P 85 14.15 48.33 2 1 0.8 0.5 0.5 0.2
P 86 9.22 58.25 2 1 0.8 0.0 0.2 0.8
P 87 10.72 33.75 1 1 0.5 0.5 0.5 0.5
P 88 12.13 49.74 1 2 0.8 0.5 1.0 1.0
P 89 12.71 21.92 1 1 0.2 0.2 1.0 0.8
P 90 14.89 45.36 1 1 1.0 0.2 0.8 0.5
P 91 9.43 27.01 3 2 0.8 0.2 0.8 1.0
P 92 6.39 27.42 1 2 0.5 0.5 0.8 0.0
P 93 11.37 52.24 2 2 0.2 1.0 0.8 0.0
P 94 12.44 18.83 2 2 0.8 0.8 0.5 0.5
P 95 10.13 54.66 1 2 0.0 1.0 0.8 1.0
P 96 10.13 58.16 1 1 0.5 0.8 0.0 0.0
P 97 9.41 49.44 1 1 0.2 0.8 1.0 1.0
P 98 9.22 20.17 1 1 0.8 0.0 1.0 0.0
P 99 10.69 52.58 2 1 1.0 0.8 0.0 1.0
P 100 11.81 52.90 1 2 0.2 0.8 0.0 0.2
P 101 13.93 33.21 2 1 0.0 0.8 0.5 0.2
P 102 6.72 46.27 3 1 0.2 1.0 1.0 0.5
P 103 8.73 49.68 3 2 0.5 0.2 1.0 0.0
P 104 5.03 16.10 1 1 0.5 0.0 0.2 0.2
P 105 7.24 19.85 2 1 0.5 0.0 0.2 1.0
P 106 13.07 48.71 3 2 0.5 1.0 0.0 0.2
P 107 5.96 44.56 3 1 0.8 0.2 0.2 1.0
P 108 10.67 59.33 1 1 1.0 0.5 1.0 0.8
P 109 14.30 60.95 2 2 1.0 1.0 0.5 0.0
P 110 11.48 29.45 1 2 0.5 0.8 0.5 0.0
P 111 14.78 45.23 1 1 0.0 1.0 0.5 0.5
P 112 5.61 12.50 3 1 0.0 1.0 0.8 0.5
P 113 13.93 33.99 1 2 0.2 0.2 0.8 0.8
P 114 10.27 25.15 3 1 0.5 0.0 0.2 0.0
P 115 8.14 44.84 1 2 0.2 0.0 0.5 0.2
P 116 14.70 43.26 1 2 0.5 1.0 0.2 0.0
P 117 12.53 20.89 1 1 0.8 0.0 0.0 0.2
P 118 6.35 30.10 3 1 0.8 0.2 1.0 0.5
P 119 7.06 34.86 3 2 0.8 0.5 0.2 0.0
P 120 6.33 45.34 3 1 0.2 1.0 0.8 1.0
P 121 12.62 49.60 1 1 0.2 0.0 0.0 1.0
P 122 9.47 23.24 2 1 1.0 0.5 0.8 0.2
P 123 8.64 29.86 3 2 0.5 1.0 1.0 0.2
P 124 11.07 22.22 3 2 1.0 0.8 0.8 0.8
P 125 11.98 23.99 1 2 0.2 0.5 0.2 0.2
P 126 10.82 44.02 2 1 0.5 0.5 0.5 0.0
P 127 10.96 43.51 2 2 0.8 0.8 1.0 1.0
P 128 12.06 34.92 2 1 1.0 0.2 0.0 0.0
P 129 7.91 37.85 3 2 0.8 1.0 1.0 0.5
P 130 7.82 26.23 3 1 0.5 1.0 0.0 0.8
P 131 14.47 60.56 2 1 1.0 0.2 0.5 0.8
P 132 9.98 46.09 1 1 1.0 0.5 0.5 1.0
P 133 6.76 12.27 2 2 0.2 0.2 0.5 0.5
P 134 8.07 13.34 1 2 0.2 0.8 0.2 1.0
P 135 10.67 46.16 2 1 0.2 0.8 0.0 1.0
P 136 12.00 43.57 2 2 0.2 0.2 0.8 1.0
P 137 13.50 25.24 2 2 0.8 1.0 1.0 0.0
P 138 12.72 49.17 2 2 0.8 0.5 0.2 0.0
P 139 9.55 55.54 3 2 0.5 1.0 0.2 0.8
P 140 11.92 29.31 2 2 0.0 0.2 0.0 1.0
P 141 12.84 31.05 1 2 0.5 0.5 0.0 0.5
P 142 14.98 26.00 1 2 0.5 0.8 1.0 0.5
P 143 6.21 28.03 3 2 1.0 0.0 1.0 0.2
P 144 11.79 51.70 3 1 1.0 0.2 0.5 1.0
P 145 6.56 33.79 2 2 0.8 0.0 0.5 0.0
P 146 14.00 30.27 1 1 0.2 0.2 0.5 0.2
P 147 9.97 17.21 3 2 1.0 0.2 0.5 0.0
P 148 10.51 41.90 3 2 0.2 0.5 1.0 0.2
P 149 10.76 43.72 2 2 1.0 0.5 0.0 0.0
P 150 11.63 35.74 3 2 0.2 1.0 0.0 0.5
P 151 11.39 36.35 3 1 0.5 1.0 0.2 0.8
P 152 11.16 24.06 3 1 1.0 0.8 1.0 0.0
P 153 5.89 50.93 1 1 0.2 0.2 0.8 0.8
P 154 12.58 56.37 2 2 0.8 1.0 0.2 1.0
P 155 8.36 43.43 2 2 0.5 0.2 0.5 0.0
P 156 12.27 39.25 3 2 1.0 0.8 1.0 0.0
P 157 13.57 63.54 3 1 0.0 0.0 0.5 0.2
P 158 11.18 52.81 1 2 1.0 0.0 1.0 1.0
P 159 14.17 37.14 2 1 0.8 0.8 1.0 0.2
P 160 12.81 39.04 3 2 1.0 1.0 1.0 0.0
P 161 12.28 55.27 1 2 0.2 1.0 0.0 0.0
P 162 8.55 18.39 1 1 0.0 0.2 0.8 0.0
P 163 9.15 19.60 1 2 0.8 0.5 0.8 0.5
P 164 13.34 23.06 2 1 0.2 0.5 0.8 0.8
P 165 5.34 30.38 2 1 0.5 0.2 0.5 0.5
P 166 7.14 49.90 3 1 0.0 0.0 0.5 1.0
P 167 8.32 53.49 1 1 0.2 1.0 1.0 1.0
P 168 10.24 41.03 1 2 0.0 0.2 0.5 0.2
P 169 9.45 58.80 1 2 1.0 0.8 0.0 0.5
P 170 7.29 34.50 3 2 0.8 0.2 0.8 1.0
P 171 9.77 31.98 1 1 0.2 1.0 0.8 0.0
P 172 12.84 59.10 2 2 1.0 0.5 1.0 0.8
P 173 10.50 29.07 1 2 0.5 0.2 0.2 0.0
P 174 11.64 46.72 3 1 0.5 0.2 0.5 0.5
P 175 13.91 45.78 1 1 0.0 0.5 1.0 0.8
P 176 6.36 23.44 1 1 1.0 1.0 0.0 1.0
P 177 12.17 40.93 3 1 0.8 0.2 0.2 0.0
P 178 11.39 36.28 1 1 1.0 0.5 1.0 0.8
P 179 12.12 44.13 2 2 0.2 1.0 0.5 0.8
P 180 6.53 15.94 2 2 1.0 0.5 0.2 0.5
P 181 8.58 50.28 3 1 0.2 0.8 0.2 0.2
P 182 12.06 27.35 1 1 0.0 1.0 0.8 1.0
P 183 11.42 24.53 2 2 0.8 1.0 1.0 0.2
P 184 12.82 50.04 3 1 0.5 0.2 0.5 0.5
P 185 13.92 47.43 1 2 0.5 1.0 0.0 0.8
P 186 6.14 29.62 1 2 0.8 0.2 0.5 0.8
P 187 7.37 39.88 2 2 0.0 0.5 0.8 0.8
P 188 12.87 41.38 2 1 0.8 0.8 0.8 0.2
P 189 7.39 40.09 1 1 0.0 0.2 0.5 0.2
P 190 9.29 57.34 2 2 0.0 0.5 0.8 0.5
P 191 14.89 49.96 1 1 0.8 0.8 0.2 0.0
P 192 12.80 24.57 3 1 0.0 0.5 0.2 1.0
P 193 12.13 54.27 3 2 0.0 0.0 0.2 1.0
P 194 6.96 17.33 3 2 0.0 0.5 0.5 0.8
P 195 5.54 49.13 1 1 0.2 0.8 0.0 1.0
P 196 8.16 37.61 2 1 0.5 0.5 0.5 0.2
P 197 14.14 60.86 1 2 0.2 0.8 0.5 0.2
P 198 11.44 44.60 3 1 0.2 1.0 0.0 0.8
P 199 13.18 52.76 3 2 0.8 0.8 0.2 0.2
P 200 9.77 49.39 2 2 0.5 0.5 0.8 0.2
P 201 6.43 30.63 3 2 0.8 0.2 0.0 0.2
P 202 7.13 37.31 1 2 0.0 0.0 0.0 0.8
P 203 10.55 47.81 3 2 0.2 1.0 0.2 0.5
P 204 10.24 18.24 1 2 1.0 0.8 0.2 0.8
P 205 11.40 27.91 1 1 0.0 0.0 0.8 0.8
P 206 10.03 34.63 3 2 0.0 0.2 0.2 1.0
P 207 10.41 53.54 1 2 0.5 1.0 0.2 0.0
P 208 8.86 14.93 1 2 1.0 0.2 0.2 0.8
P 209 9.49 59.48 2 1 0.0 0.0 0.2 0.0
P 210 8.57 56.43 1 2 1.0 0.2 1.0 0.2
P 211 13.29 61.18 2 2 0.0 0.5 0.0 0.8
P 212 6.62 11.84 1 1 0.8 0.2 1.0 1.0
P 213 14.19 25.75 3 1 0.8 0.8 0.0 0.5
P 214 10.81 44.74 3 1 0.8 0.0 0.2 0.8
P 215 13.04 22.81 2 2 1.0 1.0 0.0 0.0
P 216 8.37 58.05 3 2 0.5 0.8 0.5 1.0
P 217 6.72 34.19 1 2 0.0 0.2 1.0 0.2
P 218 13.59 38.64 1 2 1.0 1.0 0.5 0.2
P 219 8.67 49.86 1 2 0.8 1.0 0.5 0.8
P 220 11.72 29.50 1 2 0.0 0.5 0.2 0.0
P 221 10.49 29.80 3 2 0.0 0.2 0.0 1.0
P 222 14.38 28.97 1 2 1.0 0.0 0.5 1.0
P 223 7.31 19.30 2 2 0.5 0.0 1.0 1.0
P 224 5.37 38.34 1 1 0.5 0.0 0.0 0.0
P 225 13.94 49.65 1 2 1.0 0.2 0.5 0.8
P 226 10.60 49.93 3 2 0.2 0.0 0.5 0.2
P 227 13.48 45.15 3 2 0.0 0.5 1.0 0.2
P 228 12.37 48.22 2 1 0.0 0.2 0.8 0.0
P 229 10.08 49.84 3 1 0.0 0.8 1.0 0.0
P 230 12.37 54.92 3 1 0.5 0.5 1.0 0.2
P 231 10.92 58.08 3 2 0.2 0.8 0.0 0.0
P 232 9.36 57.43 3 2 0.0 0.0 0.2 1.0
P 233 14.64 34.56 2 1 0.8 0.2 0.5 0.5
P 234 10.86 31.94 2 1 0.2 0.2 1.0 0.8
P 235 7.54 48.01 2 1 0.8 0.5 1.0 0.2
P 236 7.93 36.78 2 1 0.2 0.2 0.5 0.5
P 237 5.93 50.55 2 1 1.0 0.2 0.2 0.2
P 238 10.60 38.72 2 2 1.0 0.0 0.2 1.0
P 239 8.53 33.96 2 1 0.5 1.0 0.5 0.8
P 240 14.57 28.68 2 2 0.5 0.5 0.8 0.2
P 241 7.91 26.01 3 2 0.0 0.8 0.8 0.5
P 242 6.70 18.07 3 1 0.8 0.8 0.2 0.0
P 243 8.86 29.87 3 2 1.0 0.0 0.0 0.0
P 244 5.10 20.10 1 1 0.8 0.8 0.0 0.8
P 245 11.79 32.84 2 1 1.0 1.0 0.5 0.0
P 246 14.77 53.17 1 1 0.0 0.8 0.0 0.2
P 247 11.36 55.68 1 1 0.5 1.0 0.5 1.0
P 248 13.52 40.25 3 2 0.5 0.0 0.2 0.8
P 249 11.60 29.01 2 2 0.0 0.5 0.0 0.2
P 250 5.21 36.11 3 1 1.0 0.8 0.0 0.5
P 251 7.87 43.66 3 2 0.8 0.0 0.5 0.2
P 252 14.84 42.05 3 1 0.2 1.0 1.0 0.8
P 253 8.62 23.23 3 1 0.5 0.0 0.5 0.2
P 254 12.96 44.17 2 2 0.2 0.0 0.2 0.8
P 255 13.59 26.52 2 1 0.2 0.8 0.2 0.5
P 256 14.49 52.05 3 1 0.0 0.0 0.8 0.2
S 1 8 2 8 2.37 24 23 144 249 229 83 104 133
S 2 7 3 3 1.90 242 234 251 85 115 42 167
S 3 10 4 4 3.88 90 240 52 105 38 187 164 14 10 153
S 4 8 2 8 3.39 152 233 9 163 3 113 253 171
S 5 9 2 3 8.85 256 197 226 28 11 15 255 100 76
