B 3883.73
W 0.27 0.14 0.08 0.51
A 1 1048.61 2213.73
A 2 932.10 1592.33
A 3 621.40 2097.21
R 1 1320.47 3029.31
R 2 1281.63 2873.96
P 1 5.67 24.80 2 2 0.0 0.8 1.0 0.2
P 2 13.39 52.04 1 1 0.8 0.0 0.8 0.0
P 3 11.70 22.50 1 2 1.0 0.8 0.0 0.0
P 4 12.10 61.06 3 1 0.0 0.5 0.5 0.8
P 5 13.19 21.56 1 2 0.5 0.2 0.8 0.2
P 6 6.35 21.43 1 1 0.5 1.0 1.0 0.2
P 7 11.39 57.44 1 2 0.2 0.8 0.8 0.0
P 8 8.93 48.05 2 1 0.2 1.0 0.0 0.0
P 9 12.29 37.40 1 1 0.0 0.2 0.2 0.8
P 10 13.89 24.53 2 1 0.5 0.0 0.2 1.0
P 11 7.32 51.99 2 2 0.8 0.0 0.8 0.8
P 12 8.11 27.35 1 2 0.2 0.2 0.5 0.2
P 13 8.63 20.92 3 1 0.2 0.0 0.2 0.8
P 14 12.67 25.95 3 1 1.0 0.5 0.0 0.8
P 15 14.22 48.29 2 2 1.0 0.5 0.2 0.5
P 16 14.10 61.47 1 2 0.5 0.8 0.8 0.0
P 17 5.21 11.37 2 1 1.0 1.0 0.0 0.2
P 18 8.75 36.82 1 1 1.0 1.0 0.0 0.8
P 19 11.97 40.78 2 2 0.2 0.2 1.0 1.0
P 20 8.34 26.50 2 2 1.0 0.2 1.0 0.2
P 21 7.68 56.06 3 2 0.2 0.0 0.8 0.8
P 22 6.82 20.95 2 1 0.8 0.5 0.0 0.8
P 23 14.88 64.54 3 1 0.8 0.2 0.5 0.2
P 24 10.27 49.41 3 2 0.8 0.5 1.0 1.0
P 25 13.06 20.97 3 1 1.0 0.8 0.0 1.0
P 26 14.09 27.47 3 2 1.0 0.0 0.5 0.8
P 27 5.79 20.02 2 1 0.0 0.2 0.2 0.2
P 28 6.41 39.77 1 2 0.5 0.8 0.8 1.0
P 29 6.19 34.74 3 2 0.0 1.0 0.0 1.0
P 30 11.05 47.98 1 2 0.5 0.0 0.8 0.8
P 31 8.17 23.19 3 1 0.0 1.0 0.2 1.0
P 32 8.21 52.16 3 2 0.5 1.0 0.8 0.8
P 33 5.42 11.99 1 2 0.2 0.5 0.2 1.0
P 34 10.04 24.48 3 1 0.2 0.8 0.5 0.5
P 35 10.19 31.29 2 2 0.5 1.0 0.5 0.8
P 36 12.15 55.41 3 2 0.2 0.8 0.2 1.0
P 37 13.44 54.75 1 2 0.5 1.0 0.2 0.0
P 38 13.92 52.31 1 1 0.8 0.0 1.0 0.2
P 39 8.41 49.34 2 2 0.0 1.0 0.5 1.0
P 40 14.07 31.39 3 2 0.5 0.8 1.0 0.2
P 41 12.08 35.83 2 1 0.0 1.0 0.8 0.8
P 42 8.10 26.03 2 2 0.2 0.0 0.2 0.8
P 43 5.98 24.04 1 2 1.0 0.2 0.5 1.0
P 44 7.86 40.19 3 2 0.5 0.2 0.2 0.0
P 45 6.85 33.25 1 1 1.0 0.0 0.8 0.0
P 46 12.18 48.66 3 1 0.5 0.8 0.5 0.5
P 47 6.60 49.35 1 2 0.8 0.0 0.2 0.2
P 48 12.58 39.11 3 2 0.8 0.8 0.5 0.8
P 49 6.20 15.59 2 1 0.2 0.0 0.5 0.0
P 50 7.44 48.57 1 1 0.0 0.2 0.5 1.0
P 51 10.89 43.41 3 2 0.8 0.8 1.0 0.5
P 52 10.70 46.21 1 2 0.0 0.8 0.0 0.0
P 53 14.36 60.51 3 1 0.5 0.0 0.5 0.2
P 54 13.24 61.45 3 2 0.5 0.2 0.0 0.0
P 55 9.32 40.12 3 1 1.0 1.0 1.0 0.8
P 56 7.75 53.08 1 1 0.5 0.8 0.8 0.8
P 57 5.76 21.09 3 1 1.0 0.0 0.2 0.2
P 58 8.05 50.38 3 2 0.2 0.0 1.0 0.0
P 59 14.00 43.76 1 1 1.0 0.0 0.8 1.0
P 60 7.59 40.33 3 2 0.0 1.0 1.0 1.0
P 61 11.76 32.97 2 1 1.0 1.0 1.0 0.0
P 62 8.44 46.31 1 1 0.2 1.0 0.8 0.8
P 63 14.76 29.15 3 2 1.0 0.0 0.2 0.8
P 64 5.80 11.83 1 2 0.2 0.8 0.8 0.0
P 65 14.09 49.23 2 2 0.5 1.0 0.8 0.0
P 66 8.66 26.23 1 2 0.2 0.8 0.8 0.0
P 67 10.96 16.39 3 1 0.2 0.2 0.5 0.0
P 68 9.43 44.02 2 1 0.8 0.8 0.5 1.0
P 69 6.86 44.24 3 2 0.8 0.0 0.8 1.0
P 70 6.41 45.18 2 2 0.5 1.0 0.5 1.0
P 71 10.60 51.27 1 2 0.8 1.0 1.0 0.5
P 72 8.58 27.78 3 2 0.0 0.0 1.0 1.0
P 73 6.07 45.82 3 2 1.0 0.5 1.0 0.8
P 74 6.57 56.47 3 2 0.0 0.0 0.0 0.5
P 75 9.91 15.22 3 2 0.8 1.0 0.0 0.2
P 76 11.21 35.21 2 2 0.8 0.2 0.0 0.2
P 77 11.66 23.07 1 1 0.8 0.2 0.5 0.2
P 78 13.89 35.39 1 2 0.5 1.0 0.2 0.8
P 79 10.31 23.17 1 1 0.0 0.8 0.0 1.0
P 80 5.53 22.19 3 1 0.0 0.2 1.0 0.2
P 81 8.41 49.01 2 2 0.0 1.0 0.0 0.5
P 82 13.36 60.69 1 1 0.5 0.8 0.5 0.0
P 83 9.46 51.31 3 1 0.8 0.0 0.8 0.8
P 84 12.35 45.81 3 2 0.8 1.0 0.5 0.0
P 85 6.10 32.50 2 1 0.8 0.5 0.2 0.2
P 86 12.68 29.79 1 1 0.5 0.5 0.2 1.0
P 87 14.33 61.00 1 1 0.8 0.5 0.0 0.0
P 88 11.41 30.58 1 2 0.5 1.0 0.8 1.0
P 89 11.33 32.10 3 1 0.5 0.2 0.0 0.0
P 90 7.25 56.02 2 2 0.5 0.8 0.0 0.8
P 91 7.22 18.76 2 1 0.5 0.2 0.5 0.2
P 92 7.30 32.91 2 2 0.8 0.8 0.5 0.5
P 93 8.83 29.79 2 2 0.8 0.5 0.8 1.0
P 94 11.99 44.01 1 2 0.5 0.2 0.8 0.5
P 95 6.21 34.42 2 2 1.0 0.8 1.0 0.8
P 96 9.20 53.75 3 2 1.0 1.0 0.0 0.0
P 97 6.88 26.90 3 1 1.0 0.8 0.5 1.0
P 98 12.92 47.74 2 1 1.0 1.0 0.0 0.0
P 99 6.60 54.20 2 2 1.0 1.0 0.5 1.0
P 100 10.07 19.30 2 1 0.0 1.0 0.2 0.2
P 101 9.07 31.55 1 2 0.0 0.0 1.0 0.5
P 102 9.77 36.16 3 2 1.0 0.5 0.5 0.0
P 103 9.81 53.42 3 1 0.0 0.0 0.8 0.2
P 104 5.84 12.10 3 1 1.0 0.0 0.0 0.5
P 105 9.14 26.09 1 2 0.8 0.2 0.2 1.0
P 106 5.49 33.62 3 2 1.0 0.2 0.8 0.5
P 107 8.64 14.50 3 2 0.8 0.8 0.5 0.5
P 108 12.28 55.27 2 2 0.5 0.0 0.0 0.2
P 109 8.34 26.01 1 1 1.0 0.5 0.0 0.8
P 110 13.60 47.57 2 1 0.5 0.2 0.2 0.2
P 111 6.60 14.88 3 2 0.0 0.0 0.0 0.5
P 112 13.89 27.17 3 1 1.0 1.0 0.0 1.0
P 113 8.49 45.06 1 2 0.5 0.0 0.5 1.0
P 114 8.60 51.52 2 1 0.5 0.2 0.8 0.8
P 115 10.17 59.77 2 2 0.5 0.2 1.0 0.2
P 116 13.65 38.52 3 1 1.0 0.2 1.0 1.0
P 117 11.98 19.76 1 1 1.0 1.0 0.5 0.0
P 118 7.68 12.74 2 1 1.0 1.0 0.8 0.8
P 119 13.98 29.03 3 1 0.5 0.2 0.8 0.5
P 120 5.82 32.93 2 1 0.0 1.0 0.8 0.8
P 121 7.93 17.69 1 2 0.2 1.0 1.0 0.2
P 122 12.71 22.62 3 2 1.0 0.8 0.8 1.0
P 123 7.80 50.74 3 1 0.8 0.0 0.0 0.8
P 124 9.53 36.83 1 1 1.0 0.2 0.0 1.0
P 125 13.50 43.02 1 2 0.0 0.0 0.0 1.0
P 126 13.26 56.95 1 2 0.0 0.0 0.2 1.0
P 127 5.03 45.70 1 2 0.5 0.5 0.0 0.5
P 128 7.93 19.88 1 1 0.5 0.2 0.2 0.8
P 129 9.80 24.31 1 1 0.5 0.8 0.0 0.5
P 130 14.25 34.28 2 1 0.2 1.0 0.5 0.5
P 131 10.97 17.62 1 2 0.2 1.0 0.5 0.8
P 132 13.37 49.38 1 2 0.2 0.0 1.0 0.5
P 133 14.23 33.87 1 2 1.0 0.8 0.2 0.0
P 134 8.36 44.44 3 2 0.2 0.8 0.8 0.8
P 135 12.94 20.93 2 2 0.5 1.0 1.0 0.2
P 136 13.47 22.89 3 2 0.2 0.2 0.8 0.2
P 137 13.74 62.39 3 2 0.8 0.8 1.0 1.0
P 138 13.88 57.97 1 1 1.0 1.0 0.0 1.0
P 139 9.73 15.97 2 2 0.5 0.2 1.0 0.2
P 140 14.33 43.82 2 2 0.5 0.5 0.0 0.0
P 141 5.53 21.75 2 2 0.5 1.0 0.5 0.2
P 142 5.32 54.38 1 2 0.8 1.0 1.0 1.0
P 143 13.48 46.41 1 1 0.2 0.2 0.2 0.0
P 144 14.65 27.19 2 1 0.2 0.8 0.5 0.5
P 145 12.54 39.53 2 1 0.8 1.0 0.0 1.0
P 146 5.73 12.58 3 2 0.5 1.0 0.8 0.5
P 147 5.64 24.35 2 1 0.8 1.0 0.5 0.8
P 148 12.45 54.49 3 1 0.0 0.5 0.2 1.0
P 149 12.20 40.93 1 1 0.8 0.0 0.5 1.0
P 150 11.59 26.24 2 1 1.0 1.0 0.0 0.2
P 151 12.80 28.80 3 2 0.2 0.8 0.5 0.2
P 152 11.57 19.98 3 2 0.5 0.5 0.8 1.0
P 153 6.62 48.41 1 1 0.2 1.0 0.2 1.0
P 154 13.56 18.64 2 1 0.5 0.2 0.8 0.8
P 155 6.59 26.43 1 2 0.5 0.2 0.2 1.0
P 156 9.91 33.75 3 2 0.2 0.5 0.2 0.8
P 157 6.10 11.35 3 2 0.8 0.5 0.2 1.0
P 158 12.09 29.85 1 1 0.5 0.0 0.5 1.0
P 159 7.23 17.55 2 2 0.5 0.8 0.5 0.8
P 160 14.03 34.37 2 1 1.0 0.2 0.2 0.8
P 161 11.91 17.43 3 2 0.2 0.0 0.5 0.2
P 162 6.24 30.60 3 1 0.8 0.0 0.5 0.8
P 163 14.31 64.23 1 2 0.0 0.5 0.0 1.0
P 164 11.15 45.34 3 1 0.0 0.8 1.0 0.0
P 165 14.32 20.34 3 1 0.2 0.2 0.5 0.8
P 166 13.69 49.86 2 2 0.5 0.0 0.0 0.0
P 167 12.80 55.52 2 2 1.0 0.0 1.0 0.8
P 168 5.43 12.11 2 1 1.0 0.2 0.0 0.5
P 169 10.01 18.19 3 1 0.5 0.0 1.0 0.5
P 170 6.30 49.74 1 1 0.8 0.5 0.8 0.8
P 171 13.22 34.82 1 2 1.0 0.8 0.2 0.0
P 172 12.77 25.72 3 2 1.0 0.0 0.2 1.0
P 173 9.52 26.67 3 1 0.8 0.5 0.2 0.0
P 174 11.37 41.95 2 2 0.0 0.8 0.0 0.0
P 175 12.22 43.84 2 1 0.8 1.0 0.0 0.0
P 176 13.12 45.09 3 1 0.2 0.5 0.5 0.5
P 177 11.22 54.31 2 1 0.5 0.2 0.0 0.8
P 178 10.30 52.38 1 2 1.0 0.2 0.2 1.0
P 179 6.05 17.31 2 1 0.8 0.8 0.5 0.2
P 180 15.00 30.58 1 1 0.2 0.2 0.5 0.0
P 181 10.83 48.40 3 2 0.8 0.2 0.5 0.2
P 182 10.46 48.46 2 1 0.2 0.0 0.2 0.0
P 183 11.51 54.65 3 1 0.0 0.8 0.0 1.0
P 184 7.88 17.66 2 1 1.0 1.0 0.2 1.0
P 185 12.82 37.13 1 2 0.2 0.8 0.2 0.2
P 186 5.14 46.82 3 1 0.2 0.2 0.5 0.5
P 187 6.66 43.93 2 1 0.0 0.0 0.0 1.0
P 188 6.36 21.58 3 1 0.0 1.0 0.0 0.8
P 189 6.80 11.83 2 1 0.8 0.0 0.0 1.0
P 190 14.49 62.51 2 2 0.8 0.5 0.5 0.2
P 191 12.93 60.57 3 1 0.8 0.2 0.0 0.0
P 192 9.99 56.97 2 1 0.8 0.8 0.8 0.0
P 193 10.23 52.70 3 2 0.5 0.8 0.0 0.2
P 194 6.09 42.51 1 1 0.8 0.8 0.5 0.2
P 195 11.54 58.55 2 1 0.0 0.8 0.2 0.8
P 196 9.97 24.98 1 1 1.0 0.5 0.8 0.8
P 197 12.78 45.31 2 1 0.5 0.0 1.0 0.0
P 198 7.90 48.31 3 1 0.2 0.8 1.0 0.0
P 199 8.91 25.77 3 2 0.2 0.5 1.0 0.5
P 200 10.72 16.70 3 2 0.0 0.5 1.0 0.5
P 201 13.44 29.36 1 1 1.0 0.2 0.2 0.2
P 202 14.66 62.22 3 2 0.2 0.0 0.2 0.8
P 203 12.10 17.29 3 2 0.5 0.2 0.0 0.8
P 204 6.26 35.98 3 2 1.0 0.8 0.8 0.8
P 205 5.00 20.11 2 2 1.0 1.0 0.8 0.0
P 206 8.58 33.09 1 1 0.0 0.2 0.0 0.8
P 207 14.51 42.28 3 1 1.0 0.0 1.0 0.0
P 208 11.40 61.00 3 2 0.8 1.0 0.5 0.5
P 209 11.54 33.92 2 1 1.0 0.8 0.2 1.0
P 210 9.94 25.74 2 2 1.0 0.8 0.8 0.8
P 211 6.46 13.63 2 1 1.0 0.0 1.0 1.0
P 212 9.44 45.75 3 2 0.5 0.8 1.0 0.5
P 213 12.05 59.10 1 1 0.0 0.0 0.2 1.0
P 214 10.89 21.87 1 1 0.0 1.0 0.0 0.2
P 215 7.30 27.74 3 2 1.0 1.0 1.0 0.0
P 216 5.75 52.39 3 1 0.5 0.5 1.0 0.8
P 217 9.45 58.18 1 2 0.0 0.0 0.2 0.8
P 218 7.38 15.27 2 1 0.5 0.0 0.0 0.5
P 219 11.03 24.83 1 2 0.8 0.2 0.0 0.5
P 220 8.38 32.54 2 2 0.0 1.0 0.0 1.0
P 221 7.04 32.79 2 1 1.0 0.0 0.2 1.0
P 222 13.30 29.04 3 1 0.2 0.2 0.2 0.0
P 223 11.33 25.19 2 1 0.8 1.0 0.2 0.8
P 224 11.40 58.95 3 1 0.8 0.2 0.2 0.2
P 225 11.06 54.28 2 2 1.0 0.0 0.2 1.0
P 226 13.60 38.52 1 2 0.5 1.0 0.0 1.0
P 227 10.80 36.10 1 2 0.5 0.5 0.5 0.5
P 228 7.75 49.51 1 2 0.5 1.0 0.5 0.2
P 229 6.05 47.30 2 2 0.0 0.5 0.5 0.5
P 230 11.86 47.77 1 2 1.0 0.5 0.8 1.0
P 231 14.43 52.99 1 2 0.0 0.5 0.2 0.5
P 232 11.39 45.59 3 2 0.2 0.8 0.8 0.5
P 233 10.12 27.40 3 1 0.5 1.0 0.2 1.0
P 234 5.61 55.46 3 2 1.0 0.8 1.0 0.5
P 235 11.77 37.64 3 1 0.8 1.0 0.5 0.8
P 236 11.17 28.13 1 2 0.0 0.8 0.5 0.0
P 237 12.21 48.10 2 1 0.5 0.0 0.2 0.8
P 238 14.23 57.41 1 2 0.0 1.0 0.5 0.2
P 239 13.47 28.39 3 1 0.5 1.0 0.8 1.0
P 240 9.26 43.13 1 1 0.2 0.0 0.0 0.0
P 241 14.73 30.78 3 1 0.2 0.8 1.0 0.5
P 242 11.38 22.06 1 2 0.8 1.0 0.2 0.0
P 243 9.71 24.32 3 1 0.2 0.5 0.8 0.2
P 244 10.10 42.53 1 2 1.0 0.8 0.0 0.0
P 245 5.86 48.06 2 1 1.0 0.0 0.8 1.0
P 246 6.49 14.38 1 1 0.2 0.0 1.0 0.8
P 247 13.10 45.84 1 1 0.8 0.0 0.2 0.5
P 248 5.99 27.20 2 1 0.8 0.2 0.8 0.5
P 249 13.73 36.86 1 2 0.2 0.5 0.5 0.8
P 250 11.98 17.95 2 2 0.0 0.0 0.5 0.8
P 251 5.82 37.84 2 1 0.0 0.5 0.8 0.0
P 252 10.86 25.76 1 2 0.2 0.5 0.5 0.8
P 253 10.68 35.45 2 2 0.0 1.0 0.0 1.0
P 254 6.44 48.03 2 2 0.5 0.8 0.2 0.0
P 255 12.01 23.90 3 2 1.0 0.8 0.5 0.8
P 256 11.26 55.17 1 1 1.0 1.0 1.0 1.0
S 1 10 1 9 1.58 190 199 174 133 250 65 137 143 240 134
S 2 9 1 7 4.49 54 106 87 86 189 114 122 132 85
S 3 5 1 2 1.58 186 56 208 219 4
S 4 3 1 2 1.50 94 221 232
S 5 3 1 1 5.10 230 26 196
