B 3871.31
W 0.43 0.23 0.11 0.23
A 1 1083.97 1300.76
A 2 619.41 2322.79
A 3 851.69 1819.52
R 1 1083.97 3522.89
R 2 541.98 3019.62
P 1 12.93 50.39 1 1 0.5 1.0 1.0 0.8
P 2 5.55 55.27 3 2 0.5 0.5 1.0 0.0
P 3 5.42 45.80 2 2 0.0 0.2 0.2 1.0
P 4 11.00 46.90 3 2 0.8 0.5 0.0 0.2
P 5 9.99 24.90 3 1 0.8 0.8 1.0 1.0
P 6 10.91 16.22 2 1 0.0 0.5 0.2 0.0
P 7 9.11 50.15 3 1 0.0 1.0 1.0 0.8
P 8 8.04 20.21 3 2 0.8 1.0 0.2 0.2
P 9 14.26 50.30 2 2 0.5 0.0 0.2 1.0
P 10 9.74 39.33 1 1 0.0 0.0 1.0 0.5
P 11 7.10 35.49 3 1 0.2 0.5 0.0 0.8
P 12 12.78 42.45 3 2 1.0 1.0 0.8 0.5
P 13 10.99 52.56 1 2 1.0 0.0 0.0 0.2
P 14 11.05 54.06 3 2 0.5 0.5 0.8 0.2
P 15 8.49 41.73 1 2 0.5 0.0 0.8 0.0
P 16 8.28 23.83 3 1 0.2 0.8 0.2 0.0
P 17 13.90 42.49 2 1 0.0 1.0 0.8 0.8
P 18 12.85 61.00 3 2 0.5 1.0 1.0 1.0
P 19 10.64 54.61 3 1 0.2 0.8 0.0 0.8
P 20 8.98 57.17 2 2 0.5 1.0 0.0 0.2
P 21 11.54 19.64 1 1 0.2 1.0 1.0 0.0
P 22 8.36 32.69 1 2 0.2 0.2 1.0 1.0
P 23 10.74 57.08 3 1 0.5 0.8 0.2 0.8
P 24 10.43 21.11 2 1 0.8 0.2 0.5 0.5
P 25 7.24 16.09 1 2 0.2 0.2 1.0 1.0
P 26 10.98 35.65 1 1 0.0 0.0 1.0 1.0
P 27 14.90 31.65 3 2 0.2 0.5 0.8 0.2
P 28 9.23 52.18 2 2 0.2 0.5 0.2 0.8
P 29 7.67 24.72 3 1 0.0 0.8 0.2 0.5
P 30 8.95 18.29 3 2 1.0 0.8 0.0 1.0
P 31 10.10 47.90 1 1 0.0 0.5 0.0 0.2
P 32 5.08 12.70 1 2 1.0 0.2 0.0 1.0
P 33 8.83 18.75 1 2 0.0 0.0 0.5 0.5
P 34 13.64 63.22 3 1 0.0 0.8 0.0 1.0
P 35 7.97 48.85 3 1 0.0 0.2 0.2 1.0
P 36 6.47 42.85 2 2 0.2 0.5 0.5 0.2
P 37 9.95 33.49 3 2 0.8 0.2 0.8 0.8
P 38 11.22 22.79 1 2 1.0 1.0 0.8 0.2
P 39 11.40 41.42 3 1 0.8 0.5 0.2 1.0
P 40 9.62 34.13 2 1 1.0 0.2 0.2 0.5
P 41 14.98 43.35 3 1 1.0 0.5 1.0 0.2
P 42 5.80 15.20 1 2 0.8 0.5 0.2 0.2
P 43 11.82 33.43 3 2 0.5 0.2 1.0 0.8
P 44 12.10 59.60 1 1 0.5 0.5 0.0 1.0
P 45 5.46 26.86 3 1 0.0 0.8 0.5 0.0
P 46 12.86 30.08 3 2 0.2 0.0 0.8 0.8
P 47 8.84 17.36 1 1 0.8 0.0 0.0 1.0
P 48 11.29 38.63 3 2 0.2 0.8 1.0 1.0
P 49 14.32 63.65 1 2 1.0 0.0 0.0 0.8
P 50 11.56 23.52 3 2 0.8 0.8 0.2 0.5
P 51 6.26 21.89 1 2 0.8 0.0 0.2 0.8
P 52 13.97 40.71 1 1 0.8 0.5 0.5 0.2
P 53 11.71 58.82 2 2 0.5 0.0 0.8 0.8
P 54 13.27 20.57 1 1 0.0 0.0 0.8 0.2
P 55 14.73 49.62 2 1 0.8 1.0 0.5 0.2
P 56 11.05 57.54 2 2 1.0 0.2 0.5 0.0
P 57 9.88 38.65 2 1 0.2 0.0 1.0 0.2
P 58 7.51 27.13 3 1 0.5 0.8 1.0 0.2
P 59 7.02 38.71 3 1 1.0 0.0 0.2 0.0
P 60 9.47 56.74 1 2 0.8 0.0 1.0 0.0
P 61 6.41 44.59 1 1 0.5 0.5 0.8 0.0
P 62 12.25 32.40 3 1 1.0 0.8 0.2 0.8
P 63 8.08 55.85 1 1 0.8 0.0 1.0 0.5
P 64 13.32 23.99 2 1 0.8 1.0 0.2 0.8
P 65 5.44 24.64 1 1 0.5 0.8 1.0 1.0
P 66 10.95 56.66 1 1 0.2 0.8 1.0 0.5
P 67 6.55 42.27 3 1 0.2 0.5 0.5 0.2
P 68 5.29 45.09 1 2 1.0 0.5 0.5 0.2
P 69 13.66 25.70 1 1 0.2 1.0 0.5 0.0
P 70 12.30 54.40 3 1 0.8 0.8 1.0 0.2
P 71 7.34 48.73 1 2 0.5 0.5 0.2 0.0
P 72 5.67 42.31 2 1 0.8 0.8 0.2 0.0
P 73 8.88 29.85 3 2 0.5 0.5 0.0 0.8
P 74 12.09 41.94 3 1 0.8 0.0 0.2 0.5
P 75 7.26 23.99 1 1 1.0 0.2 0.8 0.5
P 76 10.03 37.97 3 1 0.0 1.0 0.5 0.0
P 77 13.62 58.95 1 1 0.0 0.8 0.2 0.0
P 78 10.99 47.06 2 1 1.0 0.8 0.2 0.5
P 79 14.36 36.50 1 1 0.2 0.0 1.0 0.5
P 80 12.98 62.06 2 2 1.0 0.8 0.2 0.2
P 81 9.37 46.78 1 2 1.0 0.8 0.0 0.0
P 82 12.40 36.78 1 1 0.8 1.0 0.5 0.5
P 83 13.16 54.26 3 2 0.5 0.0 0.0 0.5
P 84 9.80 40.61 1 1 0.0 0.2 0.0 1.0
P 85 10.60 34.52 1 2 0.0 1.0 0.5 0.5
P 86 14.64 29.43 3 2 1.0 0.2 0.0 0.0
P 87 14.34 49.33 3 1 0.2 0.8 0.5 0.5
P 88 10.60 24.35 2 2 0.5 1.0 1.0 0.8
P 89 7.82 35.75 1 2 0.0 0.8 0.2 0.2
P 90 12.86 20.67 2 1 0.0 0.0 0.0 0.0
P 91 9.63 34.90 1 1 0.0 0.8 0.8 0.8
P 92 8.66 41.59 2 2 1.0 0.8 0.2 0.5
P 93 5.37 38.95 1 1 0.0 0.0 0.8 0.2
P 94 6.13 12.19 1 2 0.2 0.5 0.5 0.2
P 95 11.00 42.76 1 1 0.0 0.5 0.8 1.0
P 96 7.04 40.68 1 2 1.0 1.0 0.0 0.0
P 97 7.21 29.68 1 2 0.5 0.0 1.0 1.0
P 98 8.83 23.37 3 2 0.5 0.2 0.2 0.0
P 99 14.64 48.47 3 2 0.8 0.5 0.2 1.0
P 100 8.13 31.76 3 1 0.2 1.0 0.8 0.5
P 101 12.94 26.84 2 1 0.2 0.8 0.0 0.8
P 102 13.10 51.40 1 2 0.8 1.0 0.0 1.0
P 103 12.04 44.89 2 2 0.2 0.8 0.2 0.8
P 104 5.11 49.62 2 1 0.5 0.5 1.0 0.8
P 105 12.27 41.49 1 2 1.0 0.2 0.5 0.0
P 106 7.23 16.82 3 2 0.2 1.0 0.8 0.8
P 107 12.47 48.65 1 2 0.5 0.0 0.0 0.0
P 108 7.39 56.81 3 1 0.2 0.8 0.5 1.0
P 109 13.66 60.78 1 1 1.0 0.5 1.0 0.8
P 110 9.67 46.94 2 1 1.0 0.0 0.8 0.0
P 111 9.49 57.71 1 1 0.8 0.0 1.0 0.2
P 112 13.57 54.27 1 2 1.0 0.0 1.0 0.2
P 113 11.09 51.62 1 2 1.0 0.5 0.5 1.0
P 114 10.43 35.65 2 2 0.2 0.0 1.0 0.0
P 115 11.32 50.39 1 1 0.2 0.5 0.5 1.0
P 116 11.14 47.10 1 2 0.8 0.2 1.0 0.0
P 117 14.21 46.98 3 2 0.0 1.0 0.0 0.0
P 118 11.50 18.02 1 2 0.2 0.0 0.5 0.8
P 119 14.62 61.26 1 2 1.0 0.0 0.5 0.0
P 120 7.98 41.36 3 1 0.0 0.5 0.0 0.8
P 121 9.47 58.07 2 1 1.0 0.0 0.8 1.0
P 122 5.65 53.51 3 1 0.5 0.5 1.0 1.0
P 123 6.60 34.57 1 2 0.8 1.0 0.5 0.8
P 124 7.01 25.67 1 1 0.5 1.0 0.8 0.5
P 125 7.13 46.80 2 2 0.8 0.2 0.0 0.8
P 126 7.87 24.74 3 2 0.2 1.0 1.0 0.0
P 127 6.10 50.77 3 2 0.8 1.0 0.5 1.0
P 128 10.46 59.32 1 2 0.5 0.0 0.2 1.0
P 129 6.42 41.23 3 1 0.5 0.2 1.0 0.8
P 130 12.48 43.74 3 1 0.2 1.0 0.5 0.0
P 131 10.46 38.02 1 2 0.8 0.8 0.8 0.5
P 132 9.79 52.47 3 1 0.2 0.5 0.5 0.0
P 133 12.49 39.32 2 2 0.8 1.0 0.0 0.0
P 134 7.89 29.13 1 2 0.8 0.2 0.0 0.8
P 135 10.85 35.35 1 1 0.2 1.0 0.5 1.0
P 136 6.08 12.61 3 1 0.5 0.0 1.0 1.0
P 137 7.93 19.05 2 1 0.5 0.2 1.0 0.2
P 138 14.44 40.93 3 1 0.0 0.0 0.8 0.5
P 139 14.68 64.39 1 1 0.5 0.0 1.0 0.0
P 140 10.84 21.50 2 2 0.0 0.5 0.0 0.5
P 141 7.50 17.91 2 1 0.2 0.2 0.2 0.8
P 142 14.73 23.78 2 1 0.2 1.0 0.8 1.0
P 143 7.18 27.81 3 1 0.5 0.5 0.5 0.0
P 144 8.03 38.22 1 1 0.2 1.0 0.2 0.0
P 145 12.29 37.08 2 1 0.2 0.0 1.0 1.0
P 146 13.09 41.03 1 1 0.0 0.0 1.0 1.0
P 147 8.92 43.81 1 1 0.0 0.5 0.2 1.0
P 148 10.85 20.21 3 2 0.5 0.5 1.0 1.0
P 149 10.48 58.52 2 1 0.2 0.8 1.0 0.0
P 150 14.51 26.40 1 1 0.5 0.5 0.5 0.8
P 151 10.27 44.36 3 2 0.2 0.2 0.2 1.0
P 152 5.96 42.60 2 2 0.5 0.0 0.0 0.8
P 153 8.02 20.90 1 1 0.0 0.0 0.0 0.5
P 154 6.78 38.93 1 2 0.0 1.0 0.2 0.2
P 155 9.11 48.41 2 2 1.0 0.0 0.8 0.8
P 156 9.54 51.70 2 2 1.0 1.0 0.8 0.8
P 157 5.53 32.17 3 1 0.0 0.5 1.0 0.8
P 158 10.49 37.43 1 1 0.2 0.8 0.0 0.5
P 159 12.05 47.07 2 2 1.0 0.5 1.0 0.0
P 160 8.58 56.96 3 1 0.0 0.0 1.0 0.8
P 161 11.24 53.72 3 1 0.0 0.0 1.0 0.0
P 162 12.46 61.71 1 1 0.5 0.8 0.5 0.5
P 163 13.61 43.95 2 2 0.2 0.2 1.0 0.0
P 164 11.88 20.87 1 2 0.2 1.0 0.8 1.0
P 165 6.82 23.53 1 1 0.0 0.0 0.5 0.8
P 166 10.62 55.40 2 2 0.8 0.8 0.5 0.0
P 167 13.42 39.83 1 1 1.0 1.0 0.0 0.0
P 168 8.80 43.45 1 1 0.2 0.5 0.2 0.5
P 169 13.50 30.88 1 2 1.0 0.5 0.2 1.0
P 170 6.43 19.44 3 1 1.0 1.0 0.5 0.0
P 171 5.80 21.97 2 2 0.8 0.2 0.5 1.0
P 172 9.42 34.82 1 2 0.0 0.8 0.2 0.5
P 173 9.54 45.84 1 1 0.5 0.8 0.0 0.0
P 174 7.01 24.43 2 2 1.0 0.5 0.0 0.2
P 175 9.59 51.93 1 2 0.2 0.8 0.5 0.0
P 176 11.58 19.14 2 1 0.5 1.0 0.8 0.0
P 177 8.04 25.83 1 2 0.2 0.8 0.2 0.0
P 178 11.04 48.22 3 1 0.5 0.5 0.5 0.2
P 179 8.20 52.37 3 1 0.0 0.8 0.2 0.2
P 180 13.98 20.53 2 1 0.5 0.8 0.2 0.5
P 181 8.67 54.60 2 2 0.8 0.5 0.2 0.8
P 182 9.67 33.79 2 2 0.0 0.0 1.0 0.2
P 183 5.02 13.24 2 2 0.8 0.8 0.2 0.8
P 184 14.11 55.21 3 1 1.0 1.0 0.0 0.5
P 185 9.93 49.97 3 1 0.2 1.0 0.8 0.8
P 186 13.27 42.68 3 1 0.5 0.5 0.5 1.0
P 187 12.45 40.05 3 1 0.5 0.0 0.5 0.8
P 188 10.83 19.08 3 2 0.2 0.5 0.0 0.0
P 189 13.88 38.86 1 2 0.8 0.8 0.5 0.2
P 190 13.89 38.87 1 1 1.0 0.8 0.2 0.5
P 191 12.44 30.69 3 2 0.8 0.2 1.0 1.0
P 192 12.65 61.18 2 2 0.5 0.2 0.5 0.5
P 193 5.90 37.01 3 1 0.0 1.0 0.5 1.0
P 194 5.66 36.82 2 2 0.5 0.8 1.0 1.0
P 195 12.66 36.26 2 1 0.2 0.0 0.0 0.8
P 196 13.32 55.05 2 1 0.0 0.2 0.2 0.8
P 197 12.47 37.41 3 2 0.0 0.8 0.0 1.0
P 198 13.03 42.14 1 2 0.5 0.2 0.5 0.2
P 199 8.90 35.26 1 1 0.8 0.8 0.2 0.8
P 200 10.27 36.45 1 1 0.2 1.0 0.0 1.0
P 201 6.66 47.29 3 2 0.2 0.2 0.0 0.5
P 202 6.97 18.67 2 1 0.2 1.0 0.8 0.5
P 203 8.60 41.74 3 1 0.2 1.0 0.2 0.5
P 204 13.69 36.28 2 2 1.0 0.0 0.2 0.2
P 205 9.31 34.34 3 2 0.0 0.8 1.0 1.0
P 206 6.92 44.39 1 2 0.2 1.0 1.0 0.0
P 207 11.58 43.67 3 1 0.0 0.5 0.0 0.8
P 208 5.16 38.20 2 2 0.5 0.2 0.0 0.5
P 209 8.49 40.73 3 2 0.0 1.0 1.0 0.8
P 210 9.36 22.86 2 1 0.5 0.0 0.8 0.8
P 211 5.15 26.35 3 1 0.5 0.5 0.0 0.5
P 212 11.82 19.73 3 2 0.8 0.2 0.2 0.0
P 213 10.95 40.37 2 2 0.8 1.0 1.0 0.2
P 214 9.21 38.82 1 1 0.2 0.5 0.5 1.0
P 215 5.16 37.37 2 1 0.2 0.2 0.8 0.5
P 216 8.44 53.41 2 2 0.0 1.0 0.8 1.0
P 217 13.86 31.28 2 2 0.5 0.2 0.2 1.0
P 218 9.09 55.15 3 1 0.5 0.8 0.5 0.0
P 219 7.11 25.06 2 2 0.2 0.5 1.0 0.2
P 220 11.69 22.46 2 1 0.8 0.5 0.0 0.0
P 221 8.89 28.71 1 1 0.5 0.0 0.5 0.0
P 222 7.45 28.59 1 2 0.8 0.8 1.0 0.0
P 223 13.04 52.63 3 2 0.8 0.8 0.0 1.0
P 224 9.90 34.41 2 1 0.0 0.8 0.8 1.0
P 225 8.80 14.41 2 1 0.8 0.2 1.0 0.2
P 226 5.18 17.55 2 2 0.5 0.5 0.5 0.8
P 227 5.26 43.75 2 2 0.8 0.8 0.5 0.8
P 228 10.53 43.67 2 1 0.8 0.8 0.0 1.0
P 229 6.85 46.34 3 1 0.2 1.0 0.8 0.0
P 230 9.72 58.42 3 1 1.0 0.5 0.0 0.5
P 231 11.08 48.62 3 2 0.8 0.0 1.0 0.2
P 232 13.65 54.62 1 1 0.0 0.8 0.2 0.0
P 233 12.37 37.84 2 2 0.0 0.0 0.5 0.2
P 234 14.27 33.10 3 2 0.5 0.5 1.0 0.2
P 235 9.18 39.99 2 2 0.2 0.5 0.5 1.0
P 236 9.66 17.39 1 2 0.8 0.8 0.2 0.2
P 237 14.95 21.91 3 1 0.5 1.0 0.8 0.0
P 238 10.57 17.39 1 1 0.0 0.0 0.0 0.0
P 239 11.11 49.33 1 2 0.2 1.0 0.2 0.5
P 240 6.26 39.65 2 2 0.0 0.0 0.0 1.0
P 241 14.52 62.80 2 2 0.8 0.2 0.8 0.0
P 242 6.08 14.91 2 1 0.2 0.8 0.0 0.8
P 243 14.52 43.98 2 1 0.8 0.8 0.0 0.0
P 244 6.32 26.96 3 1 0.5 0.5 0.2 0.2
P 245 5.98 21.18 1 2 0.0 1.0 0.2 1.0
P 246 13.94 55.40 1 2 0.5 0.8 0.2 0.0
P 247 8.26 53.64 1 1 0.2 0.0 0.0 0.5
P 248 9.12 37.26 3 2 0.8 0.8 0.2 0.5
P 249 5.36 35.64 1 1 0.8 0.2 0.0 0.5
P 250 13.75 58.45 1 1 0.2 0.8 0.5 0.8
P 251 10.88 20.57 1 2 0.2 0.0 0.5 0.8
P 252 10.33 30.04 3 2 0.8 0.2 1.0 0.8
P 253 14.35 25.34 2 1 0.2 0.8 0.5 0.8
P 254 14.23 34.51 3 1 0.8 0.0 0.2 1.0
P 255 13.46 33.02 2 1 0.5 0.8 1.0 0.2
P 256 10.12 32.67 1 2 0.8 0.2 0.5 1.0
S 1 8 2 6 6.61 37 171 111 12 141 64 162 30
S 2 4 1 3 8.06 103 187 139 116
S 3 5 2 2 1.00 186 39 255 93 117
S 4 2 1 1 9.93 224 255
S 5 8 3 4 4.38 94 80 83 222 104 38 186 34
