B 7836.50
W 0.24 0.25 0.35 0.16
A 1 940.38 2977.87
A 2 2115.86 2664.41
A 3 2350.95 2821.14
R 1 1332.21 6425.93
R 2 1018.75 4858.63
P 1 7.81 32.56 3 1 0.2 0.5 0.2 0.2
P 2 11.01 33.10 1 2 0.2 0.5 0.0 1.0
P 3 14.81 24.34 2 1 0.0 0.2 0.8 0.0
P 4 12.90 36.23 1 2 0.5 1.0 0.5 0.5
P 5 10.67 37.01 3 1 1.0 0.5 0.8 0.8
P 6 5.44 13.14 2 1 0.2 0.5 0.8 0.2
P 7 13.44 57.39 3 2 1.0 1.0 0.8 1.0
P 8 10.60 25.17 3 2 0.2 0.5 0.2 0.8
P 9 11.71 40.72 1 1 0.2 0.0 0.2 0.2
P 10 6.54 13.28 1 1 0.2 0.0 0.8 0.2
P 11 14.81 19.93 1 2 0.8 0.2 0.5 0.2
P 12 10.70 32.95 2 2 0.8 0.5 1.0 0.5
P 13 14.06 31.94 2 1 0.0 0.2 0.5 0.5
P 14 9.92 34.41 1 1 0.8 1.0 0.8 0.0
P 15 6.36 42.86 1 1 0.8 0.2 0.5 1.0
P 16 9.70 44.99 3 1 0.0 0.2 0.5 0.8
P 17 14.38 53.91 3 2 0.0 1.0 0.2 0.5
P 18 6.07 45.55 1 1 0.2 0.2 0.5 0.8
P 19 9.12 32.71 1 1 1.0 0.0 0.5 1.0
P 20 10.52 39.32 2 2 0.0 0.8 0.5 0.0
P 21 9.58 19.94 2 1 1.0 0.2 0.5 0.2
P 22 12.95 22.37 2 2 1.0 1.0 0.0 0.2
P 23 11.27 52.25 1 2 0.8 0.5 0.2 0.5
P 24 8.60 34.81 2 2 0.8 0.2 0.8 0.2
P 25 6.91 34.45 1 2 1.0 0.0 1.0 1.0
P 26 14.70 49.54 3 2 0.0 0.8 1.0 0.5
P 27 9.60 36.65 2 2 0.0 0.2 0.5 0.5
P 28 5.40 37.64 2 2 0.2 1.0 0.5 1.0
P 29 9.00 16.78 2 1 0.5 0.0 0.2 0.2
P 30 5.47 16.62 3 2 0.8 0.2 0.8 0.5
P 31 11.46 46.81 2 2 0.5 0.8 0.0 0.0
P 32 8.36 41.80 1 1 0.8 0.5 0.0 0.8
P 33 7.85 54.93 3 1 0.0 0.8 0.8 0.5
P 34 6.79 29.61 1 1 0.5 0.5 0.8 0.0
P 35 10.12 41.52 1 1 0.2 0.8 1.0 0.2
P 36 7.88 32.01 2 2 0.8 1.0 1.0 0.2
P 37 10.82 28.28 2 1 0.8 0.2 0.0 0.8
P 38 14.78 49.35 1 1 1.0 1.0 0.5 0.0
P 39 12.17 55.67 3 2 0.2 0.0 0.2 0.0
P 40 12.61 57.12 2 2 1.0 0.5 0.2 0.0
P 41 6.99 41.72 3 2 0.2 0.8 0.8 0.5
P 42 13.33 61.85 2 2 0.0 0.0 0.8 1.0
P 43 13.78 32.99 3 1 0.5 0.0 0.5 1.0
P 44 6.74 48.06 1 1 0.2 0.8 0.5 0.2
P 45 5.85 14.63 3 1 0.0 0.8 0.5 0.8
P 46 10.28 45.54 3 1 0.8 1.0 0.0 0.0
P 47 7.53 34.14 1 1 0.8 0.5 0.2 0.0
P 48 14.98 55.58 3 1 0.2 0.8 0.5 0.0
P 49 7.74 13.23 1 1 0.5 1.0 0.2 1.0
P 50 11.62 17.11 1 2 0.0 0.8 0.0 1.0
P 51 8.86 28.52 3 2 0.2 1.0 0.2 0.2
P 52 6.36 42.79 3 2 1.0 0.0 1.0 0.5
P 53 10.72 45.18 2 1 0.0 0.8 0.5 0.8
P 54 9.30 47.39 1 2 0.5 0.0 1.0 0.8
P 55 5.03 48.83 3 1 1.0 0.0 1.0 1.0
P 56 14.30 40.38 3 2 0.2 0.8 0.5 0.2
P 57 8.82 45.36 3 2 0.8 0.2 0.8 1.0
P 58 12.47 19.50 3 1 0.2 0.0 0.8 0.0
P 59 11.64 61.23 1 2 0.8 0.8 0.5 1.0
P 60 11.03 33.70 1 1 0.5 1.0 1.0 0.5
P 61 6.13 45.13 2 2 0.0 0.0 0.0 1.0
P 62 5.89 22.79 2 2 0.0 0.5 0.0 0.5
P 63 11.46 45.20 3 1 0.0 0.5 1.0 0.5
P 64 6.28 13.49 3 1 0.0 1.0 0.2 0.8
P 65 12.54 44.24 2 2 0.5 1.0 1.0 0.2
P 66 13.65 55.54 2 2 0.8 0.8 0.0 0.0
P 67 11.51 23.57 3 2 1.0 0.8 1.0 0.8
P 68 9.12 17.05 2 2 0.0 0.0 0.5 0.2
P 69 6.13 34.73 1 1 0.5 1.0 1.0 0.8
P 70 5.74 55.53 1 1 0.2 1.0 0.8 1.0
P 71 13.60 30.31 2 2 0.0 0.0 0.0 0.8
P 72 8.54 53.68 3 2 0.2 0.0 0.5 0.2
P 73 9.36 52.30 3 2 0.8 0.8 0.2 0.5
P 74 8.94 34.46 1 1 1.0 0.5 0.2 0.0
P 75 9.74 48.57 1 1 0.2 0.5 0.5 0.8
P 76 7.13 16.99 3 1 0.2 0.8 1.0 0.0
P 77 6.43 40.31 3 1 0.2 1.0 0.5 0.5
P 78 14.29 26.08 1 1 1.0 0.5 0.5 1.0
P 79 12.43 26.18 2 2 0.0 1.0 1.0 1.0
P 80 11.26 60.65 1 1 0.8 0.8 0.2 0.8
P 81 11.91 21.49 2 1 0.0 0.5 0.0 1.0
P 82 5.82 42.18 3 2 0.0 0.8 0.2 1.0
P 83 13.57 36.46 2 1 0.8 1.0 0.8 1.0
P 84 13.80 58.57 1 1 0.5 0.2 0.0 0.5
P 85 9.66 34.31 2 2 0.8 0.8 0.8 0.0
P 86 6.58 35.38 3 2 0.5 0.8 0.0 0.2
P 87 11.16 19.33 3 2 0.2 0.0 0.8 0.5
P 88 10.53 44.50 3 2 1.0 1.0 1.0 0.5
P 89 6.91 27.37 1 2 1.0 1.0 1.0 0.5
P 90 13.66 19.07 1 1 0.5 0.0 0.5 0.8
P 91 7.46 13.21 3 1 0.8 0.0 0.8 0.5
P 92 7.61 47.99 1 1 0.0 0.5 0.0 0.8
P 93 6.62 12.83 3 1 0.5 0.2 0.5 0.2
P 94 6.46 17.89 3 1 0.5 1.0 0.5 0.2
P 95 14.04 55.90 2 2 0.2 0.2 0.8 0.5
P 96 9.26 19.43 2 1 1.0 1.0 0.2 0.5
P 97 14.10 45.79 3 2 0.5 0.2 0.0 0.2
P 98 8.12 53.53 1 1 0.5 0.8 0.0 0.8
P 99 12.13 18.30 3 1 1.0 1.0 0.5 0.0
P 100 13.84 39.12 2 2 0.5 0.0 0.5 0.0
P 101 11.54 35.00 2 2 0.0 1.0 0.8 0.5
P 102 5.58 31.28 1 2 0.2 0.0 0.5 0.0
P 103 7.77 49.59 3 1 0.8 0.8 0.5 0.0
P 104 11.76 42.72 1 1 0.8 0.5 0.5 1.0
P 105 11.07 18.85 3 2 0.0 0.8 0.8 0.0
P 106 14.89 49.28 3 2 0.5 0.2 0.2 0.0
P 107 9.40 49.45 2 1 0.5 0.0 0.2 0.8
P 108 9.85 16.12 2 1 1.0 0.8 0.8 0.5
P 109 11.62 23.16 2 1 0.8 0.2 0.8 0.0
P 110 6.61 13.12 2 1 0.8 0.2 0.8 0.2
P 111 9.57 30.16 3 2 0.5 1.0 1.0 0.2
P 112 8.91 34.53 3 2 0.0 0.2 0.5 0.0
P 113 6.67 22.86 3 1 1.0 0.2 0.2 0.5
P 114 8.08 45.38 1 2 0.2 0.0 0.0 1.0
P 115 8.23 18.52 1 1 1.0 0.2 0.5 0.8
P 116 6.15 34.43 2 1 0.2 0.5 0.2 1.0
P 117 9.17 47.93 1 2 0.0 0.2 0.5 1.0
P 118 6.82 18.88 1 2 0.8 0.2 0.5 0.8
P 119 9.41 27.31 3 1 0.5 1.0 1.0 1.0
P 120 6.25 35.33 1 2 0.2 0.0 0.2 1.0
P 121 12.01 42.55 2 1 0.2 0.5 1.0 1.0
P 122 10.38 52.57 2 2 0.5 0.0 0.2 0.0
P 123 8.78 31.30 3 2 0.0 0.8 0.8 1.0
P 124 12.19 22.93 3 2 0.8 1.0 0.5 0.5
P 125 7.80 14.55 3 1 1.0 0.0 0.2 0.0
P 126 11.28 50.24 2 1 1.0 0.2 0.2 0.0
P 127 8.37 45.24 1 1 1.0 0.5 0.8 1.0
P 128 12.89 45.63 2 1 1.0 0.5 0.2 1.0
P 129 13.50 20.18 3 1 0.2 0.0 0.0 0.0
P 130 12.67 21.57 1 1 0.5 0.8 0.8 0.8
P 131 5.24 45.85 3 2 0.8 0.2 0.5 0.2
P 132 13.82 35.14 1 2 0.8 0.8 1.0 0.0
P 133 11.28 22.85 2 1 1.0 0.5 0.8 0.8
P 134 14.24 60.73 1 2 0.8 0.0 0.8 0.8
P 135 14.71 29.82 2 1 0.5 1.0 0.0 0.5
P 136 10.44 21.43 1 2 0.2 0.0 0.5 0.0
P 137 5.98 49.17 1 2 0.5 1.0 0.8 1.0
P 138 13.01 61.21 1 2 0.8 0.5 0.2 0.0
P 139 13.09 19.29 3 2 0.8 0.2 0.8 0.2
P 140 14.52 49.18 2 1 1.0 0.8 0.2 1.0
P 141 9.34 32.53 1 1 1.0 1.0 0.0 1.0
P 142 10.45 51.91 1 2 0.8 0.2 1.0 0.0
P 143 9.62 42.57 2 1 0.2 0.0 0.2 0.5
P 144 14.09 48.76 2 1 0.2 0.8 0.8 0.8
P 145 5.69 36.97 1 2 1.0 0.0 0.5 1.0
P 146 6.33 44.85 2 1 0.2 0.2 0.2 0.8
P 147 6.28 26.69 1 1 0.5 0.5 1.0 0.2
P 148 14.48 50.82 2 1 0.2 0.8 0.5 1.0
P 149 6.96 13.59 1 2 0.8 0.8 0.5 1.0
P 150 14.02 38.35 2 1 1.0 0.8 1.0 0.0
P 151 10.68 34.14 3 1 0.0 0.0 0.5 0.0
P 152 7.48 28.13 2 2 1.0 0.0 1.0 0.5
P 153 10.39 55.67 3 1 0.5 1.0 0.8 0.8
P 154 12.98 38.47 2 1 0.5 0.5 1.0 0.0
P 155 10.26 40.94 1 1 0.2 0.0 1.0 0.8
P 156 5.23 27.63 3 1 0.0 0.8 0.2 0.8
P 157 11.22 53.77 2 2 0.0 0.0 0.8 1.0
P 158 6.16 51.63 3 2 0.8 0.5 0.2 0.5
P 159 12.05 58.38 1 2 0.8 1.0 0.5 1.0
P 160 5.79 12.63 1 1 0.8 0.8 0.8 0.2
P 161 9.03 57.01 1 2 0.2 0.2 0.5 0.8
P 162 10.45 56.04 1 1 0.8 0.2 0.8 0.8
P 163 9.04 47.46 3 1 0.5 0.2 0.8 1.0
P 164 14.20 19.90 1 2 0.0 0.5 0.2 0.2
P 165 13.24 63.06 3 1 0.2 1.0 0.2 1.0
P 166 5.85 31.72 2 2 1.0 0.8 1.0 0.5
P 167 13.98 20.96 3 2 0.8 1.0 0.2 0.2
P 168 6.57 43.08 1 1 0.8 0.8 0.8 0.0
P 169 14.20 28.87 3 1 0.2 0.2 0.2 0.0
P 170 11.10 26.50 1 1 0.5 0.8 0.0 0.5
P 171 7.64 20.24 2 2 0.2 0.0 0.2 1.0
P 172 10.49 47.67 1 2 0.0 0.2 1.0 1.0
P 173 7.21 34.36 3 2 0.0 0.2 0.8 0.5
P 174 9.90 33.58 3 1 0.2 0.8 0.8 0.2
P 175 9.43 52.10 3 2 0.2 1.0 0.8 0.8
P 176 11.51 28.94 1 1 0.5 0.0 1.0 0.5
P 177 13.41 31.99 1 1 0.5 0.5 1.0 1.0
P 178 14.42 46.79 2 1 0.8 0.0 0.2 1.0
P 179 13.33 36.15 3 2 0.8 0.2 0.2 0.0
P 180 5.64 28.95 3 2 1.0 1.0 0.5 1.0
P 181 14.98 58.42 2 2 0.2 0.5 0.8 0.5
P 182 14.85 38.22 3 2 1.0 0.5 0.0 0.5
P 183 6.76 22.56 3 1 0.0 1.0 0.2 0.8
P 184 9.84 21.14 2 1 0.8 0.5 0.8 1.0
P 185 5.87 45.43 3 1 0.8 1.0 1.0 0.8
P 186 7.94 34.33 1 1 0.2 0.5 1.0 0.5
P 187 12.05 49.73 3 2 0.0 1.0 0.2 0.5
P 188 10.52 57.12 3 2 0.5 0.2 0.2 1.0
P 189 6.05 32.53 1 2 0.8 0.0 1.0 0.5
P 190 11.31 47.90 3 1 0.2 0.0 0.5 0.0
P 191 6.46 45.60 1 2 0.2 1.0 0.2 0.0
P 192 7.26 21.25 2 1 0.0 1.0 1.0 0.5
P 193 13.96 58.34 3 2 0.2 0.0 0.0 0.5
P 194 6.27 33.79 3 1 0.5 0.8 0.8 0.8
P 195 6.82 39.07 3 2 0.8 0.0 1.0 1.0
P 196 6.05 33.54 3 2 1.0 0.5 0.2 0.8
P 197 15.00 26.22 2 2 0.0 1.0 0.5 1.0
P 198 12.21 49.79 2 1 1.0 0.5 0.0 0.8
P 199 9.06 27.22 1 1 0.5 0.5 0.5 1.0
P 200 12.28 51.46 2 1 0.8 0.8 0.2 1.0
P 201 12.42 48.94 3 2 0.5 0.0 0.8 0.0
P 202 9.43 52.24 3 2 1.0 0.5 0.8 0.8
P 203 7.79 34.41 2 1 0.5 0.5 1.0 0.5
P 204 13.56 48.93 1 2 0.5 0.8 0.2 0.5
P 205 13.34 52.01 3 1 0.2 0.2 0.5 0.5
P 206 9.16 45.67 3 1 0.2 0.8 0.8 0.5
P 207 5.69 24.21 2 2 1.0 1.0 0.2 0.8
P 208 14.16 44.77 2 1 0.8 0.0 0.8 0.2
P 209 6.46 45.67 1 1 1.0 0.5 1.0 0.2
P 210 12.64 18.25 3 1 0.5 0.2 0.2 0.5
P 211 14.00 33.20 2 1 0.2 0.2 0.2 0.2
P 212 10.82 45.39 1 1 1.0 1.0 0.0 0.8
P 213 5.96 30.53 1 1 0.5 0.0 0.5 0.8
P 214 8.55 38.46 2 2 1.0 0.8 0.5 0.0
P 215 7.77 48.98 1 2 0.8 0.5 0.2 0.8
P 216 13.94 53.22 3 1 0.8 1.0 0.2 0.2
P 217 13.19 21.35 1 1 1.0 0.5 0.0 0.2
P 218 11.64 19.95 3 2 1.0 0.8 0.5 0.8
P 219 11.97 34.99 3 1 1.0 1.0 0.0 1.0
P 220 13.23 51.27 1 2 0.2 1.0 0.2 1.0
P 221 8.50 31.91 3 2 0.2 1.0 0.5 1.0
P 222 9.92 16.93 1 1 1.0 1.0 0.0 0.5
P 223 13.50 38.09 2 1 0.2 0.8 0.2 0.2
P 224 6.43 12.29 3 2 0.5 0.0 0.5 0.5
P 225 11.66 37.73 2 2 0.0 0.2 0.2 0.0
P 226 13.32 56.93 2 2 1.0 1.0 0.0 0.2
P 227 5.73 27.74 1 1 0.0 0.8 1.0 1.0
P 228 9.20 38.73 3 2 0.2 0.5 0.5 0.5
P 229 9.57 55.92 1 1 0.5 0.2 0.0 0.0
P 230 7.03 48.61 2 2 0.8 0.0 0.0 1.0
P 231 11.70 51.92 2 1 1.0 1.0 0.0 0.2
P 232 11.73 51.97 3 1 0.2 0.5 0.5 1.0
P 233 12.18 40.96 1 2 0.8 0.2 0.5 0.0
P 234 10.42 53.08 2 2 0.2 1.0 1.0 0.8
P 235 13.57 39.87 3 2 1.0 1.0 0.0 0.0
P 236 7.33 19.72 3 2 0.5 1.0 0.2 1.0
P 237 12.92 32.43 1 2 1.0 0.5 0.8 0.0
P 238 13.82 36.63 3 2 0.2 0.2 1.0 0.5
P 239 14.12 23.15 2 1 0.0 1.0 0.8 1.0
P 240 8.33 47.38 1 2 0.5 0.0 0.5 0.2
P 241 8.30 39.08 2 1 0.8 0.8 0.0 0.5
P 242 5.49 47.42 2 1 0.8 0.8 0.5 0.5
P 243 12.81 25.43 1 2 0.5 1.0 0.8 0.0
P 244 5.81 34.76 3 1 0.8 0.8 0.0 0.0
P 245 5.69 32.68 3 2 1.0 0.8 1.0 0.5
P 246 12.75 38.11 2 2 0.5 0.8 1.0 0.0
P 247 12.43 51.73 3 2 0.5 0.8 0.0 0.5
P 248 9.04 37.27 3 1 0.8 0.2 0.5 0.8
P 249 14.74 44.12 2 2 0.0 0.2 1.0 0.8
P 250 14.46 55.44 1 1 0.8 0.2 0.0 0.5
P 251 8.38 40.62 3 1 0.2 0.0 1.0 0.5
P 252 9.37 33.04 3 2 1.0 0.5 0.0 0.5
P 253 6.43 46.74 2 1 0.5 0.0 0.8 0.8
P 254 7.94 52.23 1 1 0.8 0.2 1.0 0.8
P 255 11.32 51.68 3 1 0.0 0.8 0.0 0.2
P 256 9.25 26.01 1 1 1.0 0.2 0.0 0.2
P 257 9.14 43.69 3 1 1.0 0.8 0.2 0.5
P 258 12.97 40.35 3 1 1.0 0.5 1.0 0.2
P 259 6.11 12.22 1 2 0.0 0.8 0.8 1.0
P 260 8.80 56.53 3 2 0.8 0.5 0.8 0.5
P 261 11.18 57.55 2 1 0.2 0.5 1.0 0.2
P 262 10.50 24.71 3 1 0.2 0.2 0.5 0.2
P 263 11.72 56.22 1 1 0.5 1.0 0.8 0.8
P 264 11.59 32.46 1 2 0.0 0.8 0.0 0.8
P 265 6.93 36.52 1 2 0.2 1.0 0.8 0.8
P 266 11.91 54.57 1 2 0.0 1.0 1.0 0.2
P 267 11.41 38.04 3 2 0.5 0.5 0.2 0.5
P 268 14.55 54.14 2 1 0.0 1.0 0.5 1.0
P 269 11.97 22.47 1 2 0.0 1.0 0.5 0.5
P 270 6.54 55.52 2 2 0.8 0.8 1.0 0.2
P 271 7.14 22.02 1 2 0.2 0.8 0.8 0.8
P 272 12.04 22.76 2 1 1.0 0.2 0.5 1.0
P 273 14.88 25.45 2 1 0.5 0.0 1.0 0.0
P 274 11.45 52.78 1 1 0.8 0.8 0.2 1.0
P 275 14.79 60.25 2 1 0.0 0.0 0.0 0.2
P 276 8.98 19.15 3 2 0.2 0.8 0.2 0.5
P 277 8.13 20.86 3 2 0.2 0.2 0.2 0.2
P 278 11.80 38.49 2 2 0.0 0.8 0.5 0.0
P 279 5.98 53.44 3 1 1.0 0.0 0.0 0.5
P 280 14.65 43.03 2 1 1.0 0.5 1.0 1.0
P 281 5.63 49.44 3 2 0.8 0.5 0.0 0.5
P 282 11.08 46.47 1 2 0.8 0.8 0.8 0.5
P 283 11.21 58.16 1 1 0.8 0.5 1.0 0.0
P 284 12.65 39.28 3 2 0.8 0.8 0.5 0.5
P 285 8.27 40.21 2 2 1.0 0.8 0.0 1.0
P 286 13.26 20.65 3 2 0.5 0.8 0.5 1.0
P 287 6.04 29.28 1 2 0.5 0.0 0.8 0.2
P 288 6.56 28.03 2 1 1.0 0.8 0.2 0.5
P 289 9.01 20.43 1 2 0.0 0.5 0.0 0.2
P 290 6.94 39.39 1 2 0.2 0.5 1.0 0.5
P 291 6.44 46.74 3 1 0.8 0.8 0.0 0.0
P 292 14.69 64.00 2 2 0.5 0.0 1.0 1.0
P 293 12.81 43.94 1 2 0.0 0.0 0.5 0.0
P 294 5.20 28.54 2 1 0.8 0.0 0.2 0.2
P 295 10.20 57.60 2 1 0.8 0.2 1.0 0.8
P 296 5.42 43.06 1 2 0.8 0.2 1.0 0.0
P 297 11.84 34.43 1 2 0.2 0.2 0.8 0.2
P 298 13.95 49.90 1 1 0.2 1.0 0.2 0.5
P 299 6.50 38.31 3 2 0.2 0.0 0.0 0.0
P 300 5.26 23.05 1 2 0.5 0.0 0.8 0.0
P 301 9.84 25.99 3 1 0.5 0.5 0.2 1.0
P 302 5.40 42.34 1 2 0.0 1.0 0.5 0.8
P 303 12.72 51.70 3 1 0.2 0.0 0.0 0.2
P 304 10.12 57.14 1 1 0.8 0.0 1.0 0.8
P 305 7.53 51.37 3 2 0.8 0.8 0.8 0.0
P 306 7.26 12.76 3 2 0.2 0.0 0.0 0.8
P 307 8.54 20.80 2 2 0.8 1.0 1.0 0.8
P 308 10.71 18.99 3 2 1.0 0.8 0.5 1.0
P 309 12.00 46.95 3 1 0.8 0.5 0.0 0.5
P 310 6.47 40.08 3 2 0.2 0.2 0.8 0.5
P 311 5.95 44.98 2 2 1.0 0.8 0.2 0.2
P 312 6.57 16.43 1 1 0.5 0.5 0.5 0.8
P 313 12.80 62.02 3 1 0.2 0.8 0.5 0.5
P 314 11.95 34.28 2 1 1.0 0.8 0.2 0.5
P 315 11.73 48.56 1 1 0.0 1.0 0.5 1.0
P 316 10.37 22.42 3 2 0.0 1.0 0.5 0.8
P 317 14.14 21.92 3 2 0.5 0.8 0.8 0.8
P 318 8.53 52.71 3 1 1.0 0.5 0.0 0.2
P 319 14.10 48.72 2 1 0.5 0.0 0.0 0.5
P 320 12.12 40.74 1 2 1.0 0.8 0.5 0.5
P 321 8.18 24.97 1 1 0.0 0.8 0.0 0.0
P 322 12.40 21.17 1 2 1.0 0.8 0.5 0.8
P 323 11.03 54.05 1 1 0.2 0.5 0.5 0.5
P 324 12.17 62.03 3 1 0.5 1.0 0.0 0.2
P 325 11.02 25.96 2 1 0.8 0.5 0.2 0.2
P 326 12.33 23.63 3 1 0.2 0.8 1.0 0.2
P 327 13.90 20.15 1 2 0.2 0.5 0.5 0.5
P 328 8.34 27.63 3 1 0.8 0.0 0.5 1.0
P 329 11.20 28.07 3 2 0.2 1.0 0.0 0.0
P 330 11.05 47.11 2 1 0.0 0.2 1.0 0.8
P 331 5.12 24.40 1 1 0.2 0.8 0.8 1.0
P 332 11.87 46.86 2 1 0.2 0.2 0.5 0.8
P 333 12.15 41.96 1 2 1.0 0.5 1.0 0.5
P 334 13.46 36.63 3 1 0.5 0.8 0.5 0.0
P 335 14.05 53.01 2 2 0.0 0.0 0.0 0.8
P 336 7.07 17.59 1 1 0.5 0.5 0.8 0.2
P 337 6.13 21.16 1 2 0.8 0.5 0.2 0.8
P 338 14.88 33.95 3 2 0.8 0.5 1.0 0.8
P 339 8.13 35.22 2 1 0.0 1.0 0.0 1.0
P 340 6.38 12.64 3 1 0.8 0.2 0.5 0.0
P 341 7.53 57.05 2 2 0.2 0.0 0.2 0.0
P 342 14.25 22.97 2 2 0.0 0.0 0.2 0.2
P 343 13.26 29.21 2 1 0.2 1.0 0.2 0.8
P 344 13.72 40.39 2 1 0.0 1.0 0.0 1.0
P 345 11.82 20.95 1 1 0.0 0.5 0.5 0.8
P 346 13.71 47.30 1 2 0.0 1.0 1.0 0.5
P 347 11.24 17.97 1 1 1.0 0.8 0.0 0.5
P 348 10.97 43.00 2 2 0.0 0.8 0.5 1.0
P 349 9.69 39.13 3 2 0.8 1.0 1.0 0.5
P 350 7.59 27.09 1 2 0.8 0.5 0.2 0.8
P 351 11.32 43.72 1 2 1.0 0.8 1.0 0.8
P 352 8.83 27.75 3 2 1.0 1.0 0.8 0.5
P 353 8.12 21.58 3 2 0.2 0.0 0.5 0.0
P 354 7.80 57.00 1 1 0.5 0.2 1.0 0.2
P 355 10.46 44.34 3 1 0.2 0.2 0.8 0.5
P 356 9.94 26.53 3 1 0.5 1.0 0.5 0.8
P 357 6.77 31.88 1 1 1.0 0.0 0.5 0.8
P 358 7.24 50.78 2 1 0.8 0.2 0.0 1.0
P 359 9.03 45.71 3 2 0.5 1.0 0.0 0.8
P 360 13.28 40.72 1 1 1.0 1.0 0.5 0.8
P 361 10.34 43.59 2 1 0.5 0.2 0.8 0.2
P 362 10.24 33.33 3 1 0.0 0.5 0.0 0.2
P 363 10.01 33.57 3 2 1.0 0.2 0.5 0.8
P 364 11.08 33.12 1 2 1.0 0.8 0.8 0.0
P 365 5.70 17.81 1 2 0.8 0.5 0.8 0.0
P 366 7.13 21.23 1 1 0.8 0.2 1.0 0.2
P 367 13.86 57.67 2 1 0.2 0.8 0.2 1.0
P 368 11.75 55.58 1 2 1.0 0.0 0.0 1.0
P 369 10.85 44.17 1 2 0.8 1.0 0.5 0.5
P 370 11.88 35.06 1 1 1.0 1.0 0.2 0.8
P 371 10.26 22.15 2 1 0.5 0.2 1.0 0.8
P 372 14.43 38.20 1 1 0.5 0.8 0.8 1.0
P 373 7.65 15.08 1 1 1.0 0.0 0.5 0.5
P 374 9.39 44.01 2 2 0.8 0.8 0.8 1.0
P 375 9.42 48.86 2 1 1.0 0.2 0.2 0.5
P 376 8.77 46.76 3 1 1.0 0.2 1.0 0.8
P 377 11.18 39.06 2 1 1.0 0.8 0.8 0.2
P 378 7.80 52.50 3 2 0.2 0.2 0.2 0.0
P 379 8.51 49.77 1 2 0.2 0.0 1.0 0.8
P 380 12.80 54.50 2 1 0.0 0.8 0.8 0.5
P 381 14.55 27.60 2 1 0.2 0.5 0.8 0.5
P 382 14.44 21.70 3 1 0.8 0.0 0.8 1.0
P 383 14.29 50.13 2 1 1.0 0.5 0.5 0.8
P 384 8.17 24.06 1 2 0.8 1.0 0.2 0.0
P 385 6.40 45.12 3 2 0.0 0.2 0.8 1.0
P 386 13.30 38.34 1 1 1.0 0.5 0.0 1.0
P 387 14.92 40.41 1 2 1.0 0.2 0.2 0.5
P 388 11.75 31.47 2 1 0.8 1.0 0.8 1.0
P 389 12.12 24.56 2 2 0.2 0.8 0.8 0.8
P 390 12.39 38.84 1 2 0.8 0.2 0.5 0.0
P 391 9.45 23.31 3 2 1.0 0.8 0.0 0.5
P 392 11.81 55.30 1 2 1.0 0.8 0.5 0.0
P 393 10.63 19.43 2 1 1.0 0.5 0.5 0.5
P 394 10.23 46.55 3 1 0.8 0.2 0.2 1.0
P 395 7.32 51.31 1 2 0.5 0.2 0.2 0.5
P 396 8.17 41.09 3 1 0.2 0.8 0.2 0.2
P 397 14.04 60.37 3 1 0.5 1.0 0.2 0.5
P 398 12.71 37.17 1 1 0.2 0.5 0.5 1.0
P 399 11.31 58.53 3 2 0.8 1.0 0.8 0.2
P 400 14.89 31.06 2 1 0.5 0.0 0.5 0.8
P 401 5.54 32.98 1 2 0.0 0.2 0.8 0.0
P 402 10.78 47.32 3 2 0.0 1.0 1.0 1.0
P 403 13.68 28.97 1 2 0.5 1.0 0.2 0.8
P 404 13.18 39.96 3 2 0.5 0.0 1.0 0.0
P 405 10.19 37.52 2 2 1.0 0.5 0.5 0.2
P 406 10.46 59.44 3 1 0.2 0.8 0.2 0.8
P 407 11.41 54.75 3 2 1.0 1.0 0.2 0.8
P 408 6.57 33.86 3 2 0.0 1.0 1.0 0.8
P 409 8.67 17.69 1 1 0.5 0.2 0.0 0.8
P 410 8.30 55.32 2 2 1.0 0.2 0.0 0.0
P 411 6.50 47.64 1 2 0.5 1.0 1.0 0.5
P 412 11.22 33.79 3 1 0.8 0.0 0.5 0.5
P 413 14.67 51.61 2 2 1.0 0.5 0.2 0.8
P 414 11.98 39.23 2 2 1.0 0.2 0.2 1.0
P 415 10.13 59.02 1 2 1.0 0.0 1.0 0.5
P 416 12.40 28.73 2 1 0.0 1.0 0.2 0.8
P 417 12.52 50.07 1 2 0.0 0.8 0.0 0.2
P 418 13.61 28.30 3 1 0.8 0.5 0.8 0.2
P 419 9.82 24.21 1 2 0.5 0.5 0.5 0.2
P 420 5.35 41.60 3 2 1.0 0.5 0.0 0.2
P 421 7.47 21.22 2 2 0.2 1.0 0.0 0.0
P 422 10.75 18.76 2 1 1.0 0.0 1.0 0.2
P 423 9.88 44.60 2 2 1.0 1.0 0.2 0.0
P 424 5.91 40.91 1 2 0.0 0.2 0.0 0.0
P 425 7.34 37.45 2 2 0.2 0.2 1.0 0.5
P 426 5.66 48.26 1 1 0.5 0.5 0.5 0.2
P 427 7.82 37.29 2 2 1.0 1.0 1.0 0.2
P 428 9.07 42.67 2 2 0.5 0.5 0.5 0.0
P 429 14.81 25.46 3 2 0.8 1.0 0.8 1.0
P 430 7.64 56.22 1 1 0.5 0.8 0.8 1.0
P 431 6.60 30.71 2 2 0.2 1.0 0.0 0.8
P 432 6.48 23.04 2 2 0.8 0.2 0.8 0.0
P 433 5.96 42.09 2 2 0.5 0.5 0.8 0.5
P 434 6.56 41.25 1 2 1.0 0.0 0.2 0.5
P 435 13.54 23.17 1 1 0.0 0.0 0.2 0.2
P 436 11.40 47.45 2 2 0.2 0.5 0.2 1.0
P 437 8.47 18.22 1 1 0.5 1.0 0.2 0.8
P 438 13.64 23.68 2 1 0.5 0.2 0.8 0.0
P 439 12.74 28.89 2 1 0.8 1.0 0.8 0.5
P 440 13.42 28.44 1 2 0.2 0.8 1.0 1.0
P 441 14.87 45.92 2 1 0.2 0.0 0.8 0.0
P 442 7.97 27.79 1 2 0.5 0.2 0.2 0.0
P 443 6.55 34.42 1 2 0.5 0.0 0.8 0.2
P 444 6.74 54.66 3 2 1.0 0.8 0.2 0.5
P 445 13.36 36.60 3 2 0.0 0.5 0.2 1.0
P 446 13.51 40.19 2 1 0.0 0.0 1.0 0.2
P 447 11.14 17.44 3 1 0.8 1.0 0.2 0.8
P 448 6.01 34.06 1 2 0.5 1.0 1.0 0.0
P 449 14.53 24.25 1 2 0.5 1.0 0.8 0.8
P 450 7.83 32.29 2 1 0.0 1.0 1.0 0.5
P 451 8.00 45.63 3 2 0.8 1.0 0.2 0.8
P 452 6.34 14.75 3 1 0.8 0.0 0.8 0.0
P 453 11.32 35.55 1 1 1.0 0.8 0.0 0.5
P 454 11.39 28.74 1 1 0.0 0.2 0.2 0.8
P 455 13.28 40.43 3 1 0.5 0.5 0.0 0.5
P 456 10.86 23.60 2 2 0.5 0.2 0.5 0.8
P 457 6.16 55.26 1 2 0.2 0.8 1.0 1.0
P 458 11.68 39.72 1 1 0.0 0.8 0.2 0.8
P 459 7.62 28.21 3 1 1.0 0.8 0.5 0.5
P 460 12.00 53.50 2 2 1.0 0.2 0.5 0.8
P 461 5.36 20.97 3 2 0.8 0.8 1.0 1.0
P 462 11.30 43.20 1 2 1.0 0.5 0.2 1.0
P 463 10.58 51.63 2 1 0.5 0.2 0.0 0.8
P 464 11.40 19.44 2 1 0.8 0.5 0.5 0.2
P 465 10.21 29.66 3 2 0.0 0.5 0.0 0.2
P 466 14.82 47.50 3 2 0.8 0.2 0.8 0.0
P 467 10.46 32.26 2 1 0.0 1.0 0.2 0.5
P 468 13.28 28.69 2 2 0.0 0.8 0.8 1.0
P 469 7.56 13.25 1 1 0.2 0.0 0.0 0.8
P 470 10.49 39.72 2 2 1.0 0.8 0.5 0.8
P 471 5.95 12.49 2 2 0.2 0.5 1.0 1.0
P 472 8.41 20.33 3 2 0.5 0.8 1.0 0.0
P 473 11.79 35.57 2 2 0.8 1.0 0.5 0.5
P 474 14.58 35.32 1 2 0.5 1.0 0.5 0.2
P 475 8.22 38.75 1 1 0.8 1.0 0.5 0.8
P 476 13.59 48.50 3 1 1.0 1.0 0.8 1.0
P 477 13.00 61.09 3 1 0.2 0.0 0.2 0.5
P 478 13.92 20.24 2 2 0.5 0.0 0.8 0.2
P 479 11.11 55.51 3 1 0.0 0.8 0.5 1.0
P 480 9.04 40.19 3 1 0.0 0.8 0.5 0.5
P 481 11.39 19.10 3 1 0.8 0.5 1.0 1.0
P 482 8.29 50.52 1 1 0.8 0.8 0.5 1.0
P 483 8.90 52.87 3 1 0.0 0.0 0.2 0.2
P 484 11.27 38.39 1 2 0.8 0.2 0.2 0.0
P 485 8.10 22.91 3 1 0.8 0.0 0.5 0.5
P 486 9.47 28.24 1 1 1.0 0.2 0.8 1.0
P 487 6.07 27.46 2 1 1.0 1.0 0.5 0.0
P 488 10.72 48.54 3 1 0.5 1.0 0.2 0.0
P 489 12.64 30.36 2 1 0.8 0.0 0.5 0.5
P 490 9.55 50.74 2 2 0.5 0.2 1.0 1.0
P 491 12.35 28.83 2 1 0.0 0.2 0.5 1.0
P 492 10.13 49.03 3 2 1.0 0.2 0.0 0.8
P 493 12.10 57.73 3 1 1.0 1.0 1.0 0.5
P 494 14.43 57.37 3 1 0.2 0.5 0.0 1.0
P 495 9.79 42.08 2 1 1.0 1.0 1.0 1.0
P 496 12.08 21.74 1 1 0.0 0.5 0.5 0.2
P 497 9.07 29.14 3 1 1.0 0.0 0.2 0.5
P 498 9.18 40.50 3 1 1.0 1.0 0.2 0.2
P 499 12.31 34.81 2 2 0.2 0.2 1.0 0.8
P 500 13.09 46.86 1 2 0.2 0.2 0.5 0.8
P 501 7.12 51.02 2 1 0.2 0.8 1.0 0.2
P 502 11.06 38.61 3 1 0.0 1.0 0.0 0.8
P 503 10.52 51.18 2 1 1.0 0.2 0.0 0.8
P 504 5.64 46.31 3 2 1.0 0.0 0.8 0.5
P 505 13.77 33.94 3 2 0.0 0.2 1.0 0.0
P 506 11.92 17.57 3 2 1.0 0.2 1.0 0.2
P 507 14.45 34.63 1 1 0.0 1.0 0.2 1.0
P 508 14.66 25.89 1 1 0.5 0.0 0.8 0.2
P 509 10.25 49.06 1 1 0.2 0.8 1.0 0.0
P 510 14.28 63.92 2 1 0.2 0.0 0.5 0.2
P 511 6.47 54.90 2 2 0.5 0.0 0.8 0.0
P 512 14.74 23.68 1 1 0.8 0.5 0.8 1.0
S 1 5 1 3 9.92 277 404 390 83 384
S 2 8 3 6 9.91 166 103 262 266 150 125 467 500
S 3 6 2 6 1.15 140 485 156 320 164 382
S 4 6 3 6 4.51 506 217 377 244 52 100
S 5 10 2 10 4.90 207 399 494 265 178 346 434 472 80 22
