B 7773.03
W 0.22 0.27 0.29 0.22
A 1 2254.18 4197.44
A 2 1399.15 4897.01
A 3 932.76 2098.72
R 1 1943.26 3186.94
R 2 3031.48 7228.92
P 1 6.53 28.79 3 2 0.2 1.0 0.5 0.5
P 2 12.30 17.67 3 2 1.0 0.2 0.0 1.0
P 3 10.35 22.09 3 1 0.2 0.0 0.2 0.8
P 4 7.37 46.18 2 1 0.5 0.5 0.8 0.0
P 5 12.09 52.34 2 1 0.2 0.8 0.5 0.5
P 6 8.99 17.82 3 1 0.0 0.5 0.0 0.2
P 7 8.66 18.08 2 1 0.0 0.0 1.0 0.8
P 8 7.15 41.76 3 1 1.0 1.0 0.5 0.5
P 9 12.46 55.82 1 2 0.8 1.0 1.0 0.0
P 10 14.09 38.27 2 2 0.8 0.2 0.0 1.0
P 11 13.10 31.53 2 1 0.0 0.2 0.8 0.8
P 12 7.21 38.49 2 2 0.2 0.0 0.0 0.0
P 13 14.40 32.34 1 2 0.0 1.0 0.2 0.8
P 14 9.64 32.92 3 2 0.8 0.2 0.0 0.5
P 15 5.65 34.00 3 1 0.2 1.0 0.5 0.0
P 16 12.60 57.76 1 2 1.0 0.0 0.8 0.8
P 17 10.30 44.41 1 1 0.8 1.0 1.0 0.0
P 18 13.57 54.70 3 1 0.8 0.2 1.0 0.0
P 19 12.99 49.17 2 1 1.0 0.8 0.0 0.5
P 20 12.91 43.29 2 1 0.8 0.8 0.0 0.0
P 21 12.23 52.76 3 2 0.5 1.0 0.2 0.8
P 22 11.71 61.44 2 2 0.5 0.8 0.0 0.5
P 23 11.72 51.08 2 1 0.5 1.0 0.2 0.2
P 24 6.36 39.87 3 2 0.0 0.0 0.8 0.0
P 25 13.20 28.49 1 2 0.5 0.2 0.8 0.5
P 26 6.11 12.66 1 2 1.0 0.0 0.0 0.2
P 27 12.73 33.98 2 2 0.5 0.0 0.5 0.0
P 28 5.95 16.98 1 2 0.8 0.5 0.2 1.0
P 29 9.59 42.00 3 1 0.8 0.5 0.8 0.8
P 30 7.28 41.83 2 2 0.2 1.0 0.2 0.2
P 31 13.33 48.91 2 2 0.0 0.0 0.8 0.0
P 32 7.16 50.86 2 2 0.2 0.0 1.0 1.0
P 33 11.18 22.52 2 1 1.0 0.2 0.5 0.5
P 34 5.95 37.30 1 2 0.2 0.5 0.2 0.2
P 35 6.60 55.60 2 1 0.8 0.8 0.0 1.0
P 36 12.59 34.32 3 1 0.5 0.2 0.2 0.8
P 37 13.60 49.02 3 2 0.8 0.5 0.8 0.2
P 38 9.39 19.34 3 2 0.8 0.5 0.8 0.2
P 39 11.37 20.69 1 2 1.0 0.0 0.2 0.5
P 40 14.59 19.60 3 1 1.0 1.0 0.2 0.2
P 41 8.10 34.16 3 2 0.0 0.2 0.0 1.0
P 42 7.36 19.29 3 1 0.5 0.8 0.5 0.0
P 43 8.24 28.32 3 2 1.0 0.0 0.8 1.0
P 44 7.16 51.18 3 2 0.5 0.8 0.2 1.0
P 45 14.76 33.77 2 2 1.0 1.0 0.0 0.5
P 46 10.57 59.22 2 2 0.0 0.0 0.8 0.5
P 47 8.42 13.73 3 2 0.2 0.5 1.0 0.5
P 48 11.51 30.90 3 2 1.0 0.5 0.5 0.0
P 49 10.15 56.97 2 2 0.2 0.8 0.8 0.5
P 50 12.56 45.49 3 2 0.8 0.8 0.5 0.8
P 51 9.73 56.85 1 2 1.0 0.8 0.2 0.8
P 52 10.67 42.24 3 2 0.8 1.0 1.0 0.5
P 53 6.94 50.04 2 2 1.0 1.0 1.0 1.0
P 54 14.14 37.51 1 2 0.8 0.2 0.5 0.0
P 55 7.75 21.34 1 1 0.2 0.0 0.8 0.0
P 56 14.63 19.93 1 2 0.5 0.0 0.5 0.0
P 57 9.22 51.77 3 1 0.2 0.8 1.0 0.8
P 58 12.54 47.66 3 1 0.8 0.0 0.5 0.2
P 59 12.35 20.73 1 2 0.2 0.2 0.5 1.0
P 60 12.38 35.35 2 2 0.2 1.0 1.0 0.8
P 61 11.38 32.34 2 1 0.5 0.5 1.0 0.0
P 62 8.82 51.61 2 2 1.0 0.0 0.8 0.8
P 63 12.24 57.85 3 2 0.0 0.8 0.2 0.8
P 64 11.51 36.69 3 1 0.8 0.5 0.8 1.0
P 65 5.83 27.01 3 1 0.2 1.0 0.5 1.0
P 66 9.27 22.17 3 2 0.2 0.0 0.5 0.0
P 67 7.89 40.37 3 1 1.0 0.0 0.5 0.8
P 68 10.65 17.60 1 1 0.5 0.0 0.8 1.0
P 69 8.02 14.84 2 2 1.0 0.5 1.0 0.8
P 70 12.31 27.03 2 1 0.5 0.8 0.8 0.8
P 71 10.67 41.60 1 2 0.8 0.8 0.2 0.5
P 72 5.31 12.47 1 1 0.8 0.8 0.5 1.0
P 73 9.79 43.95 3 2 0.5 0.0 0.8 0.5
P 74 11.75 30.19 3 1 0.0 1.0 1.0 1.0
P 75 11.91 57.42 1 1 0.0 0.0 1.0 0.2
P 76 13.72 46.14 3 2 0.0 0.8 0.2 0.0
P 77 11.77 22.40 3 1 0.5 0.8 1.0 0.2
P 78 6.97 13.98 3 1 0.8 0.2 0.2 0.5
P 79 6.98 27.84 1 2 0.8 1.0 0.5 0.0
P 80 11.42 35.10 2 2 1.0 1.0 1.0 1.0
P 81 14.56 42.58 3 1 0.5 1.0 1.0 0.2
P 82 12.90 49.61 3 2 0.0 0.5 0.0 0.8
P 83 6.13 44.35 1 2 1.0 0.8 0.8 0.8
P 84 10.15 35.07 2 1 0.2 0.5 0.0 0.8
P 85 9.21 15.91 1 2 0.0 0.5 0.2 0.0
P 86 14.26 41.45 1 1 0.8 0.0 0.2 1.0
P 87 5.47 44.03 1 1 0.0 0.0 1.0 0.5
P 88 11.58 21.09 1 1 0.2 1.0 0.0 0.2
P 89 5.31 21.49 3 2 1.0 0.8 0.5 0.5
P 90 8.99 50.40 1 2 0.0 0.0 1.0 0.0
P 91 9.08 49.07 3 1 0.0 1.0 1.0 1.0
P 92 13.46 31.00 2 1 0.0 0.8 0.2 0.8
P 93 6.59 23.52 3 1 0.5 0.0 0.8 0.0
P 94 8.00 45.63 1 1 0.0 0.8 1.0 1.0
P 95 8.89 18.66 3 1 0.8 0.8 0.0 0.2
P 96 7.22 48.35 2 2 1.0 0.2 0.5 0.2
P 97 10.15 57.42 2 1 0.8 0.5 0.8 0.8
P 98 6.68 41.46 2 2 0.0 1.0 0.5 0.2
P 99 14.84 48.99 1 2 0.2 1.0 0.8 0.2
P 100 6.95 32.88 2 1 0.8 0.8 0.2 0.2
P 101 9.63 55.45 3 2 1.0 0.0 0.5 0.2
P 102 10.42 17.99 2 2 0.5 1.0 1.0 1.0
P 103 9.87 28.93 1 1 0.0 0.0 0.5 0.5
P 104 12.00 50.80 1 1 0.2 1.0 0.0 0.2
P 105 10.53 19.40 3 2 0.0 1.0 0.0 1.0
P 106 8.46 43.47 2 1 0.2 1.0 0.8 0.2
P 107 11.63 50.09 1 2 0.0 0.8 0.2 0.8
P 108 13.78 44.01 3 2 0.2 0.5 0.2 0.8
P 109 7.82 20.56 2 2 1.0 0.2 0.2 0.5
P 110 10.08 16.69 1 2 1.0 0.0 1.0 0.0
P 111 14.79 59.63 3 2 0.8 0.5 0.8 0.2
P 112 13.63 62.02 3 1 0.0 0.8 0.8 0.2
P 113 14.85 46.99 1 2 0.2 0.8 0.0 0.5
P 114 13.76 41.10 3 2 0.5 0.2 1.0 0.0
P 115 14.23 55.56 3 1 1.0 0.0 0.0 0.0
P 116 5.62 27.84 2 2 0.8 0.2 0.0 0.0
P 117 13.76 55.13 3 2 0.2 0.0 0.5 0.8
P 118 13.42 59.30 3 1 1.0 0.2 0.0 0.8
P 119 12.52 29.44 3 1 0.0 0.5 0.5 0.8
P 120 10.62 43.36 2 2 0.0 1.0 0.0 0.8
P 121 9.37 33.94 1 2 1.0 1.0 0.5 0.2
P 122 10.30 50.35 2 2 1.0 0.5 0.2 0.5
P 123 14.15 28.14 2 1 0.8 0.2 0.0 1.0
P 124 8.23 55.17 1 1 0.5 0.0 0.8 1.0
P 125 7.93 40.64 1 1 0.2 0.8 0.0 0.5
P 126 14.39 25.03 1 2 0.8 0.0 0.0 0.2
P 127 5.45 23.63 2 1 0.2 0.0 0.2 0.0
P 128 14.54 25.32 3 2 1.0 0.0 0.0 0.0
P 129 6.08 20.35 1 2 0.5 0.5 0.0 1.0
P 130 12.40 24.67 1 1 0.5 0.0 0.0 1.0
P 131 11.37 34.61 2 1 0.8 0.5 0.5 0.0
P 132 10.13 19.57 3 2 0.8 0.2 0.8 0.2
P 133 13.92 29.55 3 2 0.5 1.0 0.5 1.0
P 134 8.00 55.66 3 1 0.0 0.8 0.0 1.0
P 135 5.03 21.01 3 1 0.5 0.5 0.0 0.0
P 136 8.61 28.83 1 1 0.8 0.0 1.0 0.5
P 137 6.34 48.69 2 2 0.5 0.8 0.8 0.0
P 138 6.10 36.69 2 2 0.8 0.5 0.0 0.2
P 139 5.94 37.01 1 2 0.2 1.0 0.0 0.8
P 140 14.07 19.62 1 1 1.0 0.2 0.0 0.0
P 141 10.31 18.61 2 1 1.0 0.0 0.0 0.5
P 142 5.29 24.28 3 2 0.5 1.0 0.5 1.0
P 143 9.18 22.98 2 2 0.2 0.2 0.5 0.5
P 144 9.79 47.87 2 1 0.5 0.5 0.5 0.2
P 145 14.20 20.04 1 2 0.8 0.5 0.5 1.0
P 146 12.71 58.64 2 1 0.8 0.5 0.2 0.8
P 147 10.23 42.17 2 2 1.0 1.0 0.8 0.0
P 148 11.76 19.75 2 2 1.0 0.2 0.0 1.0
P 149 10.88 56.92 1 2 1.0 1.0 0.5 0.8
P 150 6.49 22.39 1 2 0.0 0.0 1.0 0.2
P 151 5.23 48.96 1 2 0.8 1.0 0.2 0.8
P 152 8.13 43.66 2 1 1.0 0.0 0.8 0.2
P 153 7.96 57.29 1 1 0.2 0.8 0.2 0.0
P 154 14.58 25.27 3 1 0.0 0.0 0.0 0.2
P 155 9.44 55.75 2 1 0.8 1.0 1.0 0.8
P 156 7.27 37.72 1 2 0.5 0.2 0.5 0.5
P 157 9.47 37.27 1 1 1.0 0.0 1.0 0.5
P 158 10.61 48.42 2 1 0.5 1.0 1.0 0.5
P 159 14.11 62.27 2 2 0.2 0.2 0.8 0.2
P 160 10.68 56.31 3 1 0.0 0.8 1.0 0.0
P 161 10.02 51.79 3 2 1.0 0.8 0.8 0.0
P 162 6.56 16.85 3 2 0.8 0.2 0.5 0.8
P 163 14.16 43.97 1 2 1.0 0.5 1.0 0.8
P 164 8.33 36.45 1 1 0.5 0.2 0.5 0.0
P 165 8.80 36.46 1 1 0.2 1.0 0.5 0.5
P 166 9.81 56.23 1 2 0.8 0.0 0.5 0.5
P 167 6.44 21.49 1 2 1.0 0.2 0.5 0.0
P 168 10.59 24.03 2 2 0.5 1.0 0.2 1.0
P 169 10.93 45.13 1 1 0.8 0.5 0.8 1.0
P 170 11.92 47.47 3 2 0.2 0.5 0.5 0.5
P 171 12.73 36.55 3 2 0.2 1.0 0.0 0.8
P 172 8.11 52.35 1 1 1.0 1.0 0.8 0.8
P 173 10.29 57.52 2 2 0.5 0.0 0.0 0.8
P 174 5.51 34.36 2 1 1.0 0.0 0.8 1.0
P 175 13.92 57.11 2 2 0.5 0.8 0.2 0.0
P 176 7.02 46.48 1 1 0.8 0.0 0.2 1.0
P 177 12.28 25.20 3 1 0.0 0.5 0.0 0.8
P 178 9.03 28.28 3 1 0.0 0.8 0.2 0.2
P 179 7.75 30.99 3 2 0.5 1.0 0.8 0.0
P 180 14.02 46.25 3 1 1.0 0.5 0.5 0.8
P 181 12.33 26.63 2 1 1.0 0.0 0.8 0.5
P 182 13.19 55.76 2 1 0.0 1.0 0.2 0.2
P 183 11.74 55.60 2 2 0.2 0.5 0.0 0.0
P 184 8.73 21.95 3 1 0.5 1.0 0.5 0.8
P 185 11.39 46.01 1 2 0.8 0.2 1.0 0.8
P 186 12.31 26.85 1 1 0.2 0.8 0.5 0.5
P 187 11.79 59.66 1 1 0.2 0.2 0.0 0.5
P 188 8.01 37.17 3 2 0.0 1.0 0.0 0.8
P 189 5.53 42.28 2 2 0.5 0.2 1.0 0.0
P 190 5.47 12.37 1 1 0.2 1.0 0.2 0.5
P 191 13.94 21.80 3 1 0.5 0.2 0.8 0.0
P 192 5.25 28.41 1 2 1.0 0.5 1.0 0.0
P 193 6.78 50.79 1 1 0.8 0.8 0.5 0.0
P 194 10.57 25.44 3 1 0.2 0.2 0.2 0.5
P 195 10.56 22.31 2 2 0.5 0.2 0.2 0.8
P 196 12.57 35.11 1 1 0.2 0.8 0.0 0.2
P 197 6.90 46.01 2 1 0.0 0.0 1.0 1.0
P 198 13.39 18.60 2 2 0.8 0.5 0.5 1.0
P 199 9.44 45.81 2 2 0.5 0.2 0.5 0.2
P 200 7.09 41.77 2 2 0.5 0.0 0.0 1.0
P 201 8.06 43.33 2 2 0.8 1.0 0.0 1.0
P 202 11.18 41.27 1 2 0.8 0.8 1.0 1.0
P 203 13.18 33.76 3 2 0.5 0.8 0.0 1.0
P 204 5.88 27.08 1 2 0.8 1.0 1.0 0.5
P 205 12.36 33.03 2 1 0.8 1.0 1.0 0.2
P 206 12.95 40.22 2 2 0.5 0.8 0.0 1.0
P 207 14.41 32.68 1 2 0.8 0.0 0.0 0.0
P 208 5.35 40.31 2 2 0.5 0.5 0.2 0.0
P 209 9.85 35.67 1 1 1.0 1.0 0.0 0.5
P 210 11.02 44.77 3 2 0.5 0.5 0.5 0.2
P 211 11.56 30.71 2 2 0.2 1.0 1.0 0.0
P 212 12.79 43.44 2 2 0.8 0.2 0.0 1.0
P 213 10.40 54.25 1 1 0.2 0.2 0.8 0.8
P 214 6.19 27.30 1 1 0.5 0.5 0.0 0.5
P 215 14.75 40.34 1 1 0.0 0.0 1.0 0.8
P 216 11.88 45.09 3 1 1.0 0.2 0.2 0.8
P 217 9.32 18.19 3 2 0.5 0.5 1.0 0.5
P 218 8.75 48.70 1 1 0.8 0.5 0.8 0.5
P 219 9.95 40.63 1 1 0.2 0.5 0.5 1.0
P 220 5.91 17.86 3 1 0.8 0.0 0.5 0.5
P 221 8.13 49.24 1 2 0.5 0.8 1.0 1.0
P 222 5.17 22.37 1 1 0.2 0.0 0.8 0.8
P 223 13.27 57.41 1 1 0.0 0.5 0.2 0.0
P 224 7.25 25.89 3 1 0.2 1.0 0.2 0.5
P 225 14.75 44.61 3 1 0.2 0.8 0.2 0.8
P 226 6.89 13.31 3 2 0.2 0.2 1.0 0.5
P 227 6.78 54.83 2 1 0.8 1.0 1.0 0.5
P 228 9.79 38.71 3 2 0.0 1.0 0.2 1.0
P 229 8.41 49.58 1 2 0.5 0.8 0.8 1.0
P 230 6.43 43.44 3 2 0.0 0.2 1.0 0.5
P 231 9.40 41.56 1 1 1.0 1.0 1.0 0.8
P 232 6.89 54.48 1 1 1.0 0.0 1.0 1.0
P 233 8.13 20.20 1 1 0.5 0.5 0.2 0.0
P 234 10.04 30.89 1 1 1.0 1.0 0.2 0.2
P 235 5.34 41.60 3 1 0.8 0.2 1.0 0.2
P 236 12.05 46.86 3 2 0.5 1.0 0.0 0.8
P 237 14.07 59.64 1 2 1.0 1.0 0.0 0.5
P 238 14.14 56.54 3 2 0.8 0.5 1.0 0.5
P 239 9.12 28.43 3 1 0.5 1.0 0.8 0.2
P 240 12.62 26.73 2 2 0.0 0.2 0.8 0.0
P 241 13.22 20.65 3 2 0.5 0.0 0.5 0.0
P 242 13.38 51.42 1 1 0.8 0.2 0.2 0.0
P 243 13.32 37.19 2 1 0.2 0.8 0.0 0.2
P 244 8.03 24.50 2 1 1.0 1.0 0.2 0.0
P 245 8.82 57.16 2 2 1.0 1.0 0.8 0.2
P 246 8.06 47.45 1 2 0.0 0.2 0.5 0.2
P 247 10.26 53.40 1 1 0.2 0.8 0.8 0.8
P 248 13.65 48.31 1 1 0.8 0.8 1.0 0.0
P 249 10.99 20.57 3 2 0.8 1.0 1.0 0.5
P 250 12.83 59.75 2 2 0.2 0.2 0.5 0.2
P 251 12.77 19.07 2 2 0.5 0.0 0.2 0.0
P 252 7.78 40.72 1 2 0.0 0.5 0.2 0.2
P 253 6.80 26.47 2 1 0.2 0.2 0.0 0.2
P 254 14.90 20.99 2 1 0.8 0.5 1.0 0.0
P 255 13.58 29.37 3 2 0.5 0.5 0.5 1.0
P 256 6.79 49.25 1 1 0.8 0.8 0.8 1.0
P 257 10.92 41.45 3 2 0.0 0.8 0.2 1.0
P 258 14.70 56.30 2 1 0.0 1.0 0.8 0.2
P 259 9.18 18.57 2 1 0.0 0.8 0.0 0.8
P 260 14.14 35.78 2 2 0.2 0.5 1.0 0.0
P 261 12.82 47.04 3 1 0.8 0.5 0.2 0.5
P 262 11.26 44.71 3 2 0.8 1.0 0.0 1.0
P 263 5.76 52.40 2 1 0.0 0.2 0.5 0.2
P 264 9.67 36.60 3 2 0.2 1.0 0.2 0.8
P 265 8.45 42.49 1 2 1.0 0.0 0.5 1.0
P 266 10.48 24.31 1 1 0.2 1.0 0.2 1.0
P 267 12.91 44.13 3 2 1.0 1.0 1.0 0.8
P 268 8.61 31.81 3 2 0.8 0.5 0.2 1.0
P 269 10.71 38.23 2 1 0.8 0.8 0.8 0.8
P 270 5.19 25.74 2 2 0.0 1.0 1.0 0.2
P 271 10.34 40.15 1 2 1.0 0.8 0.5 0.0
P 272 8.50 31.96 3 1 1.0 0.8 0.8 0.2
P 273 14.72 57.45 3 2 0.8 0.8 0.2 0.8
P 274 11.64 21.98 1 2 0.5 0.5 0.0 1.0
P 275 5.62 10.86 2 2 0.8 0.0 0.2 0.5
P 276 8.72 56.92 1 2 0.0 0.8 0.2 0.2
P 277 11.43 34.91 2 2 0.8 0.2 0.5 0.8
P 278 12.10 40.95 3 1 1.0 0.8 1.0 0.0
P 279 8.50 45.19 3 1 0.0 0.0 0.2 1.0
P 280 13.98 57.54 2 2 0.2 1.0 0.8 0.0
P 281 6.42 55.00 3 2 0.8 1.0 0.8 0.8
P 282 14.85 31.98 1 1 1.0 0.0 0.0 1.0
P 283 14.95 50.31 3 1 0.2 0.8 1.0 0.0
P 284 14.90 48.96 3 2 0.2 1.0 0.0 0.5
P 285 13.37 19.28 2 2 1.0 0.2 0.5 0.2
P 286 9.02 54.42 1 2 1.0 0.0 0.8 0.5
P 287 10.00 56.99 2 1 0.2 0.2 1.0 0.0
P 288 9.51 21.45 1 2 0.0 0.0 0.0 0.2
P 289 12.04 37.81 2 2 0.5 0.5 0.8 0.5
P 290 7.92 37.28 3 2 0.0 0.2 0.2 0.2
P 291 8.04 50.85 3 1 0.2 1.0 0.0 0.5
P 292 10.09 17.51 3 1 0.0 1.0 1.0 0.5
P 293 13.61 54.44 3 2 0.8 0.0 0.0 0.2
P 294 13.89 48.76 1 2 0.0 1.0 0.2 0.5
P 295 14.40 26.06 1 2 0.8 0.8 0.5 0.0
P 296 5.14 19.81 2 2 0.2 1.0 0.0 1.0
P 297 13.04 29.15 2 2 1.0 1.0 1.0 1.0
P 298 6.11 50.48 2 2 0.8 0.0 0.8 0.5
P 299 10.72 37.39 1 1 1.0 1.0 0.0 0.5
P 300 12.01 54.62 1 2 0.5 0.8 0.2 0.5
P 301 13.15 46.63 2 1 0.2 0.2 0.8 0.0
P 302 6.53 42.95 2 2 0.5 0.5 0.8 0.2
P 303 14.06 58.15 2 2 0.5 1.0 1.0 0.8
P 304 5.76 43.25 2 2 0.2 0.8 0.2 0.8
P 305 13.82 40.22 1 1 0.0 0.0 0.0 0.8
P 306 10.04 46.09 1 1 0.0 1.0 0.0 1.0
P 307 8.51 33.10 2 2 0.5 0.8 0.5 0.2
P 308 10.19 51.23 3 1 0.5 0.8 0.5 0.8
P 309 6.83 20.09 3 1 0.8 0.5 0.2 0.2
P 310 7.15 22.82 3 1 0.2 0.2 0.0 1.0
P 311 13.69 36.84 3 1 0.8 1.0 0.5 0.2
P 312 11.05 33.91 2 2 0.0 0.8 0.8 0.5
P 313 8.26 39.99 3 1 0.8 0.8 0.2 0.0
P 314 14.03 31.40 2 2 1.0 0.0 0.5 0.2
P 315 9.04 39.91 3 2 0.0 1.0 0.2 0.2
P 316 11.66 49.65 2 2 0.0 0.5 0.8 0.0
P 317 13.03 39.83 1 2 0.0 0.8 0.8 0.8
P 318 11.90 42.82 1 2 0.8 0.5 0.8 1.0
P 319 14.61 36.80 1 1 0.0 0.8 0.5 0.5
P 320 9.19 28.14 2 1 0.0 0.0 0.2 0.2
P 321 12.83 37.84 2 2 0.0 0.8 0.2 1.0
P 322 7.68 24.70 1 2 1.0 1.0 0.2 0.2
P 323 12.88 58.34 1 1 1.0 0.2 1.0 0.0
P 324 7.03 36.54 2 2 0.8 0.0 1.0 1.0
P 325 14.33 39.25 3 1 1.0 0.8 0.5 0.5
P 326 12.18 61.96 2 1 0.0 0.8 0.0 0.5
P 327 12.38 38.75 1 2 0.8 0.8 0.8 0.8
P 328 14.55 21.90 2 2 0.5 0.0 0.2 0.0
P 329 14.72 51.93 1 2 0.0 0.8 0.5 0.0
P 330 14.47 51.76 1 2 0.5 0.8 1.0 0.2
P 331 8.63 49.34 1 1 0.5 0.0 0.0 0.5
P 332 9.54 25.62 3 1 0.2 0.2 0.5 0.0
P 333 13.32 21.39 2 2 0.8 0.8 0.2 0.8
P 334 14.72 40.52 1 2 0.2 0.2 0.5 0.5
P 335 5.47 31.35 2 1 0.2 0.8 1.0 0.5
P 336 5.53 41.22 2 1 0.5 0.5 0.8 0.8
P 337 9.26 14.27 1 1 1.0 0.8 0.0 0.5
P 338 8.44 18.53 1 2 0.8 0.0 0.5 0.2
P 339 11.03 54.29 2 1 1.0 0.5 1.0 0.8
P 340 14.61 50.14 3 1 1.0 0.2 0.2 0.0
P 341 12.20 60.47 2 1 0.2 1.0 0.2 0.5
P 342 12.17 33.21 1 2 0.5 0.2 0.5 0.8
P 343 8.47 29.44 2 2 0.8 1.0 1.0 0.8
P 344 14.23 40.73 2 1 0.0 0.0 0.8 0.5
P 345 11.84 40.13 2 1 0.0 1.0 1.0 0.5
P 346 14.41 24.46 1 2 0.2 0.2 0.2 0.2
P 347 12.67 49.91 2 1 0.5 0.5 0.0 1.0
P 348 6.11 23.15 1 2 0.0 0.8 1.0 0.2
P 349 8.65 31.31 3 2 0.2 0.0 1.0 0.5
P 350 12.34 21.65 2 1 0.5 0.8 0.2 0.2
P 351 5.58 21.44 2 2 1.0 0.2 0.8 0.0
P 352 9.70 38.52 2 1 0.5 0.8 0.0 1.0
P 353 6.65 53.04 2 1 1.0 0.0 0.2 0.5
P 354 11.05 42.60 2 2 0.0 0.5 0.2 1.0
P 355 9.71 15.75 3 1 1.0 0.8 0.8 0.2
P 356 8.20 51.16 1 2 0.2 0.8 0.0 0.8
P 357 11.04 39.61 2 2 0.8 0.2 0.8 0.8
P 358 11.81 54.18 1 2 0.2 1.0 0.2 0.5
P 359 8.68 35.76 3 1 1.0 0.5 0.0 0.5
P 360 6.05 43.65 1 1 0.2 1.0 1.0 0.8
P 361 9.85 36.75 2 1 1.0 0.0 0.5 0.8
P 362 8.51 37.20 3 1 0.0 0.0 0.5 1.0
P 363 12.55 22.28 2 2 0.8 0.2 0.8 0.2
P 364 6.73 33.64 2 2 0.2 0.5 0.5 0.8
P 365 9.96 58.71 2 2 0.8 0.0 0.5 0.5
P 366 12.66 28.68 2 1 1.0 0.5 0.8 1.0
P 367 7.46 32.00 2 2 0.8 0.8 1.0 1.0
P 368 6.49 23.53 2 1 0.5 1.0 0.2 0.0
P 369 10.21 23.82 3 2 1.0 0.0 1.0 0.0
P 370 10.64 48.97 3 2 0.8 0.0 0.8 0.2
P 371 7.59 53.35 2 1 1.0 0.5 0.2 0.0
P 372 12.98 43.97 2 2 0.0 0.5 1.0 0.0
P 373 14.78 26.19 1 1 0.0 0.5 0.5 0.2
P 374 9.98 40.06 2 2 0.8 0.2 1.0 0.2
P 375 5.73 45.77 1 2 0.2 0.2 1.0 0.2
P 376 9.65 18.29 1 2 0.0 0.2 1.0 1.0
P 377 13.44 34.37 2 2 0.2 0.5 1.0 0.2
P 378 13.12 39.51 1 1 0.0 0.5 1.0 0.8
P 379 6.74 27.79 1 1 0.5 0.2 0.8 1.0
P 380 5.39 29.38 2 2 0.8 0.8 0.2 0.2
P 381 13.83 26.06 3 1 0.0 1.0 0.8 0.0
P 382 14.35 58.50 2 1 0.5 1.0 0.2 0.2
P 383 8.35 47.76 2 2 1.0 0.5 1.0 0.2
P 384 14.64 49.99 3 1 1.0 0.8 0.5 0.5
P 385 8.90 48.59 2 2 0.2 0.5 0.5 0.8
P 386 8.32 44.67 1 1 1.0 0.2 0.2 0.0
P 387 13.77 31.13 3 2 0.0 0.8 0.8 0.2
P 388 6.38 29.24 1 1 1.0 0.5 0.8 0.2
P 389 5.77 50.34 2 1 0.2 1.0 0.5 0.0
P 390 5.49 52.34 3 2 0.8 0.8 0.5 0.0
P 391 5.56 31.48 1 2 0.2 0.0 0.2 0.0
P 392 9.12 19.61 2 2 0.2 0.5 0.2 0.2
P 393 9.31 37.98 2 2 0.5 0.8 1.0 0.0
P 394 8.20 37.30 2 1 0.5 0.0 0.2 0.5
P 395 12.55 58.21 1 1 0.8 0.5 0.8 0.5
P 396 6.28 21.62 3 1 1.0 1.0 0.5 0.0
P 397 6.44 49.15 2 1 0.0 0.0 1.0 0.5
P 398 12.17 17.90 1 2 1.0 0.2 0.2 0.0
P 399 12.34 44.64 2 2 0.0 0.8 1.0 1.0
P 400 11.06 35.62 3 1 0.0 0.2 0.8 0.8
P 401 9.25 41.35 1 1 0.2 0.5 1.0 0.2
P 402 8.54 14.20 1 1 0.2 0.0 0.0 0.5
P 403 14.67 52.51 1 1 0.0 0.0 0.5 0.2
P 404 9.75 20.03 3 2 0.0 0.0 1.0 1.0
P 405 13.11 60.97 3 2 1.0 1.0 0.2 1.0
P 406 7.55 21.72 1 1 0.8 0.8 0.0 0.5
P 407 6.76 51.55 3 1 0.5 1.0 0.0 0.0
P 408 12.82 52.48 1 1 0.0 0.0 0.5 1.0
P 409 8.85 29.71 2 1 0.2 0.0 0.5 0.2
P 410 12.83 51.90 3 2 0.5 1.0 1.0 0.0
P 411 7.80 35.52 3 1 0.2 1.0 0.8 0.8
P 412 13.30 24.11 1 1 0.2 0.5 0.2 0.0
P 413 11.47 52.23 3 1 0.2 0.8 0.0 0.2
P 414 8.39 32.59 2 1 0.0 0.2 0.2 0.2
P 415 13.09 62.05 2 2 0.0 0.0 0.8 0.8
P 416 6.65 21.95 1 1 0.2 0.2 0.5 0.8
P 417 12.52 45.52 2 2 0.0 1.0 0.2 0.2
P 418 11.24 43.28 3 1 0.2 0.2 1.0 0.2
P 419 14.98 25.58 2 1 0.8 0.0 1.0 0.8
P 420 8.13 27.30 1 2 0.2 0.0 0.2 0.8
P 421 7.02 17.84 2 1 0.5 0.2 0.8 1.0
P 422 7.53 15.18 1 1 1.0 0.2 0.5 0.8
P 423 6.10 26.94 3 1 0.8 0.8 0.5 0.8
P 424 6.93 30.18 3 2 0.5 0.0 0.5 1.0
P 425 8.93 25.78 3 1 0.5 0.0 0.5 0.8
P 426 8.38 32.50 1 1 1.0 0.5 1.0 1.0
P 427 8.21 57.52 2 2 0.8 0.2 0.2 0.0
P 428 10.28 44.40 3 2 0.8 1.0 0.5 0.5
P 429 14.40 52.69 1 1 1.0 1.0 0.5 0.0
P 430 8.42 23.15 3 1 0.8 0.8 0.5 0.5
P 431 10.82 16.95 3 1 0.2 0.2 0.2 1.0
P 432 13.79 44.76 2 2 0.8 0.2 0.2 0.8
P 433 5.13 15.76 3 2 0.8 0.2 0.5 0.5
P 434 6.19 22.35 2 2 0.5 0.8 0.8 1.0
P 435 9.46 51.27 1 1 0.2 1.0 1.0 0.8
P 436 6.73 32.43 2 2 0.8 0.0 0.0 1.0
P 437 6.84 15.26 1 2 0.2 0.8 0.0 0.5
P 438 12.85 36.33 1 2 1.0 0.2 0.8 0.5
P 439 12.63 20.31 1 2 0.0 1.0 0.2 0.0
P 440 12.47 46.20 3 2 0.0 0.0 0.0 0.0
P 441 11.85 53.96 1 1 0.0 0.8 0.5 0.2
P 442 7.33 31.40 2 2 0.8 0.8 0.5 1.0
P 443 9.74 45.04 3 1 0.2 0.5 0.2 0.8
P 444 8.71 54.42 1 1 0.5 0.5 0.2 1.0
P 445 13.85 52.82 3 2 0.2 0.2 0.8 1.0
P 446 6.04 44.40 2 2 0.2 1.0 0.8 0.2
P 447 13.01 22.89 3 1 0.8 0.8 0.2 1.0
P 448 5.54 28.60 3 1 0.8 0.2 0.8 0.8
P 449 12.27 54.79 3 2 0.8 0.0 0.0 0.0
P 450 10.73 39.99 2 2 0.5 0.2 0.8 0.0
P 451 13.87 62.72 2 1 0.2 0.5 1.0 0.2
P 452 12.65 41.32 1 1 1.0 0.8 0.8 1.0
P 453 6.80 52.09 1 1 0.8 0.0 0.0 0.2
P 454 13.90 26.00 3 2 0.2 1.0 1.0 1.0
P 455 6.09 13.10 2 1 0.2 0.0 1.0 0.8
P 456 11.44 52.14 2 2 0.5 0.8 0.8 0.2
P 457 9.28 33.16 2 2 0.5 1.0 0.5 0.2
P 458 12.85 55.42 3 1 0.5 0.0 0.2 0.0
P 459 11.38 16.52 3 1 0.0 1.0 0.5 0.2
P 460 8.28 55.57 3 1 0.2 0.2 0.8 0.2
P 461 11.52 24.41 3 2 0.8 0.2 0.2 0.5
P 462 13.32 28.11 3 2 0.5 0.2 0.8 0.5
P 463 10.47 24.39 1 1 0.5 1.0 1.0 0.0
P 464 8.87 29.11 1 1 0.0 1.0 1.0 0.8
P 465 12.21 34.89 2 1 0.8 1.0 0.2 1.0
P 466 6.90 44.67 2 2 1.0 0.5 0.8 0.2
P 467 10.32 24.31 3 1 0.0 0.0 0.0 0.0
P 468 8.74 25.58 1 2 0.2 0.0 0.5 0.8
P 469 10.58 24.54 3 1 0.5 0.8 0.2 0.0
P 470 11.83 21.66 3 1 0.8 0.2 0.2 1.0
P 471 7.20 35.32 2 2 1.0 1.0 0.5 1.0
P 472 5.00 45.10 2 2 0.8 1.0 0.5 0.8
P 473 14.77 19.86 1 2 0.0 0.5 0.8 0.0
P 474 9.27 46.19 1 1 0.8 0.0 0.2 0.2
P 475 11.03 42.10 3 1 0.8 0.0 0.8 0.2
P 476 9.28 34.35 2 1 0.0 1.0 0.2 0.0
P 477 11.09 50.26 1 1 0.5 0.8 0.0 0.8
P 478 13.33 40.77 1 2 0.5 0.5 0.8 1.0
P 479 10.13 52.01 3 1 0.2 0.0 0.5 0.0
P 480 6.89 49.23 3 1 1.0 0.2 0.5 0.5
P 481 11.49 21.63 3 2 0.2 0.0 0.5 0.8
P 482 8.94 48.34 3 2 0.5 0.8 0.2 0.2
P 483 9.01 57.82 3 1 1.0 0.5 0.0 0.8
P 484 9.06 57.47 1 1 0.8 0.8 1.0 0.5
P 485 7.72 41.66 1 1 0.5 1.0 0.8 0.5
P 486 11.69 52.25 3 1 0.2 0.0 1.0 1.0
P 487 6.74 45.24 1 2 1.0 1.0 0.5 0.5
P 488 6.06 45.15 3 2 0.0 0.0 0.5 1.0
P 489 5.45 14.68 2 2 0.8 0.5 0.5 0.2
P 490 5.90 34.47 3 1 0.5 0.0 1.0 1.0
P 491 8.97 41.59 2 1 0.5 1.0 0.5 0.5
P 492 8.92 41.75 3 1 1.0 0.2 0.8 0.8
P 493 8.74 20.02 2 2 0.8 0.8 0.0 0.2
P 494 11.82 28.63 1 1 0.8 0.2 0.5 0.0
P 495 9.61 35.94 2 2 0.8 0.8 0.8 0.5
P 496 5.21 29.39 1 2 0.0 0.8 0.2 0.2
P 497 6.70 26.76 1 1 1.0 0.0 1.0 0.8
P 498 11.74 24.26 2 2 0.0 0.2 0.8 0.0
P 499 5.17 19.23 3 2 0.5 0.5 0.8 0.2
P 500 7.55 35.41 1 2 0.5 1.0 0.8 0.8
P 501 12.14 41.41 1 1 0.0 1.0 0.8 0.5
P 502 5.69 41.98 1 1 0.8 0.8 0.0 0.5
P 503 6.53 56.32 2 1 0.8 0.2 1.0 0.2
P 504 6.73 21.02 2 2 0.8 0.5 1.0 0.5
P 505 11.12 21.23 2 2 0.5 0.5 0.5 0.0
P 506 9.63 51.53 3 1 1.0 0.2 0.5 0.8
P 507 13.17 39.10 3 2 1.0 0.8 0.5 0.5
P 508 6.15 50.61 3 1 0.2 0.8 1.0 0.2
P 509 13.46 61.67 3 2 1.0 0.0 0.2 1.0
P 510 12.02 30.80 2 2 0.2 0.5 0.8 0.0
P 511 12.20 39.42 2 2 0.5 0.2 0.8 0.5
P 512 8.50 28.48 2 1 1.0 0.8 0.8 1.0
S 1 7 1 5 2.15 167 406 411 4 217 200 30
S 2 8 3 8 6.02 399 15 237 247 14 362 461 283
S 3 6 3 5 8.89 381 77 139 249 35 102
S 4 3 1 1 4.10 394 23 431
S 5 8 4 6 5.26 252 101 501 7 397 41 411 253
