B 7595.58
W 0.23 0.12 0.36 0.29
A 1 2430.59 2916.70
A 2 2354.63 2825.56
A 3 2050.81 2886.32
R 1 2050.81 5089.04
R 2 2658.45 4557.35
P 1 8.19 40.11 2 2 0.8 0.5 0.0 0.8
P 2 10.14 46.71 2 1 0.5 0.2 0.8 0.8
P 3 14.95 63.32 1 2 0.8 0.5 0.8 0.8
P 4 6.96 48.69 1 1 0.0 0.0 0.5 0.8
P 5 12.03 53.06 3 1 0.2 0.5 0.8 1.0
P 6 6.47 22.45 1 2 0.8 1.0 1.0 0.5
P 7 12.82 42.87 3 2 1.0 0.2 0.2 1.0
P 8 12.41 48.49 2 1 0.0 0.8 0.2 0.8
P 9 5.71 29.52 1 1 0.8 1.0 1.0 0.2
P 10 8.35 21.39 2 1 0.5 0.2 0.2 0.0
P 11 11.31 51.60 2 2 0.0 0.2 0.2 0.2
P 12 9.62 28.86 3 2 0.0 1.0 0.5 0.0
P 13 7.06 40.63 1 1 0.5 1.0 0.2 0.5
P 14 6.76 20.84 2 1 0.8 0.0 1.0 0.8
P 15 12.99 60.08 1 1 0.2 0.8 0.2 0.8
P 16 13.82 25.49 1 1 0.0 0.2 1.0 0.8
P 17 5.61 45.85 2 1 1.0 0.0 0.5 1.0
P 18 11.48 19.28 3 1 0.0 1.0 0.5 1.0
P 19 6.97 22.46 2 1 0.0 1.0 0.8 0.2
P 20 11.83 25.26 3 2 0.5 0.5 0.8 0.0
P 21 9.50 41.14 3 1 0.2 0.5 0.2 0.0
P 22 7.56 42.61 2 1 0.0 0.2 0.0 0.2
P 23 11.53 43.43 3 2 0.8 1.0 0.0 1.0
P 24 11.34 36.76 2 2 0.2 0.0 0.2 0.2
P 25 10.27 40.66 3 1 0.5 0.0 0.2 0.5
P 26 9.24 30.48 3 1 0.0 0.2 0.2 0.5
P 27 11.55 21.63 1 2 0.0 0.5 0.5 0.0
P 28 7.48 51.54 1 1 0.5 0.8 0.2 0.2
P 29 5.93 12.45 3 1 0.2 0.0 0.8 0.2
P 30 11.48 24.60 1 2 1.0 0.0 0.0 1.0
P 31 14.05 41.53 2 1 0.5 0.0 0.0 0.0
P 32 8.58 23.62 1 1 1.0 0.0 1.0 0.2
P 33 14.55 23.35 3 1 1.0 0.8 0.5 1.0
P 34 9.06 29.02 1 1 0.0 0.2 0.5 0.8
P 35 5.07 16.06 3 2 1.0 0.5 0.0 1.0
P 36 13.71 51.00 3 1 0.2 1.0 1.0 0.2
P 37 6.37 43.00 2 2 0.8 0.2 0.5 0.8
P 38 7.37 46.98 2 1 0.2 1.0 1.0 0.5
P 39 5.26 17.10 2 1 0.8 0.2 0.5 0.5
P 40 8.95 46.84 1 1 0.5 0.0 0.8 0.8
P 41 14.75 48.40 2 1 0.0 0.5 0.2 0.8
P 42 5.35 13.17 1 2 1.0 1.0 1.0 0.0
P 43 6.39 36.06 1 2 0.2 0.8 0.5 0.8
P 44 12.55 44.48 3 2 0.5 0.2 0.8 0.0
P 45 5.58 28.48 1 2 1.0 0.8 0.2 0.8
P 46 7.51 34.11 2 2 0.5 0.5 0.8 0.0
P 47 11.23 47.45 2 2 0.5 1.0 0.2 1.0
P 48 11.54 29.08 2 2 0.5 0.0 1.0 0.8
P 49 7.96 15.10 1 1 0.2 0.8 0.5 0.5
P 50 7.44 34.89 2 2 0.2 0.2 1.0 0.8
P 51 14.42 51.36 1 2 0.0 0.0 0.0 0.8
P 52 14.24 32.07 3 1 1.0 0.0 1.0 0.8
P 53 12.69 37.71 1 2 0.0 0.8 0.5 0.0
P 54 11.06 60.36 1 1 0.8 1.0 1.0 0.5
P 55 5.63 31.88 2 1 0.5 0.2 0.5 0.2
P 56 12.17 34.26 1 2 0.0 0.8 0.0 0.2
P 57 8.71 35.32 2 2 0.5 1.0 1.0 0.2
P 58 12.93 50.27 1 1 1.0 0.2 0.5 0.2
P 59 7.78 22.95 1 1 0.8 1.0 0.5 0.2
P 60 10.92 42.01 1 2 0.0 0.8 0.8 0.2
P 61 12.38 34.45 3 1 1.0 0.8 0.8 1.0
P 62 7.09 15.59 2 1 0.0 1.0 0.0 0.8
P 63 8.43 15.98 1 2 1.0 0.0 0.0 1.0
P 64 14.91 49.56 3 2 0.8 1.0 0.8 0.8
P 65 10.32 31.36 1 2 0.0 0.5 0.0 0.2
P 66 14.18 53.20 3 1 0.0 1.0 1.0 0.2
P 67 13.15 43.32 3 1 0.0 0.5 0.5 0.0
P 68 8.19 17.70 1 2 0.0 0.5 1.0 0.5
P 69 9.44 50.60 2 2 0.5 0.0 0.8 0.5
P 70 8.96 30.50 3 1 1.0 1.0 0.0 0.5
P 71 10.30 57.04 1 1 0.8 0.2 0.5 0.0
P 72 9.08 33.94 3 2 1.0 0.5 1.0 0.5
P 73 13.56 57.57 2 1 0.5 0.8 0.8 0.5
P 74 12.53 60.32 1 2 0.2 0.8 1.0 0.5
P 75 9.66 23.59 3 1 0.2 0.5 0.2 1.0
P 76 8.03 20.31 2 2 0.0 0.5 0.5 1.0
P 77 6.21 41.54 3 1 0.0 0.5 0.8 0.2
P 78 6.55 44.87 3 2 0.2 0.8 0.8 0.2
P 79 9.14 51.76 1 1 0.8 0.5 0.0 0.8
P 80 8.37 14.76 3 1 0.5 1.0 0.8 0.5
P 81 5.63 48.75 1 1 0.0 1.0 0.0 1.0
P 82 8.65 18.43 2 1 0.2 0.5 0.2 0.0
P 83 5.94 46.03 3 1 1.0 0.5 1.0 0.2
P 84 7.98 33.20 1 1 0.2 0.8 1.0 0.2
P 85 12.33 59.20 3 1 0.8 1.0 0.8 0.8
P 86 9.39 50.90 3 2 0.2 0.5 0.0 0.5
P 87 6.17 52.39 1 1 0.8 0.8 0.8 0.0
P 88 12.05 51.78 1 2 1.0 0.8 1.0 0.5
P 89 7.77 30.67 2 2 0.2 0.8 0.2 0.8
P 90 8.37 54.24 3 2 1.0 1.0 0.5 0.0
P 91 10.48 16.73 2 2 0.8 0.5 0.8 0.0
P 92 8.31 15.52 2 2 0.8 0.0 1.0 0.2
P 93 13.93 47.88 2 1 1.0 0.2 0.8 0.5
P 94 11.13 26.53 1 2 0.8 0.2 0.8 0.2
P 95 12.75 45.67 1 2 0.5 1.0 1.0 0.2
P 96 5.90 30.18 1 1 0.8 0.0 0.8 0.2
P 97 10.13 24.26 2 2 0.0 0.0 0.8 1.0
P 98 11.67 22.57 3 2 0.5 0.2 0.8 0.2
P 99 11.85 44.55 3 2 0.0 0.0 0.5 0.0
P 100 7.54 42.87 3 1 0.5 0.8 0.5 0.2
P 101 13.05 36.38 3 1 0.5 1.0 0.0 0.5
P 102 12.02 53.51 2 1 0.2 0.2 0.5 0.8
P 103 9.86 32.33 1 2 0.8 1.0 0.8 1.0
P 104 10.66 22.59 2 2 0.8 0.2 1.0 1.0
P 105 12.48 59.59 1 2 1.0 0.8 0.8 0.8
P 106 10.01 55.91 3 2 0.2 1.0 0.8 0.0
P 107 6.20 55.82 2 1 0.5 0.5 0.5 0.5
P 108 6.61 49.02 2 1 0.5 0.0 1.0 0.5
P 109 12.50 28.71 2 2 0.8 0.8 0.8 0.2
P 110 8.78 39.38 3 1 0.0 0.0 0.0 1.0
P 111 6.20 43.54 3 2 1.0 1.0 0.0 0.5
P 112 8.29 54.77 2 1 0.0 0.2 0.5 0.0
P 113 6.42 32.18 2 2 0.8 0.0 1.0 1.0
P 114 6.25 52.01 2 2 0.5 0.8 0.8 1.0
P 115 8.73 27.56 1 2 0.2 0.8 0.2 0.5
P 116 5.51 29.47 3 2 0.5 0.8 0.0 1.0
P 117 10.36 48.50 2 2 0.5 0.5 0.5 0.8
P 118 14.51 64.44 1 2 0.5 0.8 0.2 1.0
P 119 9.79 17.32 3 1 0.0 0.0 0.8 0.8
P 120 11.43 52.29 3 1 0.8 1.0 1.0 0.2
P 121 8.60 55.73 3 1 1.0 0.0 0.5 0.0
P 122 13.57 24.67 2 1 0.2 1.0 0.2 0.2
P 123 6.77 34.72 3 2 0.8 0.0 0.2 0.0
P 124 13.43 60.20 2 1 0.0 0.0 1.0 0.0
P 125 14.59 22.14 1 1 0.8 1.0 1.0 0.2
P 126 10.77 20.35 1 2 0.2 0.0 0.2 1.0
P 127 7.42 55.74 1 2 0.5 0.8 0.5 0.5
P 128 5.71 51.25 2 1 0.2 1.0 0.2 0.8
P 129 7.82 44.53 1 1 0.0 0.5 0.5 0.2
P 130 10.74 52.41 2 1 0.5 0.2 1.0 0.8
P 131 10.71 36.33 1 2 0.5 1.0 0.8 0.0
P 132 13.03 58.44 3 2 0.0 0.5 1.0 0.0
P 133 13.10 43.60 2 2 0.2 0.0 1.0 1.0
P 134 9.20 33.43 3 1 1.0 0.5 1.0 0.2
P 135 8.86 54.12 3 2 1.0 0.0 0.0 1.0
P 136 12.70 49.91 2 2 1.0 1.0 0.8 0.8
P 137 5.13 48.40 2 1 0.8 1.0 0.2 1.0
P 138 12.09 36.05 1 1 0.8 0.5 0.8 0.8
P 139 9.93 45.76 3 1 0.5 0.8 1.0 0.2
P 140 6.64 37.26 3 2 0.8 0.8 0.5 0.8
P 141 7.75 13.40 2 2 1.0 0.5 0.0 1.0
P 142 5.04 21.52 2 1 0.0 0.0 0.5 0.0
P 143 7.66 16.70 2 1 0.2 0.2 0.2 0.5
P 144 9.34 28.46 3 2 0.2 0.5 1.0 0.2
P 145 14.99 50.82 2 2 0.5 0.2 0.8 0.5
P 146 14.62 50.12 3 2 0.8 0.5 0.0 0.2
P 147 9.85 53.67 3 1 0.2 0.8 0.8 0.8
P 148 6.87 30.29 1 1 0.2 0.8 0.2 0.2
P 149 6.03 16.78 1 2 0.2 0.2 0.0 0.2
P 150 12.93 43.35 1 2 0.2 1.0 0.0 1.0
P 151 8.60 44.59 2 2 0.8 0.2 0.5 0.2
P 152 6.43 21.64 1 1 0.5 0.5 0.0 0.0
P 153 5.17 40.23 2 2 1.0 0.8 0.0 0.5
P 154 11.79 32.00 3 2 0.2 0.0 0.5 0.2
P 155 10.08 43.14 2 1 1.0 0.8 0.0 0.2
P 156 14.43 33.05 1 2 1.0 0.0 0.8 1.0
P 157 13.04 43.35 1 2 1.0 0.5 0.8 0.8
P 158 13.35 32.48 3 1 0.5 1.0 0.2 1.0
P 159 10.75 59.61 1 2 0.0 0.0 0.5 0.2
P 160 6.62 56.60 3 1 0.8 0.2 0.0 0.0
P 161 13.99 46.56 3 2 0.5 0.0 0.8 0.2
P 162 6.82 12.25 1 2 1.0 1.0 0.5 0.5
P 163 12.11 28.93 2 1 0.0 0.2 0.0 0.8
P 164 13.56 56.45 3 1 0.5 0.2 0.8 0.5
P 165 14.69 36.67 1 1 0.2 1.0 0.2 0.0
P 166 9.69 50.24 2 1 0.2 0.5 0.0 0.5
P 167 7.32 38.81 3 1 0.5 0.2 1.0 0.5
P 168 7.94 14.26 3 1 0.8 0.0 0.0 0.8
P 169 6.69 27.91 2 1 0.0 0.5 1.0 0.0
P 170 5.36 50.17 1 2 0.0 0.8 0.8 0.5
P 171 14.93 46.07 3 2 0.2 1.0 1.0 0.5
P 172 9.74 46.27 1 2 0.2 0.8 0.0 1.0
P 173 10.84 47.91 3 1 0.8 1.0 0.2 0.8
P 174 11.18 41.26 3 1 0.0 0.5 0.0 0.2
P 175 10.62 17.99 1 1 0.5 0.8 0.2 0.8
P 176 5.79 19.27 2 2 0.0 0.5 1.0 0.5
P 177 10.90 29.69 2 2 0.0 0.8 0.0 1.0
P 178 5.63 43.47 2 1 0.2 0.8 1.0 1.0
P 179 8.25 40.09 1 2 0.2 0.0 0.0 1.0
P 180 10.55 48.91 1 1 0.5 0.8 0.2 0.5
P 181 7.61 50.67 3 2 0.5 0.2 0.0 1.0
P 182 11.21 44.96 1 1 1.0 0.0 0.8 0.8
P 183 7.69 20.37 1 1 0.8 0.8 0.8 0.0
P 184 6.71 45.75 2 1 0.8 0.0 0.0 1.0
P 185 10.29 41.17 2 1 0.5 0.0 0.8 1.0
P 186 12.20 27.85 1 1 1.0 0.2 0.2 0.2
P 187 7.24 25.55 2 1 0.5 1.0 0.0 0.0
P 188 6.15 12.16 2 1 1.0 0.8 0.2 0.0
P 189 9.06 17.44 1 1 0.2 0.0 0.8 0.0
P 190 8.84 43.53 1 1 0.0 0.5 0.5 1.0
P 191 9.56 30.06 1 1 0.5 0.0 0.2 1.0
P 192 8.01 17.35 2 1 0.5 0.2 0.0 0.2
P 193 5.52 39.19 1 1 0.5 1.0 1.0 0.8
P 194 8.25 40.70 1 1 0.8 0.5 0.8 0.2
P 195 12.54 53.62 1 1 1.0 0.0 0.0 0.5
P 196 11.59 25.30 2 2 1.0 1.0 1.0 0.8
P 197 9.37 23.82 3 1 0.0 0.2 0.2 0.8
P 198 10.05 22.98 3 1 0.2 0.2 1.0 0.2
P 199 10.41 44.44 3 1 0.5 0.2 0.5 1.0
P 200 5.30 21.51 3 1 0.8 0.0 0.0 0.0
P 201 10.90 50.94 3 1 0.8 0.0 0.8 0.8
P 202 12.63 54.18 3 1 0.2 0.8 0.5 0.5
P 203 11.66 38.61 2 2 1.0 0.0 1.0 0.8
P 204 11.42 40.21 1 2 1.0 0.5 0.8 1.0
P 205 14.63 34.32 1 2 0.2 0.2 0.8 0.2
P 206 5.54 37.56 3 1 0.8 1.0 0.2 0.2
P 207 5.53 13.69 2 1 1.0 0.2 0.5 0.5
P 208 12.76 36.17 2 2 0.2 0.0 0.2 0.2
P 209 10.60 40.49 1 1 0.8 1.0 1.0 0.8
P 210 7.62 33.03 1 2 0.0 0.8 0.5 0.5
P 211 9.58 55.22 2 2 1.0 1.0 0.8 0.2
P 212 11.52 36.13 2 1 0.8 0.2 0.5 0.5
P 213 11.98 40.99 2 2 1.0 0.5 0.2 0.0
P 214 11.92 33.11 1 2 1.0 0.5 0.5 0.5
P 215 11.36 20.76 1 2 0.2 0.5 0.0 0.5
P 216 12.58 24.07 3 2 0.0 0.5 0.2 1.0
P 217 9.01 44.17 2 1 1.0 0.2 0.0 0.8
P 218 8.60 20.35 1 1 0.2 1.0 1.0 0.8
P 219 14.90 57.48 2 1 0.8 1.0 0.5 0.2
P 220 11.14 33.14 3 1 0.2 0.5 0.0 0.0
P 221 13.25 61.23 2 1 0.5 0.8 0.5 1.0
P 222 14.13 63.10 2 2 0.0 1.0 0.2 0.8
P 223 10.67 55.13 2 2 0.0 1.0 0.0 0.8
P 224 7.52 51.64 3 1 1.0 1.0 0.8 1.0
P 225 9.03 47.81 2 2 0.0 0.0 0.5 0.8
P 226 9.60 50.67 3 2 0.0 0.5 0.0 1.0
P 227 14.09 57.00 3 1 0.2 1.0 0.2 0.0
P 228 14.10 23.53 1 1 0.2 1.0 1.0 0.2
P 229 7.09 36.93 3 2 0.2 0.5 1.0 0.2
P 230 13.55 60.28 1 1 0.8 1.0 0.8 0.0
P 231 8.10 30.15 2 1 0.0 0.0 0.5 0.5
P 232 11.65 51.09 1 1 1.0 0.8 1.0 0.8
P 233 9.22 39.00 3 2 0.0 1.0 0.2 0.5
P 234 8.09 44.45 3 2 0.2 0.0 1.0 0.8
P 235 8.72 44.83 3 2 1.0 1.0 1.0 0.8
P 236 14.37 37.04 2 1 1.0 0.2 1.0 0.0
P 237 5.41 34.15 3 1 0.5 0.8 0.8 0.2
P 238 8.36 45.62 1 2 0.0 0.0 0.2 1.0
P 239 6.92 27.48 1 1 0.0 0.5 0.0 1.0
P 240 10.87 54.68 3 1 0.5 0.8 0.2 0.5
P 241 11.51 28.87 1 2 0.0 0.5 0.0 0.0
P 242 6.43 54.21 2 2 0.8 1.0 0.5 0.8
P 243 14.66 55.54 3 1 0.5 1.0 0.5 1.0
P 244 9.78 50.25 2 1 0.5 0.0 0.2 1.0
P 245 12.88 44.79 3 2 1.0 0.0 0.5 1.0
P 246 5.11 47.29 3 1 0.5 0.8 0.0 0.0
P 247 11.55 36.27 1 1 1.0 1.0 0.5 0.2
P 248 10.32 31.92 2 1 1.0 0.5 0.8 0.2
P 249 5.41 21.36 2 2 0.2 1.0 0.5 0.0
P 250 7.64 25.67 3 2 0.8 0.2 0.0 0.0
P 251 10.26 56.48 1 1 0.0 0.8 1.0 1.0
P 252 6.79 29.90 1 2 1.0 0.8 0.0 0.5
P 253 5.09 16.88 2 2 0.5 0.0 0.5 0.8
P 254 10.54 31.44 2 2 0.0 0.2 0.0 1.0
P 255 12.33 55.32 1 1 1.0 0.2 0.2 0.0
P 256 12.86 53.67 2 2 0.5 0.5 0.5 0.5
P 257 14.03 24.88 3 2 0.0 0.2 0.0 1.0
P 258 14.29 23.03 1 1 0.8 0.5 0.5 0.2
P 259 7.50 31.74 1 1 0.0 0.2 0.0 0.8
P 260 13.03 30.07 1 2 0.0 1.0 1.0 0.2
P 261 14.55 35.37 1 1 0.5 0.8 0.8 0.5
P 262 5.74 31.66 1 2 0.2 0.5 1.0 0.8
P 263 11.74 26.36 1 1 0.5 0.0 0.5 0.8
P 264 6.42 32.35 2 1 0.2 0.5 0.5 0.0
P 265 8.25 39.25 3 2 0.2 0.5 1.0 0.0
P 266 7.34 39.87 1 2 0.0 0.2 0.5 0.8
P 267 6.01 17.29 2 2 0.2 1.0 0.0 0.2
P 268 9.66 54.75 2 1 0.8 0.2 0.2 0.8
P 269 12.90 38.48 3 2 0.2 0.0 0.5 1.0
P 270 11.28 24.01 1 1 0.0 1.0 1.0 0.2
P 271 10.49 53.41 2 1 0.8 0.0 0.8 0.8
P 272 10.06 24.60 2 1 0.5 0.8 0.2 0.5
P 273 12.09 31.66 2 2 0.8 0.2 0.8 0.2
P 274 8.72 27.18 3 2 0.8 0.8 0.8 0.5
P 275 8.70 24.71 2 2 1.0 0.2 0.0 1.0
P 276 11.05 56.42 3 2 0.8 1.0 1.0 0.2
P 277 7.45 28.02 1 2 0.2 0.2 0.8 1.0
P 278 5.18 47.84 2 2 0.0 0.8 0.0 0.5
P 279 9.04 28.66 1 2 0.5 0.8 0.0 0.5
P 280 10.73 55.17 1 2 1.0 0.2 0.5 0.0
P 281 11.94 59.51 2 1 0.5 0.8 0.8 1.0
P 282 10.15 18.99 2 1 0.5 0.0 1.0 0.0
P 283 11.68 17.51 2 1 0.8 0.0 1.0 0.5
P 284 8.30 25.06 3 2 1.0 0.5 0.2 0.2
P 285 14.27 34.08 2 1 0.0 0.5 0.2 1.0
P 286 11.25 24.38 3 2 0.8 0.0 1.0 0.8
P 287 11.89 61.24 3 2 0.5 0.5 0.2 1.0
P 288 7.60 24.49 1 2 0.8 0.0 0.2 0.2
P 289 13.85 33.82 1 2 0.2 0.8 0.0 0.2
P 290 12.06 22.35 1 2 0.5 0.5 0.0 0.8
P 291 7.98 55.76 3 1 0.2 1.0 0.5 0.0
P 292 6.40 19.50 2 2 1.0 0.0 1.0 0.2
P 293 8.40 33.99 3 1 0.0 0.2 0.2 0.0
P 294 5.15 25.74 2 2 0.0 0.5 0.8 0.8
P 295 14.85 49.46 3 2 0.2 0.2 0.8 1.0
P 296 7.39 17.74 1 2 0.5 0.0 1.0 0.0
P 297 13.06 25.46 2 2 1.0 1.0 0.0 0.8
P 298 14.97 36.88 3 2 1.0 0.8 0.2 0.2
P 299 11.92 47.69 1 1 0.8 0.5 0.8 0.2
P 300 14.69 25.82 2 2 0.5 0.8 1.0 1.0
P 301 6.82 25.53 1 2 0.0 0.0 0.0 0.0
P 302 8.07 28.51 1 2 0.5 0.5 0.0 0.5
P 303 10.54 53.02 3 1 0.2 0.8 0.2 0.2
P 304 9.65 34.52 1 1 0.2 0.0 0.2 0.0
P 305 10.46 45.94 2 1 0.0 0.0 0.2 0.2
P 306 6.71 48.63 2 1 1.0 1.0 0.0 1.0
P 307 11.58 17.75 1 1 0.2 0.5 1.0 0.0
P 308 6.89 55.86 1 1 0.2 0.8 0.8 0.5
P 309 8.22 39.35 2 1 1.0 0.0 0.8 0.8
P 310 12.66 26.64 3 2 0.0 0.5 0.2 1.0
P 311 12.62 56.11 1 2 0.0 0.5 0.0 0.0
P 312 9.12 52.12 1 1 1.0 0.8 0.8 1.0
P 313 6.03 17.20 1 1 0.2 0.2 1.0 0.8
P 314 5.18 53.45 1 1 0.5 0.8 0.2 0.8
P 315 13.84 50.66 2 1 0.5 0.2 0.2 0.0
P 316 8.05 31.67 3 1 0.5 0.5 0.0 1.0
P 317 10.73 29.54 2 2 0.0 0.8 0.2 0.2
P 318 7.49 50.43 1 2 0.0 1.0 1.0 0.5
P 319 10.58 24.62 3 1 0.0 0.2 1.0 0.2
P 320 14.08 53.58 3 2 0.2 0.5 0.8 0.8
P 321 9.92 27.34 1 1 0.0 1.0 0.5 0.2
P 322 6.02 29.22 2 2 0.5 0.2 1.0 0.2
P 323 9.20 22.47 1 2 0.2 1.0 0.2 1.0
P 324 5.84 35.25 3 2 0.8 0.5 1.0 1.0
P 325 8.54 16.83 3 1 0.8 0.5 0.2 0.0
P 326 12.44 23.69 2 1 1.0 0.0 1.0 0.0
P 327 5.35 40.44 2 1 0.0 0.8 1.0 1.0
P 328 9.26 53.50 3 1 0.8 1.0 0.0 0.5
P 329 5.36 24.41 2 2 0.8 0.5 0.8 0.8
P 330 12.80 55.29 2 1 0.2 0.8 0.8 1.0
P 331 7.94 44.94 3 2 0.5 0.2 0.2 0.8
P 332 11.17 29.52 1 1 1.0 1.0 0.5 0.5
P 333 11.52 57.54 3 1 0.0 1.0 0.0 0.5
P 334 10.12 16.00 1 2 0.8 1.0 0.8 0.5
P 335 7.95 41.52 1 2 0.5 0.5 0.0 0.5
P 336 7.76 14.01 2 2 0.2 0.2 0.0 0.2
P 337 14.04 47.04 1 1 0.0 0.0 0.8 0.8
P 338 5.21 15.31 1 1 1.0 0.0 1.0 0.0
P 339 13.47 51.34 3 2 0.0 0.0 1.0 1.0
P 340 6.46 40.48 2 1 1.0 1.0 0.2 0.0
P 341 6.09 39.75 3 1 0.8 0.5 0.0 0.2
P 342 5.24 11.83 3 1 0.2 1.0 1.0 1.0
P 343 6.61 26.05 3 2 0.0 0.0 0.0 0.2
P 344 5.48 43.04 1 1 0.8 0.5 0.2 0.2
P 345 11.31 16.91 2 1 0.5 0.8 0.5 0.5
P 346 8.40 46.41 3 1 0.8 0.2 0.0 0.5
P 347 5.46 47.98 2 2 0.8 0.8 0.0 0.5
P 348 6.06 22.33 3 1 1.0 1.0 1.0 0.2
P 349 12.83 49.56 1 2 1.0 0.0 1.0 0.0
P 350 5.74 37.76 3 1 0.5 0.2 0.5 0.2
P 351 9.43 47.35 2 2 0.5 1.0 1.0 1.0
P 352 10.59 39.96 2 1 0.8 0.5 0.8 0.5
P 353 9.21 54.95 2 1 0.8 0.8 0.8 0.2
P 354 7.28 49.87 2 2 0.8 0.0 0.8 0.5
P 355 7.61 35.22 1 1 0.8 0.2 1.0 0.2
P 356 14.56 38.09 2 1 0.5 0.8 1.0 1.0
P 357 7.46 27.64 2 1 0.8 1.0 0.0 0.5
P 358 5.28 41.40 2 1 0.2 0.5 0.8 0.8
P 359 6.24 54.71 3 1 0.0 0.8 0.0 0.8
P 360 9.20 36.26 1 2 0.2 0.0 1.0 0.5
P 361 9.48 32.95 3 2 0.5 0.0 0.8 0.0
P 362 8.87 16.06 2 1 0.5 0.8 0.2 0.5
P 363 14.34 61.08 2 1 0.0 0.0 0.0 1.0
P 364 7.38 14.18 1 2 0.5 0.0 1.0 0.5
P 365 13.45 40.25 3 2 0.2 0.2 1.0 0.5
P 366 13.36 57.01 3 1 0.0 0.5 0.8 0.5
P 367 7.47 44.09 3 1 1.0 0.5 0.8 0.0
P 368 8.85 23.52 3 1 0.2 1.0 0.8 0.2
P 369 8.48 21.38 1 1 0.5 1.0 0.5 1.0
P 370 14.80 58.87 2 2 0.8 0.2 0.0 1.0
P 371 14.52 28.24 3 1 1.0 1.0 1.0 0.5
P 372 14.82 38.16 2 2 0.2 0.5 0.2 0.8
P 373 11.14 32.77 2 2 1.0 0.8 0.5 0.5
P 374 8.80 54.33 3 2 1.0 0.8 0.5 0.8
P 375 12.52 22.34 3 1 0.8 0.8 0.5 0.2
P 376 5.82 20.64 3 2 1.0 0.0 0.2 0.0
P 377 14.42 41.05 3 2 0.5 1.0 0.2 0.5
P 378 8.13 42.10 1 1 0.8 1.0 0.0 0.5
P 379 9.92 26.27 3 1 0.8 0.2 0.8 0.2
P 380 13.38 56.83 1 2 0.8 0.5 0.5 0.8
P 381 12.37 32.12 3 1 0.2 0.8 0.8 0.2
P 382 11.74 40.18 3 1 0.5 1.0 0.2 0.2
P 383 9.16 53.43 2 2 0.8 0.8 0.0 0.8
P 384 14.12 59.73 3 1 0.8 0.5 0.2 0.2
P 385 12.51 40.04 2 1 0.5 0.2 0.0 0.2
P 386 9.50 28.57 1 1 0.5 0.2 0.0 0.0
P 387 11.21 23.27 1 1 0.5 0.2 1.0 0.0
P 388 13.27 57.88 3 1 1.0 0.2 0.0 1.0
P 389 5.78 28.32 3 2 0.5 0.2 0.8 0.2
P 390 9.66 37.26 2 1 0.0 0.2 0.0 1.0
P 391 6.54 18.12 3 1 0.5 0.0 0.2 0.2
P 392 9.92 32.54 2 2 0.0 0.2 1.0 0.8
P 393 7.78 26.21 2 1 1.0 0.8 0.8 0.5
P 394 11.38 23.35 2 1 0.0 0.8 0.8 0.0
P 395 7.65 48.52 2 2 1.0 0.0 0.2 0.2
P 396 12.35 24.63 3 1 0.5 1.0 0.8 0.0
P 397 5.64 38.06 2 2 0.5 0.8 0.2 0.8
P 398 13.13 56.67 2 1 0.8 0.5 1.0 0.5
P 399 10.64 54.10 1 2 0.5 0.0 1.0 0.5
P 400 6.82 39.24 1 1 0.5 1.0 0.5 0.8
P 401 5.85 27.73 3 1 1.0 0.5 0.8 0.2
P 402 12.89 48.54 3 1 0.5 0.2 0.2 1.0
P 403 8.58 31.45 3 1 0.8 0.2 0.2 0.0
P 404 11.36 21.93 1 1 0.8 0.8 0.0 0.0
P 405 9.65 19.95 1 2 0.0 1.0 1.0 0.8
P 406 13.90 51.36 2 1 0.0 1.0 0.2 0.5
P 407 5.96 37.21 3 2 0.5 0.5 0.2 1.0
P 408 10.38 52.38 3 2 1.0 0.5 0.5 0.0
P 409 14.63 22.12 2 1 0.8 0.5 0.8 0.5
P 410 9.37 35.33 2 2 0.5 1.0 0.5 0.8
P 411 13.61 36.97 3 2 0.5 0.5 0.8 1.0
P 412 14.07 26.57 1 1 1.0 0.5 0.5 0.0
P 413 10.82 54.23 3 2 0.5 0.2 0.8 0.0
P 414 8.43 49.05 1 1 0.2 0.2 0.2 0.2
P 415 11.09 39.53 2 1 1.0 0.2 1.0 0.2
P 416 10.57 31.53 1 1 0.0 0.2 0.0 1.0
P 417 7.72 46.30 1 1 0.8 0.8 0.0 0.8
P 418 6.33 22.75 2 1 0.2 0.8 0.5 0.2
P 419 8.61 32.18 2 1 0.2 0.5 0.8 0.8
P 420 8.83 52.75 2 1 0.8 0.8 0.5 0.0
P 421 13.16 52.25 1 1 1.0 0.5 0.5 0.8
P 422 10.15 53.76 2 2 0.5 0.0 0.5 0.5
P 423 13.93 43.84 2 2 0.5 0.0 1.0 0.2
P 424 8.88 25.72 1 1 0.2 0.0 1.0 0.2
P 425 9.98 35.06 2 2 0.0 0.8 0.2 0.0
P 426 6.89 50.02 3 1 0.5 0.8 0.8 0.2
P 427 7.64 34.43 1 2 0.2 0.2 0.8 1.0
P 428 11.55 23.78 3 2 0.5 0.2 1.0 1.0
P 429 13.73 42.04 1 2 0.2 1.0 0.0 0.8
P 430 12.70 33.03 3 2 0.2 0.5 0.8 1.0
P 431 11.32 35.18 3 1 0.2 0.0 0.5 0.5
P 432 13.56 58.92 1 2 0.0 0.2 0.0 0.0
P 433 5.48 15.46 3 1 0.8 0.0 0.5 0.0
P 434 7.88 39.48 1 2 1.0 1.0 0.0 1.0
P 435 11.14 28.41 1 1 1.0 1.0 0.2 1.0
P 436 9.60 19.11 2 2 0.5 1.0 1.0 0.0
P 437 13.56 34.52 2 2 1.0 0.5 1.0 0.0
P 438 12.29 49.64 1 2 0.0 1.0 0.2 0.0
P 439 12.47 39.73 2 1 0.2 0.8 0.5 0.8
P 440 10.67 36.89 1 2 0.8 1.0 0.2 0.5
P 441 5.54 37.17 3 1 0.8 0.8 1.0 1.0
P 442 12.82 22.30 2 2 0.0 1.0 1.0 0.5
P 443 10.24 38.77 2 2 0.8 0.5 0.2 0.5
P 444 10.23 18.22 1 1 0.2 0.2 0.0 1.0
P 445 13.86 34.32 1 2 0.2 0.2 0.8 0.8
P 446 11.60 33.74 3 2 0.8 0.0 1.0 0.5
P 447 8.38 44.43 3 1 0.0 1.0 0.2 0.5
P 448 10.72 59.55 1 1 0.8 0.2 0.2 0.0
P 449 9.10 31.94 3 2 0.5 0.5 0.2 0.0
P 450 9.13 15.48 1 1 1.0 0.8 0.0 0.2
P 451 12.59 54.12 2 2 1.0 0.8 0.0 0.8
P 452 10.84 46.38 1 2 0.0 1.0 0.5 0.8
P 453 12.04 46.34 2 2 0.2 0.2 0.2 0.5
P 454 14.62 48.71 3 2 0.8 0.5 0.8 0.0
P 455 14.77 64.66 2 2 0.5 0.8 0.2 0.5
P 456 13.86 31.43 1 2 0.2 1.0 1.0 0.2
P 457 14.41 56.12 2 1 1.0 0.8 0.5 0.8
P 458 8.39 33.08 1 1 0.2 0.0 0.0 1.0
P 459 8.93 22.58 1 2 0.0 0.0 0.2 0.5
P 460 12.83 37.17 2 2 0.2 0.8 0.2 0.5
P 461 5.75 19.80 1 1 0.5 0.0 0.2 0.5
P 462 14.23 20.01 2 1 1.0 0.5 0.0 0.8
P 463 9.14 34.62 1 2 0.8 0.0 0.5 0.0
P 464 14.49 42.80 3 2 0.8 1.0 0.8 0.2
P 465 10.88 57.99 1 1 0.5 0.0 0.8 0.0
P 466 6.43 35.93 2 2 0.8 0.5 1.0 1.0
P 467 11.84 32.66 1 2 0.2 0.0 0.0 0.5
P 468 12.28 24.99 3 1 0.0 0.0 0.2 0.8
P 469 11.26 18.71 1 2 0.8 1.0 0.5 0.2
P 470 8.15 22.70 2 1 0.0 0.0 0.2 1.0
P 471 11.78 50.39 3 1 0.8 0.2 1.0 0.0
P 472 13.03 42.68 3 1 0.2 0.8 0.2 0.0
P 473 13.18 47.09 3 2 0.5 0.5 0.0 0.0
P 474 10.71 43.55 1 1 0.5 0.2 0.2 0.0
P 475 7.91 21.01 1 2 0.8 1.0 1.0 1.0
P 476 7.30 28.70 1 2 0.0 1.0 0.0 0.0
P 477 14.75 48.89 3 1 0.5 0.0 1.0 1.0
P 478 6.89 44.00 2 2 0.2 0.2 0.0 1.0
P 479 5.04 37.96 3 1 0.5 1.0 0.5 0.0
P 480 12.02 51.95 2 2 0.2 0.0 0.2 0.0
P 481 7.92 57.29 2 2 0.5 1.0 0.2 1.0
P 482 14.09 36.88 3 1 1.0 0.0 0.2 0.5
P 483 9.66 36.79 2 1 0.2 1.0 0.5 0.0
P 484 12.33 26.42 3 1 0.2 0.8 1.0 0.2
P 485 6.77 47.62 3 1 0.8 0.0 1.0 0.8
P 486 14.86 39.20 3 1 1.0 0.2 0.5 0.0
P 487 7.83 57.33 1 2 0.0 1.0 0.8 1.0
P 488 6.43 37.70 3 2 0.2 0.5 0.5 0.0
P 489 9.23 34.46 1 2 1.0 0.8 0.8 1.0
P 490 9.12 16.72 2 2 1.0 0.8 0.0 0.2
P 491 5.42 42.91 3 1 0.5 0.5 0.2 0.5
P 492 6.43 41.01 1 2 0.8 1.0 0.2 1.0
P 493 5.01 38.42 1 2 0.0 0.8 0.0 0.2
P 494 9.40 37.41 3 1 1.0 1.0 1.0 0.5
P 495 10.41 31.39 3 2 0.2 0.5 0.0 0.8
P 496 6.33 31.47 3 1 0.2 0.8 0.8 1.0
P 497 12.23 49.13 3 1 0.2 1.0 0.2 0.5
P 498 7.26 41.40 3 1 0.2 1.0 0.5 1.0
P 499 13.14 44.82 3 2 0.2 0.8 0.2 1.0
P 500 12.83 51.55 1 1 1.0 0.0 0.0 0.2
P 501 9.97 39.35 2 1 0.8 0.5 0.5 0.5
P 502 12.83 48.12 2 2 0.5 0.0 0.5 0.0
P 503 5.26 38.33 1 2 0.5 1.0 1.0 0.8
P 504 7.92 29.93 3 2 1.0 0.0 0.5 0.5
P 505 8.97 35.17 1 1 0.2 0.8 1.0 0.2
P 506 9.29 36.13 3 2 1.0 1.0 0.8 0.8
P 507 8.16 57.93 1 1 0.2 1.0 0.5 1.0
P 508 7.98 39.42 2 1 0.2 0.0 1.0 1.0
P 509 12.26 46.72 2 2 0.2 0.2 0.5 1.0
P 510 11.45 48.61 2 2 0.2 0.0 0.5 1.0
P 511 12.75 33.20 2 1 0.5 1.0 0.0 0.0
P 512 6.63 13.80 2 2 0.2 0.2 0.0 1.0
S 1 5 2 2 1.66 170 320 432 109 142
S 2 8 2 4 2.55 494 476 437 178 479 81 490 458
S 3 6 2 4 5.06 113 478 193 278 138 474
S 4 9 2 6 5.99 415 458 247 270 9 488 367 97 157
S 5 9 4 6 9.96 266 325 133 252 316 208 463 338 330
