B 1014.82
W 0.16 0.27 0.23 0.34
A 1 334.89 598.74
A 2 324.74 527.71
A 3 233.41 608.89
R 1 131.93 456.67
R 2 274.00 679.93
P 1 13.75 35.80 2 2 1.0 0.5 1.0 0.2
P 2 8.42 29.40 3 1 1.0 1.0 0.0 0.8
P 3 5.36 44.62 3 2 0.5 1.0 1.0 0.5
P 4 11.52 23.07 1 2 0.2 0.5 0.8 0.5
P 5 9.99 24.29 2 1 0.2 0.0 1.0 0.8
P 6 14.55 52.65 1 1 0.0 0.5 1.0 0.2
P 7 6.74 51.57 2 2 1.0 0.0 1.0 0.5
P 8 6.32 23.16 3 1 0.0 1.0 0.5 0.0
P 9 14.96 58.06 2 1 0.0 0.5 0.5 0.8
P 10 13.73 37.40 1 1 0.5 0.8 0.5 0.2
P 11 6.98 44.95 1 1 0.8 1.0 0.2 0.5
P 12 11.97 59.27 3 2 0.2 0.2 0.2 1.0
P 13 12.87 19.72 3 2 0.5 0.0 0.0 0.8
P 14 12.12 50.81 2 2 0.2 0.0 1.0 1.0
P 15 8.46 56.70 1 1 0.2 1.0 0.0 0.8
P 16 6.27 40.39 2 1 0.0 1.0 0.5 0.8
P 17 12.14 32.58 1 1 0.0 0.2 1.0 0.5
P 18 5.10 27.93 3 1 0.8 1.0 1.0 0.0
P 19 14.54 25.55 1 1 0.0 0.0 0.0 0.5
P 20 8.37 14.37 2 1 0.5 0.8 0.2 0.2
P 21 11.92 23.94 1 2 0.0 0.0 0.5 0.5
P 22 12.62 41.13 3 1 0.0 0.5 0.8 0.2
P 23 7.71 41.02 3 2 0.5 0.5 0.5 0.5
P 24 13.22 36.72 1 2 0.2 0.5 0.2 0.5
P 25 13.43 41.30 3 2 0.5 0.8 0.8 0.8
P 26 6.90 54.61 1 1 1.0 0.2 0.8 1.0
P 27 14.44 43.72 3 1 0.8 0.2 0.0 0.0
P 28 13.44 25.66 1 1 0.8 0.5 0.5 0.2
P 29 8.32 24.54 1 2 1.0 1.0 0.0 0.2
P 30 7.76 35.36 3 1 1.0 0.5 1.0 0.0
P 31 7.14 26.97 2 2 0.5 0.0 0.5 1.0
P 32 11.19 29.74 3 1 0.8 0.2 1.0 1.0
P 33 13.90 53.75 3 2 1.0 0.5 0.0 0.5
P 34 5.16 23.54 2 2 0.8 0.2 0.0 0.5
P 35 14.53 50.63 3 2 0.8 0.0 0.0 1.0
P 36 10.47 41.85 2 2 0.8 0.8 0.5 0.5
P 37 8.96 18.80 1 2 1.0 0.8 0.0 0.5
P 38 12.20 20.32 2 1 0.5 0.8 0.8 1.0
P 39 14.00 36.94 2 2 0.2 0.2 1.0 0.8
P 40 8.01 22.37 3 2 0.8 0.2 0.5 0.0
P 41 6.36 43.63 2 2 0.8 0.0 0.5 0.5
P 42 13.02 49.62 1 2 0.5 0.0 0.5 0.5
P 43 9.49 53.48 2 1 0.5 0.2 1.0 0.0
P 44 13.96 57.83 3 1 0.2 0.2 0.2 0.0
P 45 13.84 19.41 3 2 0.5 1.0 0.2 0.0
P 46 8.76 46.59 2 2 0.5 0.8 0.2 0.8
P 47 14.96 31.60 3 2 1.0 0.2 0.2 0.8
P 48 9.98 45.14 3 2 0.8 0.0 1.0 0.0
P 49 13.22 33.67 2 2 0.0 1.0 0.2 0.2
P 50 13.18 41.67 3 1 0.0 0.2 0.2 0.5
P 51 8.04 55.20 3 1 0.5 1.0 0.0 0.2
P 52 14.14 45.46 3 1 0.2 1.0 0.0 0.5
P 53 12.90 49.46 1 2 0.8 0.0 0.0 0.5
P 54 6.09 21.73 1 1 0.2 0.0 0.0 0.8
P 55 9.99 15.72 2 2 0.0 0.0 0.8 1.0
P 56 10.90 44.46 1 1 0.8 1.0 0.8 1.0
P 57 10.81 49.28 1 2 0.0 0.5 0.8 0.0
P 58 10.55 48.25 2 1 0.0 1.0 0.5 0.8
P 59 11.99 59.58 3 2 0.0 1.0 0.0 0.0
P 60 6.56 23.14 2 2 0.0 0.0 0.2 1.0
P 61 11.16 43.89 3 1 0.0 0.5 0.8 1.0
P 62 6.96 36.11 3 2 1.0 0.2 0.8 1.0
P 63 7.65 16.48 3 2 1.0 0.8 0.8 0.2
P 64 12.56 28.92 2 2 1.0 0.5 0.0 0.5
S 1 5 2 5 9.23 22 41 7 33 2
S 2 7 2 4 2.26 32 16 58 43 42 14 38
S 3 9 4 6 6.38 28 31 17 29 13 49 8 47 59
S 4 6 2 2 9.19 20 17 51 45 11 44
S 5 3 1 1 6.38 14 4 38
