B 973.62
W 0.37 0.16 0.11 0.36
A 1 204.46 632.85
A 2 204.46 301.82
A 3 233.67 632.85
R 1 428.39 924.94
R 2 253.14 885.99
P 1 14.34 39.34 3 1 0.5 0.5 0.5 0.2
P 2 13.20 55.90 2 2 0.0 1.0 0.8 1.0
P 3 6.97 16.36 1 2 1.0 0.8 0.2 0.8
P 4 9.38 28.05 3 2 1.0 1.0 0.0 0.8
P 5 14.88 38.84 2 2 0.2 1.0 1.0 1.0
P 6 13.90 61.91 1 1 0.0 1.0 1.0 1.0
P 7 7.80 39.37 1 1 0.2 0.5 0.2 0.5
P 8 6.70 45.41 2 1 0.0 0.8 1.0 0.5
P 9 14.01 25.86 1 1 1.0 1.0 1.0 0.0
P 10 10.57 56.80 1 1 0.0 0.2 0.2 0.5
P 11 11.40 31.08 1 2 0.8 0.8 0.8 0.8
P 12 6.52 53.63 2 1 0.5 0.5 1.0 0.0
P 13 9.46 22.31 1 2 0.5 0.8 0.8 0.0
P 14 6.39 32.93 2 2 0.2 0.8 0.8 0.2
P 15 9.77 46.82 2 2 0.2 0.2 0.5 0.8
P 16 11.65 43.02 1 2 0.5 0.5 1.0 0.8
P 17 11.48 20.08 2 1 1.0 0.2 0.2 0.2
P 18 9.02 52.57 1 2 0.2 0.0 0.0 0.8
P 19 6.07 15.35 2 1 0.0 0.5 1.0 0.0
P 20 6.03 14.28 3 1 1.0 0.2 0.0 0.0
P 21 14.08 40.25 1 2 1.0 0.8 0.8 0.5
P 22 13.23 36.01 3 2 1.0 1.0 0.5 1.0
P 23 9.21 26.60 2 1 0.0 0.2 0.0 0.2
P 24 13.29 54.21 3 2 0.0 0.5 1.0 0.2
P 25 9.81 51.38 2 1 0.5 1.0 0.2 1.0
P 26 8.27 57.27 3 2 0.8 0.0 0.0 0.5
P 27 13.05 25.84 2 2 0.2 0.2 0.8 1.0
P 28 13.36 59.98 1 2 0.5 0.2 0.0 0.5
P 29 9.99 58.60 3 1 0.5 0.8 0.0 0.8
P 30 5.19 45.14 2 2 0.5 1.0 0.8 0.8
P 31 12.39 27.00 1 2 0.5 0.8 0.8 0.8
P 32 5.17 49.31 3 1 0.8 0.2 0.0 0.0
P 33 5.05 53.11 3 2 0.2 0.5 0.0 0.0
P 34 13.47 63.35 3 1 0.0 0.5 0.5 0.2
P 35 5.25 26.91 3 1 0.8 0.5 1.0 0.2
P 36 5.86 31.77 1 2 0.0 0.2 0.5 0.2
P 37 10.78 45.65 1 1 0.8 0.5 1.0 1.0
P 38 8.08 48.83 2 1 0.2 0.8 0.5 1.0
P 39 10.90 32.48 1 2 0.8 0.2 0.2 0.8
P 40 11.77 17.65 3 1 0.5 0.0 0.0 0.2
P 41 10.30 28.21 1 2 0.2 0.5 0.5 0.0
P 42 11.25 51.91 1 1 0.8 0.8 0.0 0.8
P 43 13.90 31.66 1 2 1.0 0.0 0.0 0.2
P 44 9.35 52.17 1 1 0.8 0.5 1.0 0.8
P 45 8.98 44.72 3 1 0.8 0.0 1.0 0.0
P 46 10.49 47.26 1 1 0.2 0.8 0.5 0.0
P 47 8.80 43.73 2 2 0.8 0.2 0.2 0.8
P 48 5.91 52.78 3 1 0.5 0.0 0.2 0.8
P 49 8.38 24.34 1 1 0.2 0.5 0.0 0.0
P 50 10.96 19.30 2 2 1.0 0.0 1.0 0.8
P 51 8.39 32.45 1 1 0.0 0.8 0.8 0.2
P 52 14.23 32.05 2 2 0.0 1.0 0.2 0.8
P 53 11.65 56.96 1 2 1.0 0.8 0.5 0.5
P 54 9.68 51.26 3 2 0.5 1.0 0.0 0.2
P 55 11.81 30.91 1 1 0.0 1.0 0.5 1.0
P 56 12.35 37.20 2 1 0.0 0.2 0.8 1.0
P 57 9.42 41.17 2 2 0.8 0.8 0.8 1.0
P 58 6.95 42.05 2 1 0.2 0.0 0.0 1.0
P 59 8.77 48.03 1 2 0.5 0.2 0.5 0.8
P 60 13.24 24.01 1 2 0.0 0.0 0.2 0.0
P 61 13.52 44.56 3 1 0.8 0.0 0.0 0.2
P 62 11.16 48.85 3 2 0.2 0.5 0.5 0.0
P 63 11.04 57.18 3 1 0.2 1.0 0.0 0.0
P 64 10.81 59.29 1 2 0.5 0.8 0.0 0.5
S 1 9 3 5 2.35 32 51 14 55 8 15 27 60 62
S 2 8 1 3 9.78 39 4 10 38 23 46 61 34
S 3 6 1 5 1.11 51 1 27 58 28 63
S 4 4 2 3 1.40 27 35 12 60
S 5 7 3 5 3.34 22 64 45 61 26 5 56
