B 951.72
W 0.32 0.34 0.06 0.28
A 1 228.41 513.93
A 2 95.17 276.00
A 3 237.93 532.96
R 1 266.48 932.69
R 2 266.48 428.27
P 1 13.21 23.51 1 2 0.5 0.2 1.0 0.8
P 2 13.64 24.08 3 2 0.5 0.2 0.2 0.0
P 3 8.18 42.01 1 1 0.2 0.0 0.2 0.0
P 4 9.11 31.91 2 2 1.0 0.5 0.2 0.8
P 5 13.73 25.37 2 1 0.8 0.8 0.2 0.0
P 6 11.42 48.81 1 1 0.5 0.2 0.2 1.0
P 7 10.96 30.07 1 1 0.5 1.0 1.0 1.0
P 8 6.98 38.49 2 2 0.2 0.2 0.0 0.0
P 9 8.18 19.06 1 2 0.2 0.8 0.0 1.0
P 10 8.93 44.84 3 2 0.5 0.2 0.0 0.8
P 11 14.57 35.94 2 2 0.0 0.5 0.0 1.0
P 12 10.72 38.68 2 1 0.2 0.0 0.0 0.0
P 13 10.13 34.44 3 1 0.5 0.5 0.2 0.5
P 14 11.33 31.30 1 1 0.0 0.5 1.0 0.8
P 15 13.49 28.52 1 2 0.8 0.8 0.8 1.0
P 16 7.70 46.87 1 2 0.0 1.0 0.0 0.5
P 17 8.93 31.89 1 2 1.0 0.5 0.8 0.5
P 18 8.31 40.46 2 2 0.5 0.2 0.2 0.0
P 19 7.03 44.21 1 1 0.8 1.0 1.0 0.5
P 20 13.08 55.96 2 1 0.2 1.0 0.2 0.5
P 21 8.46 24.16 2 1 0.5 0.8 0.5 0.5
P 22 6.99 34.71 3 2 0.0 0.5 0.8 0.5
P 23 8.85 21.82 2 1 0.5 1.0 0.8 0.0
P 24 13.16 28.42 3 2 0.2 1.0 0.8 1.0
P 25 5.41 27.27 3 2 1.0 1.0 0.0 0.5
P 26 7.68 21.68 3 1 1.0 1.0 0.0 0.2
P 27 8.27 21.12 1 2 1.0 0.5 0.5 0.8
P 28 6.84 49.22 2 2 0.5 0.0 0.8 0.5
P 29 11.54 44.92 3 1 0.5 1.0 0.5 0.8
P 30 9.29 39.77 3 1 0.8 0.8 0.0 0.5
P 31 13.18 61.15 2 1 0.2 0.5 0.8 0.5
P 32 10.19 58.04 1 1 0.0 1.0 0.0 0.2
P 33 5.98 49.08 3 2 0.5 0.8 0.5 1.0
P 34 7.39 18.79 3 2 0.8 0.8 0.8 0.8
P 35 14.72 50.99 1 2 0.5 0.5 0.5 0.5
P 36 8.07 22.46 3 1 0.8 1.0 0.5 0.8
P 37 6.20 28.73 2 1 1.0 0.2 0.0 1.0
P 38 5.67 33.66 1 2 1.0 0.0 1.0 0.0
P 39 12.43 49.58 2 1 0.0 1.0 0.2 0.0
P 40 9.86 31.98 3 2 1.0 0.0 0.0 0.2
P 41 7.47 56.71 2 1 1.0 0.8 0.0 0.0
P 42 10.55 31.17 2 1 0.0 0.5 1.0 1.0
P 43 7.27 27.14 1 1 0.8 0.2 0.0 0.8
P 44 9.70 51.63 3 1 1.0 0.5 0.2 0.8
P 45 9.19 51.45 3 1 0.2 0.2 1.0 0.0
P 46 12.67 36.94 2 2 0.2 0.2 0.0 0.0
P 47 12.36 43.95 2 2 0.8 0.2 0.2 0.0
P 48 10.41 26.11 2 2 0.2 0.2 0.0 0.2
P 49 5.61 16.94 1 1 1.0 0.0 1.0 0.5
P 50 8.49 46.76 1 1 0.5 0.0 0.2 1.0
P 51 13.94 28.37 3 2 0.2 0.0 0.2 0.2
P 52 13.67 28.87 3 2 0.5 1.0 0.5 0.0
P 53 12.99 20.42 2 1 1.0 0.0 1.0 1.0
P 54 14.35 37.02 2 1 0.0 1.0 0.8 0.5
P 55 13.11 62.44 1 2 0.5 1.0 0.5 0.5
P 56 5.93 12.91 3 2 1.0 0.2 1.0 0.8
P 57 6.37 16.37 2 2 0.0 1.0 0.5 0.2
P 58 13.22 50.61 2 2 0.5 0.2 0.8 1.0
P 59 5.46 16.96 2 1 0.8 0.0 0.5 0.8
P 60 9.73 25.33 2 2 0.8 0.8 0.2 0.2
P 61 13.33 46.67 3 1 0.8 0.8 1.0 0.2
P 62 14.45 51.48 2 2 0.5 0.0 0.0 1.0
P 63 9.31 55.09 1 1 0.0 0.2 0.8 1.0
P 64 5.09 13.11 1 1 0.2 0.5 0.0 0.5
S 1 8 3 3 5.85 33 28 40 11 29 14 50 22
S 2 3 1 1 7.66 54 61 49
S 3 7 2 3 9.05 28 18 14 61 23 60 16
S 4 7 1 5 5.11 48 40 43 1 5 32 26
S 5 3 1 2 1.25 6 8 60
