128
128000
2 3 4
9
0 1 6 260 4 5
59 101 48 123 121 21
1 1 3 150 3 3
28 108 4
2 1 6 140 5 5
64 23 47 8 4 17
3 1 6 150 4 6
62 105 21 47 114 116
4 1 7 150 6 6
6 32 58 37 54 101 73
5 1 2 130 2 2
114 56
6 1 8 260 4 8
92 66 56 94 46 5 81 42
7 1 4 130 3 4
35 112 83 117
8 1 3 110 2 3
17 51 13
2500 3250 2 2 0 0 110 150 
1500 2100 2 1 0 0 110 100 
1700 2040 1 2 104 77 50 0 
1900 2470 1 1 0 120 0 120 
2400 3120 3 1 0 105 88 75 
1400 2100 3 1 140 110 0 0 
1200 1320 2 1 96 70 70 0 
2000 3000 1 2 0 105 112 60 
2600 2860 2 1 120 84 70 0 
2800 3640 1 2 140 120 0 0 
2900 3770 1 1 0 98 80 65 
1600 1920 2 2 0 105 112 55 
2600 3900 1 1 120 0 100 0 
2700 4050 2 2 0 98 104 60 
2200 2640 2 1 0 0 120 140 
2300 2990 2 2 0 0 120 130 
1600 2080 3 1 100 110 0 0 
2500 3000 2 2 150 150 0 0 
2800 3360 2 1 50 70 75 50 
1600 1920 3 2 65 60 65 55 
1000 1300 3 1 0 70 96 65 
2800 3080 1 1 110 0 120 0 
1000 1500 1 1 0 0 130 130 
1200 1680 1 1 70 60 65 65 
1400 1820 2 1 75 65 60 65 
2300 2530 3 2 130 100 0 0 
2100 2520 2 2 120 70 55 0 
2600 3380 2 2 120 100 0 0 
1100 1210 3 2 0 100 0 140 
2700 3780 3 1 50 55 55 65 
1800 1980 1 1 0 77 96 55 
2200 2420 2 2 96 98 75 0 
2100 3150 1 2 104 91 60 0 
1400 1540 3 2 65 55 60 75 
1400 1540 3 2 96 70 65 0 
1100 1210 1 2 0 120 0 110 
2100 2520 1 2 120 70 60 0 
1500 1650 2 2 0 140 0 150 
2300 2530 3 2 120 0 120 0 
1200 1560 2 2 110 130 0 0 
1800 2520 1 2 130 0 100 0 
2100 3150 2 1 55 55 65 65 
2500 2750 1 1 96 105 75 0 
1500 1650 2 1 150 0 150 0 
1800 1980 2 1 0 70 104 75 
2700 3510 3 1 120 105 55 0 
1300 1820 1 1 0 91 96 75 
1100 1320 2 1 130 150 0 0 
2700 2970 3 2 0 0 120 140 
1200 1800 1 1 150 0 140 0 
2900 3190 2 1 0 130 0 150 
1200 1800 1 1 110 140 0 0 
2600 3640 2 1 120 77 50 0 
1200 1560 2 2 0 0 140 130 
1900 2090 3 2 140 140 0 0 
2700 4050 3 1 150 100 0 0 
2200 2640 2 2 55 65 60 65 
1300 1820 2 2 140 150 0 0 
1400 1680 3 2 0 130 0 150 
1900 2470 1 1 100 0 100 0 
1700 2550 2 1 88 84 60 0 
1600 2400 3 1 0 0 100 100 
2700 4050 1 1 140 110 0 0 
1200 1800 1 2 0 140 0 110 
2000 3000 2 1 0 0 120 120 
1300 1820 1 2 65 50 55 70 
1400 1540 2 2 0 100 0 140 
1300 1430 1 1 140 130 0 0 
2300 2760 2 2 110 0 140 0 
2800 3080 2 1 0 0 150 120 
2700 3510 3 2 130 100 0 0 
2300 3220 2 2 110 120 0 0 
2500 3000 1 1 50 50 55 60 
2800 4200 1 1 0 130 0 140 
2000 2400 3 2 0 91 88 55 
2900 4350 1 2 120 140 0 0 
2500 3250 3 1 65 60 60 65 
2200 2860 2 2 0 84 96 65 
2100 3150 1 1 65 50 50 50 
1700 2210 1 2 0 0 130 120 
2400 2880 3 2 110 0 120 0 
1400 1820 1 2 0 0 100 120 
1100 1650 3 1 120 77 60 0 
1600 2080 2 2 110 0 150 0 
1800 2520 3 2 75 70 65 70 
1300 1560 1 1 130 140 0 0 
1600 2400 3 2 88 105 60 0 
1700 2210 3 2 0 105 104 60 
1700 2210 3 1 0 130 0 100 
2700 3240 3 2 120 110 0 0 
1700 2550 2 1 110 0 120 0 
2100 2940 1 1 65 65 65 55 
2600 2860 2 2 65 65 65 70 
1500 2250 1 1 0 110 0 100 
1200 1440 2 2 0 110 0 120 
2000 3000 1 2 150 0 100 0 
1000 1500 3 2 140 0 140 0 
1200 1680 1 1 100 150 0 0 
2200 2640 1 1 0 140 0 100 
1500 1800 3 2 110 140 0 0 
3000 4500 1 1 0 0 120 140 
1100 1430 2 2 130 100 0 0 
1000 1400 2 2 120 105 75 0 
1500 2250 3 2 150 0 120 0 
1500 1650 3 1 130 0 140 0 
1500 2100 3 1 120 140 0 0 
2500 3250 3 2 55 55 75 55 
1800 1980 1 2 0 140 0 110 
2100 2520 1 1 0 110 0 120 
2700 3240 2 1 0 77 96 65 
1400 2100 3 2 0 0 150 120 
1400 1960 2 2 0 77 120 60 
2900 4350 2 2 0 70 120 65 
1900 2090 3 2 110 0 110 0 
1500 1950 1 2 75 70 50 65 
1200 1320 1 2 100 110 0 0 
1800 2160 3 2 0 84 120 70 
2900 4350 2 2 120 0 110 0 
2700 3510 1 1 0 120 0 100 
3000 4200 1 2 100 0 100 0 
2500 3750 2 1 0 150 0 120 
1600 2400 2 2 96 91 50 0 
2000 2200 1 1 120 0 110 0 
2600 3380 2 2 0 0 120 130 
1800 2160 1 1 120 100 0 0 
1700 2550 2 2 150 0 120 0 
2900 3770 2 1 104 91 65 0 
1000 1500 2 1 110 120 0 0 
