128
128000
2 3 4
8
0 1 2 300 2 2
42 5
1 1 3 210 2 3
31 3 51
2 1 5 170 3 3
9 24 68 87 60
3 1 7 230 3 3
77 63 71 98 22 127 118
4 1 3 130 2 2
107 109 21
5 1 3 260 2 3
48 37 125
6 1 7 110 6 6
64 10 29 106 104 26 24
7 1 4 230 4 4
28 12 77 72
3000 4500 1 2 0 70 96 70 
2000 2600 3 1 0 0 130 110 
2000 2800 1 1 75 60 55 65 
1200 1560 2 1 0 91 96 65 
2200 3080 3 2 55 65 70 70 
1300 1560 3 1 0 91 80 50 
2100 2520 1 1 0 130 0 130 
1200 1680 3 2 0 98 104 60 
2800 3080 1 2 0 98 120 55 
1800 1980 3 1 0 0 100 130 
1800 1980 2 2 0 150 0 150 
2000 2600 2 2 140 150 0 0 
2600 3380 2 1 104 91 50 0 
2200 2640 1 2 0 105 120 60 
2400 3120 1 1 0 110 0 130 
2100 2730 2 1 0 0 150 100 
2400 3360 2 1 0 120 0 110 
2800 4200 3 1 0 120 0 140 
1800 2520 2 1 0 91 112 75 
2100 3150 1 2 0 98 120 70 
1500 2100 3 1 0 0 130 110 
2700 4050 3 1 0 120 0 140 
2700 4050 2 1 140 0 140 0 
2300 3220 2 1 120 91 70 0 
1000 1500 2 1 65 55 70 75 
1100 1650 2 2 130 0 130 0 
1400 1680 1 2 50 75 50 65 
1900 2090 1 2 80 91 55 0 
2300 2760 3 1 96 84 50 0 
2200 2860 3 1 150 0 100 0 
1800 2340 3 1 0 140 0 110 
1300 1560 2 1 0 0 130 100 
2900 3770 1 2 80 98 75 0 
2400 3360 1 1 110 0 150 0 
1300 1560 2 2 110 130 0 0 
3000 3900 2 2 140 150 0 0 
1200 1440 2 1 55 55 60 55 
1900 2850 2 1 88 105 50 0 
1900 2850 1 1 0 110 0 130 
1700 2380 3 1 0 140 0 100 
2500 2750 3 2 150 120 0 0 
2600 3120 2 1 0 0 100 100 
2400 3360 2 1 0 130 0 130 
1500 2100 2 1 0 140 0 150 
1000 1400 2 2 130 110 0 0 
2800 3360 3 1 0 0 140 150 
2000 2800 1 1 75 55 55 70 
2500 3250 3 2 60 65 65 50 
1500 1800 3 2 0 0 110 150 
2500 3750 2 2 130 0 130 0 
1800 2520 2 1 0 98 88 65 
3000 3900 2 1 120 0 130 0 
2700 3240 2 2 0 150 0 140 
1800 2160 1 1 0 100 0 130 
1000 1200 3 2 0 140 0 110 
1100 1540 2 1 0 150 0 140 
1500 1650 3 2 0 0 110 120 
1400 2100 2 2 0 91 104 70 
2300 3450 2 1 0 110 0 120 
1900 2280 3 1 0 0 120 140 
1500 2100 2 1 60 65 55 70 
1300 1690 2 2 100 0 120 0 
1700 2210 2 1 50 60 60 70 
2700 3780 3 1 75 70 75 65 
1800 2160 2 1 65 65 50 70 
1400 1960 2 2 130 140 0 0 
2700 3240 2 1 140 0 130 0 
2100 3150 3 1 100 0 120 0 
2100 2730 3 2 0 120 0 110 
2800 3360 2 1 0 110 0 150 
1000 1400 2 2 65 60 60 75 
3000 3300 1 2 0 98 80 70 
2300 2760 3 1 50 55 65 50 
2200 3300 3 2 120 70 65 0 
3000 4200 1 1 0 0 120 130 
2900 4350 3 1 0 0 120 100 
2500 3500 1 1 100 140 0 0 
1100 1430 3 1 0 100 0 100 
2400 3120 3 2 0 105 96 50 
1400 1960 2 2 110 150 0 0 
2200 3300 3 1 0 84 96 55 
1700 2210 3 1 150 0 100 0 
1200 1800 1 2 65 55 50 55 
2400 3600 2 2 0 0 130 100 
2700 3240 2 2 50 50 50 50 
1400 2100 2 1 0 130 0 110 
1700 2380 3 1 0 0 150 100 
2300 2760 2 2 0 0 100 140 
1900 2660 3 1 0 0 100 100 
2400 2640 2 1 120 0 120 0 
2000 2400 3 1 0 0 140 130 
1200 1800 3 1 120 98 60 0 
2900 4350 2 2 0 98 104 55 
2300 2530 2 1 0 91 96 60 
1300 1430 1 2 88 84 70 0 
2600 2860 2 2 120 130 0 0 
2500 3000 2 2 150 130 0 0 
2500 3750 3 2 55 70 55 50 
1500 1800 3 2 0 110 0 100 
3000 4500 1 1 130 120 0 0 
2200 2420 2 2 150 150 0 0 
2100 2730 1 2 60 60 60 50 
3000 4500 1 2 0 0 110 140 
1100 1430 2 1 0 105 80 50 
2900 3190 1 1 140 110 0 0 
1400 1680 3 1 0 91 120 65 
1200 1440 3 1 130 110 0 0 
2700 4050 1 1 140 150 0 0 
2900 3480 1 2 104 98 60 0 
1700 1870 3 1 130 0 150 0 
2900 4060 2 2 0 130 0 130 
1600 2240 1 1 0 70 120 60 
2000 2400 3 2 150 0 100 0 
2100 2730 1 1 75 75 70 70 
1400 1820 2 1 0 120 0 140 
3000 4500 3 2 65 70 65 50 
2000 2400 1 2 55 70 60 60 
1700 2550 2 2 150 0 140 0 
2300 2990 1 2 0 0 140 130 
2400 2880 2 1 80 84 60 0 
1200 1680 3 1 0 100 0 150 
1000 1400 1 1 75 65 50 75 
1500 1950 3 2 0 0 140 150 
1100 1320 1 2 0 100 0 150 
2800 3640 3 1 130 130 0 0 
1000 1100 2 2 0 120 0 110 
1600 1760 1 2 112 77 75 0 
1700 1870 1 2 55 75 50 50 
