256
256000
2 3 4
14
0 1 4 290 2 3
39 145 126 14
1 1 8 190 2 5
72 174 39 123 42 113 51 71
2 1 8 220 7 8
64 235 41 173 39 14 239 84
3 1 4 260 2 4
242 178 43 225
4 1 3 300 2 3
99 171 255
5 1 5 160 3 5
221 148 184 211 90
6 1 3 250 3 3
191 76 141
7 1 4 130 4 4
69 202 154 168
8 1 7 210 2 7
23 241 32 91 100 234 64
9 1 5 260 5 5
65 20 53 88 231
10 1 8 210 7 8
237 4 204 126 50 30 128 12
11 1 2 150 2 2
226 201
12 1 5 160 3 4
197 229 69 95 234
13 1 4 200 2 3
150 124 145 85
1500 1650 2 1 75 55 65 65 
2900 3190 3 2 80 84 60 0 
2300 3220 3 1 120 91 70 0 
2800 3080 3 1 0 140 0 140 
1500 1800 2 2 150 0 110 0 
3000 3600 2 2 96 91 50 0 
1700 2040 1 1 0 110 0 100 
1600 2400 2 1 0 0 150 110 
2900 3480 3 2 150 0 120 0 
2400 3120 3 2 0 0 110 140 
2900 3770 2 2 150 0 110 0 
2400 3120 3 1 130 130 0 0 
1100 1430 3 2 88 84 60 0 
2100 3150 2 1 104 98 50 0 
2400 3360 1 2 0 84 120 65 
1600 1920 1 1 0 77 112 60 
2800 3640 3 2 88 91 50 0 
2000 2800 2 1 140 0 130 0 
1500 2250 1 2 0 0 140 110 
1000 1200 1 1 0 110 0 100 
2200 3300 2 2 65 70 60 65 
2400 3600 3 2 110 0 110 0 
2200 2640 3 1 55 60 55 55 
1400 1680 2 1 110 130 0 0 
2600 3640 3 1 150 0 140 0 
2100 2730 1 2 0 0 140 110 
1500 1650 1 1 120 98 75 0 
1200 1680 3 1 75 55 55 65 
2800 4200 1 1 120 105 50 0 
1000 1400 1 1 0 100 0 110 
1100 1650 2 2 0 0 100 140 
3000 3600 3 2 120 70 65 0 
3000 3900 1 2 0 84 96 65 
2000 3000 2 1 0 105 96 75 
1800 2340 2 2 130 0 100 0 
2400 2880 2 1 0 98 104 70 
2600 3900 3 2 130 120 0 0 
1500 1950 1 1 0 150 0 130 
2900 3480 2 2 0 150 0 130 
1400 2100 1 1 0 0 140 150 
2200 2860 3 1 140 100 0 0 
2300 3450 3 1 110 0 110 0 
2800 3920 1 1 0 120 0 140 
1900 2850 3 2 0 0 150 130 
2600 3640 2 2 100 0 130 0 
2400 3360 2 1 88 91 50 0 
1000 1100 1 2 0 0 140 120 
2600 3120 1 1 140 0 130 0 
1000 1200 2 2 104 77 55 0 
2600 3120 3 2 104 98 50 0 
2400 3120 1 1 70 70 60 55 
1900 2470 2 1 0 105 112 65 
2400 2640 3 1 100 0 100 0 
1800 2520 1 1 130 0 110 0 
2800 3080 1 1 0 105 88 60 
2100 2310 3 2 55 50 60 65 
1200 1320 2 1 0 0 110 130 
2500 2750 2 2 50 60 65 65 
2800 3640 2 2 120 98 70 0 
1100 1320 3 1 0 150 0 140 
1500 1800 3 1 0 100 0 130 
1100 1540 2 1 80 77 55 0 
1600 2080 1 1 140 140 0 0 
1600 2240 3 1 0 0 140 110 
1300 1560 3 2 0 0 120 140 
1300 1690 2 2 0 130 0 100 
1400 1820 3 1 0 0 140 140 
1100 1210 1 2 0 140 0 120 
2200 2420 2 1 0 0 140 130 
1300 1430 2 2 0 100 0 100 
3000 3600 3 2 70 65 65 75 
1400 1820 3 1 0 150 0 110 
2000 2400 1 2 0 140 0 130 
2400 2640 3 1 0 120 0 110 
2700 2970 1 2 110 0 150 0 
2200 3080 3 1 0 110 0 140 
1800 2700 1 2 130 110 0 0 
2700 4050 2 2 88 77 75 0 
2300 2760 2 1 50 55 55 70 
1700 1870 3 2 120 130 0 0 
1100 1430 3 2 100 100 0 0 
1400 2100 2 1 0 77 120 60 
2700 3780 3 2 0 0 120 150 
1800 2700 3 2 104 98 60 0 
1700 2210 2 1 100 110 0 0 
2400 2880 2 2 150 0 140 0 
2700 3780 1 2 0 0 140 140 
1600 2240 2 1 0 0 110 110 
1600 2240 3 2 0 0 120 140 
1600 1920 2 2 0 0 120 120 
2000 2400 2 2 110 0 150 0 
2400 3360 1 1 100 0 100 0 
2200 2420 3 2 150 150 0 0 
2500 2750 1 1 75 65 60 50 
2700 2970 3 1 130 0 150 0 
2600 3640 1 1 75 60 70 60 
1100 1650 1 2 0 0 110 110 
2300 3220 3 2 112 77 75 0 
2200 2640 3 1 0 150 0 130 
2000 3000 3 2 140 100 0 0 
1300 1430 2 1 130 140 0 0 
1800 2160 1 2 150 0 130 0 
2300 2530 2 1 150 0 140 0 
1900 2850 1 1 130 0 150 0 
2700 4050 2 2 0 110 0 130 
3000 3600 3 1 0 0 110 110 
3000 4200 3 2 120 98 75 0 
2300 2990 3 2 0 84 120 65 
1400 2100 3 1 0 110 0 110 
1000 1400 1 2 0 70 104 55 
2500 3250 2 1 120 110 0 0 
2500 3000 3 1 0 120 0 100 
1000 1300 1 1 0 110 0 130 
3000 4200 2 2 0 91 120 60 
2000 2400 3 1 112 77 75 0 
1400 1680 3 2 0 110 0 130 
2000 2400 3 1 0 0 100 110 
2300 2990 2 2 110 0 140 0 
2500 3500 2 1 0 105 88 50 
2500 3750 1 2 0 70 88 55 
2900 4350 2 1 70 75 60 70 
1600 2080 1 2 140 140 0 0 
1700 2550 1 1 0 91 96 65 
1600 2080 2 2 112 70 60 0 
2300 2990 2 2 0 91 104 65 
2700 2970 3 1 0 140 0 110 
1100 1540 2 2 150 0 150 0 
2700 3780 3 2 100 150 0 0 
1400 1680 2 2 65 50 75 75 
1900 2090 2 1 140 110 0 0 
1400 1820 3 2 140 130 0 0 
1100 1650 1 2 0 0 150 100 
1000 1400 2 2 150 0 150 0 
1300 1690 1 1 120 0 130 0 
2200 3300 1 1 60 60 70 75 
2200 2420 3 2 120 84 55 0 
2100 2520 2 1 112 98 50 0 
2900 3190 3 1 0 150 0 110 
1500 1800 3 2 0 120 0 100 
2200 2420 2 1 75 70 60 55 
1100 1320 2 1 0 130 0 130 
2100 2520 3 1 110 130 0 0 
2100 2940 1 1 0 130 0 110 
1900 2090 2 1 0 120 0 100 
1500 2100 1 1 0 105 112 50 
2300 3220 3 1 0 70 96 50 
2300 3220 3 2 65 50 70 70 
1100 1430 2 1 0 0 100 140 
2400 3360 2 1 0 91 88 75 
2500 3500 1 2 150 0 150 0 
2000 2400 2 2 112 84 65 0 
2200 2860 2 1 0 98 96 50 
2600 3120 1 2 130 150 0 0 
3000 4500 1 1 140 0 140 0 
1500 1800 3 2 130 0 110 0 
2300 2760 1 1 80 70 60 0 
2100 3150 3 2 100 0 100 0 
2800 4200 2 1 104 70 55 0 
1100 1540 3 2 0 0 120 110 
1400 1820 3 2 0 84 80 70 
1300 1820 1 1 140 0 120 0 
2900 4350 1 2 80 70 50 0 
1100 1320 2 2 55 70 65 70 
2900 4060 1 1 0 70 96 65 
2900 3190 1 1 150 130 0 0 
1700 2210 3 2 0 77 80 65 
1700 2040 3 1 80 84 65 0 
2500 3000 1 2 0 77 120 70 
2300 2760 1 2 0 0 150 120 
2900 3480 3 2 100 110 0 0 
2200 2860 3 2 0 105 104 60 
2500 2750 2 1 0 0 100 110 
2400 2640 1 1 120 100 0 0 
1000 1500 2 1 60 70 65 75 
1400 1540 1 2 150 0 100 0 
1800 1980 1 1 120 0 150 0 
2700 3780 1 2 0 98 112 75 
2200 2640 3 2 0 120 0 100 
2500 3000 1 1 0 0 150 110 
2300 2990 3 1 0 130 0 140 
2500 3000 2 1 0 77 80 75 
2200 3300 2 1 0 110 0 110 
2800 4200 2 1 0 0 120 110 
2000 2800 1 2 75 70 60 65 
1800 2520 2 2 0 110 0 100 
1700 2380 1 1 0 0 150 140 
3000 3300 1 1 0 84 120 50 
2700 3780 2 2 0 0 110 150 
3000 4200 3 2 88 98 70 0 
1700 1870 3 2 0 130 0 130 
1200 1560 2 2 88 98 60 0 
1700 2380 2 1 50 70 70 65 
1600 2240 1 2 120 0 100 0 
1800 2160 1 2 80 91 75 0 
2300 2760 1 1 150 110 0 0 
2400 3120 1 1 120 84 75 0 
1700 1870 2 2 0 105 96 55 
3000 4200 2 1 0 91 112 65 
2100 3150 2 2 100 120 0 0 
2000 2200 3 1 0 77 112 70 
2400 3120 3 1 70 70 55 50 
2700 4050 2 1 0 140 0 150 
2600 3380 2 1 0 98 120 60 
2500 2750 1 2 150 120 0 0 
2100 2730 2 2 0 0 150 150 
2500 3500 1 1 0 0 120 110 
1100 1650 2 1 140 0 100 0 
2900 3190 3 1 0 0 140 100 
2900 3190 1 2 110 110 0 0 
2500 3750 1 2 130 0 140 0 
1600 1760 2 2 100 0 100 0 
2300 2530 1 1 130 0 120 0 
2000 2200 3 2 75 50 55 60 
2600 3900 3 2 112 98 50 0 
2300 2530 1 2 96 105 75 0 
1100 1540 2 2 70 65 65 70 
1300 1820 2 2 75 70 55 70 
2600 3120 3 1 0 0 150 100 
2200 3300 2 2 96 105 70 0 
1800 2700 3 2 112 77 60 0 
1600 2400 1 2 0 0 130 140 
1000 1300 1 1 100 0 110 0 
2000 2200 1 1 100 140 0 0 
1300 1560 3 1 140 130 0 0 
1100 1650 2 1 100 0 150 0 
2700 3240 1 2 0 110 0 110 
1100 1320 1 2 104 70 55 0 
1900 2850 1 1 0 70 104 75 
2300 2530 2 1 0 84 104 60 
1000 1500 3 1 150 100 0 0 
2700 4050 2 2 70 50 65 65 
1000 1100 3 2 120 0 130 0 
2500 3750 2 2 0 150 0 110 
1700 1870 3 2 110 0 100 0 
1600 2080 2 1 0 0 150 130 
1700 1870 2 2 0 0 130 130 
2100 2310 2 1 0 105 120 60 
2400 3360 3 1 104 105 55 0 
1600 2400 1 1 0 150 0 150 
1100 1650 3 1 0 0 130 150 
2500 2750 1 1 0 77 96 65 
2500 3500 1 2 150 0 100 0 
2200 3300 1 1 0 120 0 140 
2200 3080 2 2 0 84 96 55 
1600 2240 1 2 70 75 50 55 
1300 1690 3 2 0 110 0 130 
1800 2340 1 2 120 140 0 0 
1300 1430 1 2 140 150 0 0 
2100 2310 2 2 70 70 65 55 
2000 3000 3 1 150 0 140 0 
2600 2860 1 1 100 150 0 0 
2600 3900 2 1 130 0 110 0 
2100 2730 3 2 50 50 65 75 
1200 1560 3 1 112 77 60 0 
1600 2080 2 1 110 100 0 0 
2200 2640 1 2 55 60 60 50 
