256
256000
2 3 4
0
1800 2520 3 1 0 150 0 120 
3000 4500 2 2 65 65 55 75 
1800 2700 1 1 0 77 88 65 
1900 2850 1 1 80 98 60 0 
2800 4200 3 1 0 84 104 65 
3000 4200 3 2 80 70 70 0 
2200 3080 3 2 60 60 60 55 
1100 1540 1 2 112 70 55 0 
1600 2400 1 1 88 77 60 0 
1000 1400 3 1 88 70 50 0 
1900 2280 1 1 50 60 55 70 
1900 2090 1 1 120 105 60 0 
2000 2200 2 1 140 140 0 0 
2200 2860 3 1 96 98 50 0 
2000 2800 1 1 0 0 140 100 
2900 4350 3 1 80 98 75 0 
1500 1950 2 1 0 130 0 120 
1500 1800 1 1 0 100 0 100 
2700 3780 2 1 130 0 120 0 
2600 3380 1 1 0 130 0 140 
2400 3360 2 1 0 0 130 140 
1100 1540 2 2 0 84 104 75 
3000 3300 1 1 110 130 0 0 
1300 1430 3 1 0 110 0 130 
2600 3640 2 2 0 150 0 110 
1500 1650 1 1 140 0 100 0 
2900 4060 1 1 100 100 0 0 
2600 3900 3 1 0 0 150 140 
2900 4350 2 2 150 130 0 0 
1600 1760 1 1 60 55 55 70 
2400 2640 1 1 104 105 75 0 
2100 2940 3 2 150 150 0 0 
1400 1960 1 1 100 120 0 0 
2700 2970 3 1 0 0 140 130 
2900 3480 3 1 0 130 0 120 
2500 3250 2 2 60 75 55 50 
1900 2660 1 2 50 50 60 60 
1500 1800 3 1 0 70 80 55 
2600 3380 3 1 70 50 65 70 
2100 2940 3 1 96 84 60 0 
2600 3640 3 1 0 0 110 130 
2500 3250 2 2 120 84 55 0 
1900 2280 3 2 150 100 0 0 
2400 3600 2 2 112 84 75 0 
2400 3120 3 1 150 110 0 0 
2000 3000 1 1 0 105 88 60 
2000 2200 1 1 0 140 0 120 
2900 3770 2 2 0 130 0 130 
2000 3000 3 2 0 0 150 110 
3000 3600 1 2 150 0 120 0 
1200 1800 1 2 0 0 140 130 
1400 1540 2 2 120 110 0 0 
2200 2860 2 1 55 60 55 50 
1000 1500 1 1 0 91 88 50 
2500 3000 3 2 120 77 75 0 
1000 1300 2 1 0 150 0 110 
1600 2400 2 2 0 120 0 120 
1900 2660 2 1 50 75 55 50 
2100 2730 3 1 100 0 140 0 
2800 3920 3 2 55 70 55 60 
3000 4200 1 1 110 100 0 0 
1300 1560 3 1 110 110 0 0 
2300 3450 3 1 0 150 0 110 
1000 1300 2 2 120 91 70 0 
2200 2860 3 1 110 0 130 0 
2300 3450 3 2 112 91 75 0 
2300 3450 1 2 0 77 120 60 
1400 1820 3 1 0 98 80 50 
1400 2100 1 2 150 140 0 0 
1100 1320 1 1 0 100 0 130 
2000 2800 2 2 0 0 120 150 
1400 1680 1 1 100 120 0 0 
2600 3640 1 1 0 77 80 55 
3000 4200 2 2 0 140 0 110 
2500 2750 3 1 0 0 150 140 
2500 3250 1 1 0 110 0 130 
2200 2640 1 1 88 105 65 0 
2700 3510 1 1 0 98 80 50 
1400 2100 3 1 150 110 0 0 
1600 1920 1 1 130 0 100 0 
2400 2640 2 2 130 0 150 0 
2200 3080 1 1 0 84 104 55 
2800 3920 2 1 0 140 0 110 
1800 2160 3 2 140 0 120 0 
3000 4500 1 2 112 70 75 0 
2800 3920 3 2 140 110 0 0 
2800 3080 2 2 112 98 70 0 
2100 2310 3 1 100 0 150 0 
1600 1760 2 1 0 140 0 130 
2100 2940 2 2 0 0 150 110 
2700 2970 1 2 0 0 110 100 
1100 1540 1 1 0 98 120 75 
2000 2400 2 1 112 98 60 0 
1000 1400 1 1 120 120 0 0 
2000 2200 2 1 0 105 104 75 
3000 4500 2 2 0 0 140 140 
1700 2380 3 1 0 110 0 110 
3000 3900 2 1 55 55 60 50 
1200 1800 3 2 120 130 0 0 
3000 3600 3 1 75 60 75 70 
2300 3450 2 1 140 0 130 0 
2100 2730 1 1 55 50 55 60 
2000 2200 2 2 130 150 0 0 
2900 3480 2 1 140 130 0 0 
2400 3360 2 1 0 0 150 110 
1600 2080 1 1 150 150 0 0 
2400 2640 2 2 0 100 0 110 
2900 3480 2 1 112 77 55 0 
2800 3080 1 2 104 105 70 0 
2000 2600 2 1 0 150 0 100 
2600 3900 1 2 110 0 140 0 
1800 2160 2 2 80 70 70 0 
2200 2420 2 1 140 0 150 0 
2200 3080 2 1 150 0 110 0 
2700 3780 3 2 60 75 60 55 
2300 3220 3 2 0 98 96 50 
2800 3640 1 2 104 77 50 0 
1500 2100 3 1 0 91 104 55 
2500 3500 3 2 50 70 55 70 
3000 3900 1 1 0 0 110 110 
2200 3080 3 1 0 91 88 70 
2600 3640 2 2 110 0 120 0 
2700 3510 1 2 130 140 0 0 
1400 2100 2 1 0 130 0 140 
2200 2420 2 2 0 84 104 65 
1600 2240 3 1 0 0 130 130 
1300 1820 1 2 140 130 0 0 
2400 3120 1 2 0 130 0 150 
2700 3780 1 1 0 110 0 130 
2100 3150 3 1 130 150 0 0 
1700 1870 2 2 0 98 112 55 
2100 2730 2 1 55 60 50 60 
1200 1800 2 1 0 105 112 50 
1400 1680 1 1 0 105 112 60 
1400 1960 3 1 70 55 65 75 
2400 3360 3 2 55 65 75 65 
1200 1680 2 1 0 130 0 140 
2900 3480 2 1 88 77 70 0 
3000 3600 2 1 0 120 0 150 
2100 2730 1 1 96 77 55 0 
1300 1820 3 2 110 0 150 0 
1700 2040 2 1 112 98 75 0 
2100 3150 3 2 0 150 0 150 
1000 1100 2 2 0 0 120 140 
2500 3500 1 1 65 75 50 50 
2400 2640 1 2 0 130 0 120 
2200 2640 3 1 96 84 50 0 
2900 4060 2 1 150 100 0 0 
2800 3360 3 2 70 70 65 60 
1800 2520 1 1 0 70 96 65 
2200 2640 2 2 75 60 70 70 
1700 2380 3 1 0 120 0 130 
1300 1690 3 1 0 105 104 65 
2500 3500 2 2 120 100 0 0 
1200 1800 2 2 0 0 120 140 
2300 3450 1 1 88 98 50 0 
2900 3770 3 1 0 130 0 100 
2000 3000 2 1 120 84 65 0 
1100 1210 2 2 65 65 70 70 
1300 1430 2 2 0 0 120 110 
3000 3900 2 1 0 105 96 50 
1200 1320 2 2 130 150 0 0 
1600 1920 3 1 150 0 100 0 
2900 3770 3 1 110 140 0 0 
1300 1560 3 1 60 75 65 60 
2600 3640 2 1 100 120 0 0 
1500 2100 3 2 80 98 50 0 
2900 4350 1 1 96 91 50 0 
1300 1690 3 1 75 60 65 60 
1900 2280 1 2 70 70 65 70 
2200 2640 1 2 80 91 65 0 
2300 2760 2 1 120 0 140 0 
1000 1400 2 2 0 100 0 110 
2300 3450 2 2 100 0 130 0 
1700 2380 3 1 0 84 96 60 
1900 2470 3 1 0 0 100 150 
1600 2240 3 1 100 0 120 0 
2700 3780 3 2 140 0 130 0 
1300 1950 3 2 110 0 130 0 
1500 1800 2 2 110 150 0 0 
1800 2520 1 2 110 0 120 0 
1000 1400 2 1 110 0 120 0 
1100 1210 2 1 140 0 100 0 
1700 2550 2 2 110 0 150 0 
1300 1820 2 2 88 70 55 0 
1700 2040 3 1 0 140 0 150 
1000 1400 3 1 100 0 100 0 
2000 2400 3 2 80 91 75 0 
2700 3510 3 1 60 55 50 55 
1900 2660 3 1 0 0 110 150 
2000 2800 3 2 0 0 140 120 
1600 1760 3 2 0 0 140 140 
2800 4200 2 2 65 75 65 55 
2500 3750 3 2 0 77 120 70 
1800 1980 1 2 0 0 150 100 
1000 1100 2 1 0 70 112 50 
1500 1650 1 2 75 75 50 60 
2400 3600 3 1 140 0 150 0 
1000 1500 3 2 100 100 0 0 
2500 3250 1 1 0 0 150 100 
1200 1440 1 2 0 84 88 60 
1500 2100 1 1 0 120 0 140 
1300 1690 1 2 0 0 150 150 
1900 2660 3 1 0 0 130 120 
1400 1960 3 2 0 130 0 100 
1500 2250 3 2 120 130 0 0 
2700 3510 2 2 130 0 150 0 
2300 3450 3 1 0 0 120 120 
2300 2530 2 1 88 77 70 0 
2700 3240 3 1 0 98 112 65 
2200 2420 1 2 120 0 150 0 
3000 4200 3 1 112 98 60 0 
2700 4050 3 2 100 110 0 0 
2700 4050 3 2 0 0 150 140 
2800 3360 1 1 140 110 0 0 
1500 2250 1 2 0 0 130 130 
1500 1650 2 1 110 0 100 0 
2300 3450 1 1 100 0 140 0 
2000 2400 3 2 75 55 60 75 
1400 2100 2 1 88 98 65 0 
1300 1950 2 2 80 70 70 0 
2900 4350 2 2 96 91 65 0 
2000 2800 3 2 140 120 0 0 
1600 2080 2 1 0 91 112 60 
2400 2640 2 2 120 110 0 0 
1000 1200 2 1 0 0 140 140 
2500 3000 1 1 112 105 75 0 
2800 3640 1 2 0 91 112 55 
2300 3220 1 1 50 65 55 75 
2600 3640 3 2 50 70 70 60 
1400 1960 1 1 110 0 110 0 
1700 1870 3 2 0 91 96 65 
1600 1760 2 2 80 105 55 0 
2900 4350 2 1 140 150 0 0 
1500 2250 3 1 55 55 50 65 
2400 3360 3 1 0 84 88 75 
1900 2090 1 1 100 150 0 0 
1500 2100 3 1 0 110 0 120 
2400 3600 2 2 0 98 88 70 
2800 3080 2 2 140 0 150 0 
2000 2400 1 1 0 140 0 130 
3000 3600 1 2 0 77 120 50 
2500 3000 1 2 0 0 100 150 
2500 3750 3 1 0 140 0 130 
2800 3080 1 1 0 77 96 60 
1000 1300 3 1 70 50 75 70 
1100 1320 2 1 80 105 55 0 
3000 3900 1 1 130 150 0 0 
2200 2860 1 1 112 70 60 0 
2300 2990 3 1 88 84 70 0 
1500 1800 1 1 0 120 0 150 
1300 1560 1 1 0 0 140 130 
2900 4350 3 2 0 0 120 130 
2800 4200 3 1 140 150 0 0 
2300 2530 3 2 0 0 130 100 
2300 2530 3 2 0 140 0 100 
