512
512000
2 3 4
28
0 1 2 150 2 2
490 153
1 1 5 180 4 4
211 159 22 255 106
2 1 3 290 3 3
303 244 387
3 1 7 160 5 6
468 330 282 165 506 191 83
4 1 5 190 2 5
157 196 55 186 485
5 1 8 110 3 4
444 334 77 212 298 347 188 202
6 1 4 300 2 2
221 226 336 498
7 1 4 190 4 4
327 452 450 371
8 1 5 120 4 5
464 16 318 203 328
9 1 8 140 2 5
508 101 186 350 31 154 311 13
10 1 8 250 2 5
159 398 390 471 47 422 491 162
11 1 2 260 2 2
490 346
12 1 3 140 3 3
255 337 428
13 1 2 130 2 2
499 361
14 1 3 210 3 3
381 83 506
15 1 7 180 7 7
186 450 183 141 95 484 112
16 1 3 190 2 3
383 494 395
17 1 5 130 2 2
179 107 32 268 416
18 1 6 210 2 4
277 135 350 62 154 273
19 1 2 260 2 2
194 221
20 1 8 120 3 7
229 461 272 86 242 17 510 136
21 1 8 210 7 7
350 70 238 507 166 22 215 95
22 1 3 160 2 2
375 103 354
23 1 2 280 2 2
225 237
24 1 8 140 8 8
386 221 436 8 348 239 485 28
25 1 3 110 2 2
338 475 307
26 1 6 240 5 5
464 161 166 382 89 303
27 1 7 140 3 5
504 186 121 378 375 286 143
1700 1870 2 2 0 110 0 140 
1200 1800 1 2 96 70 65 0 
2800 3080 1 1 120 0 110 0 
1900 2280 1 1 140 0 100 0 
2000 2800 3 1 0 70 112 55 
2000 3000 1 2 100 150 0 0 
1600 1760 1 2 100 140 0 0 
1700 2550 2 1 0 0 110 150 
2700 3510 1 2 0 105 120 50 
1400 1680 2 2 100 130 0 0 
2900 4060 3 1 0 100 0 100 
3000 3600 2 2 88 77 60 0 
2500 3250 2 1 0 0 100 130 
1800 2700 3 1 0 84 120 65 
2100 3150 3 1 150 0 100 0 
1800 2700 1 1 0 0 120 150 
2700 2970 1 1 150 130 0 0 
1500 1950 3 2 140 0 110 0 
1700 2550 1 1 120 0 100 0 
2700 4050 1 1 50 75 70 65 
1200 1800 2 1 100 0 110 0 
2600 3900 1 2 0 150 0 110 
2800 3920 2 2 50 60 50 65 
1200 1440 2 2 0 0 130 150 
1300 1690 3 2 88 105 50 0 
1200 1320 1 2 0 0 140 140 
1700 2380 1 2 0 98 80 70 
3000 3900 2 1 65 60 75 70 
1900 2660 3 2 100 0 120 0 
2000 2400 2 1 0 84 112 60 
1500 1650 2 2 65 70 70 60 
1300 1560 3 1 0 130 0 150 
2500 2750 1 2 100 0 120 0 
1400 1540 1 2 0 140 0 140 
2700 4050 1 2 120 110 0 0 
1000 1500 3 2 0 130 0 150 
2900 3770 3 2 0 140 0 140 
3000 3300 2 1 65 65 70 55 
2700 2970 1 2 65 65 50 60 
1700 2550 1 2 0 0 140 150 
1700 2380 2 2 110 0 150 0 
1200 1440 1 2 120 100 0 0 
1900 2090 3 2 112 77 55 0 
2700 3240 3 1 0 91 96 65 
1500 2100 2 1 96 98 65 0 
2900 4060 2 1 120 105 55 0 
2000 2400 1 1 0 70 80 70 
1100 1320 2 1 120 150 0 0 
2400 3360 2 2 100 100 0 0 
1100 1320 3 1 0 130 0 150 
1300 1950 3 2 0 105 120 75 
2500 3000 2 2 0 100 0 100 
1100 1540 3 2 112 91 60 0 
1500 1950 1 2 0 70 104 55 
2400 3120 1 1 140 110 0 0 
2600 3120 3 1 140 0 130 0 
1400 2100 3 1 0 105 96 50 
2700 3780 1 1 130 0 120 0 
2600 3120 3 1 70 50 50 65 
2400 3600 3 2 70 70 55 60 
3000 4500 2 1 112 98 70 0 
1800 2700 3 2 150 0 140 0 
2700 3240 2 2 65 70 60 75 
1500 1650 2 1 120 0 110 0 
1500 1650 2 1 120 0 120 0 
2100 2730 2 2 0 84 104 75 
2800 3640 1 2 0 140 0 130 
1100 1650 2 2 0 0 100 120 
2300 3220 1 1 0 110 0 110 
1200 1560 3 1 55 75 75 75 
1000 1300 3 2 0 0 130 120 
2600 3640 2 2 75 65 50 60 
1200 1560 1 2 55 75 65 65 
2700 4050 2 2 70 55 55 50 
2400 3120 2 2 65 65 55 50 
3000 4200 2 1 0 120 0 130 
2400 2880 1 1 75 75 55 65 
3000 3600 3 2 0 0 100 130 
2400 3120 3 1 0 77 104 60 
2200 3300 3 2 0 0 150 120 
1000 1200 3 1 112 84 55 0 
1900 2660 3 2 0 70 104 55 
1900 2470 3 2 0 0 110 120 
2400 3120 1 1 0 77 80 65 
1400 2100 2 2 70 75 60 75 
1500 1800 3 2 104 77 65 0 
1600 2080 3 1 150 0 130 0 
2100 2310 2 1 112 91 70 0 
2500 3750 2 2 110 120 0 0 
1500 1950 1 1 100 0 100 0 
2000 2800 3 2 0 0 100 140 
1000 1100 2 1 60 55 50 50 
2900 4060 3 1 0 91 104 65 
2200 3080 3 2 120 130 0 0 
1000 1400 2 2 50 75 75 50 
2500 3500 1 1 0 105 80 50 
2400 2640 1 1 100 0 130 0 
1100 1210 1 2 0 100 0 140 
2800 3080 2 1 0 110 0 120 
1800 1980 1 1 88 70 65 0 
2900 4350 3 1 110 140 0 0 
1200 1320 1 1 0 98 88 75 
1300 1690 3 2 55 50 50 55 
2900 4350 2 1 100 0 130 0 
2400 3120 2 1 130 110 0 0 
1700 2380 3 1 130 130 0 0 
1900 2090 3 1 65 55 75 55 
2900 3190 2 2 150 0 120 0 
2300 2530 3 2 0 100 0 130 
1000 1100 3 1 55 55 70 75 
1900 2090 3 2 100 150 0 0 
2500 3750 1 2 140 0 110 0 
1500 2250 1 1 60 75 60 70 
1400 1960 1 1 100 100 0 0 
1100 1430 2 2 0 100 0 130 
1900 2850 3 1 0 100 0 120 
2000 2800 3 2 0 140 0 150 
2300 2530 2 1 100 150 0 0 
2300 3220 1 1 130 0 120 0 
2600 2860 3 1 70 65 75 50 
2100 2520 1 1 0 140 0 100 
3000 4200 2 1 0 0 120 120 
2400 3120 3 2 130 0 130 0 
1300 1430 2 1 50 60 75 70 
1900 2470 3 2 0 130 0 120 
2700 3780 3 1 80 91 70 0 
2600 3900 1 2 140 130 0 0 
1600 2240 3 2 140 0 110 0 
2300 2530 2 2 130 100 0 0 
1000 1500 2 1 0 0 140 120 
1100 1210 2 2 140 140 0 0 
1600 2240 3 2 150 110 0 0 
2400 2880 1 1 0 0 130 110 
1000 1200 3 1 0 0 130 150 
1300 1820 3 2 120 110 0 0 
2200 2860 2 1 60 50 55 55 
1900 2660 1 1 100 150 0 0 
1400 1540 1 1 0 120 0 130 
2400 3120 2 2 96 77 75 0 
1800 2700 2 1 110 0 130 0 
1800 2700 2 2 100 0 110 0 
2400 3600 1 2 0 77 104 60 
2300 2760 3 1 75 65 55 75 
1000 1100 1 2 70 55 55 50 
1100 1650 1 1 0 0 130 130 
2100 2310 3 1 0 91 120 50 
1100 1430 3 1 0 110 0 130 
2500 2750 1 2 0 84 120 60 
1400 1540 3 2 0 77 88 65 
2300 2990 2 2 0 84 80 55 
2100 2730 1 1 110 0 110 0 
2200 3300 1 1 0 140 0 140 
3000 3300 1 2 0 0 120 110 
2700 3240 2 1 120 120 0 0 
1300 1820 3 1 120 98 55 0 
2400 3360 2 1 0 84 80 50 
2600 3640 2 1 150 0 100 0 
1600 1920 2 2 70 75 60 60 
2500 3500 1 1 104 77 50 0 
1300 1820 2 1 120 0 130 0 
2000 2200 1 2 140 0 120 0 
2800 3640 3 2 100 0 140 0 
2100 2730 2 1 0 77 80 55 
2300 2990 1 2 65 75 70 55 
1900 2850 1 2 140 120 0 0 
2800 3360 1 2 150 150 0 0 
1700 1870 1 2 120 120 0 0 
2400 3600 3 1 150 0 140 0 
2000 2200 1 1 0 140 0 130 
1300 1820 1 1 110 0 150 0 
1600 2240 2 1 140 110 0 0 
2500 2750 3 2 110 0 110 0 
2900 3770 2 2 0 77 120 65 
2700 2970 2 1 0 84 112 70 
1400 1960 1 1 120 0 130 0 
1800 1980 1 2 55 60 70 70 
1000 1100 1 1 0 77 112 60 
2400 2880 2 1 140 0 150 0 
2800 3360 2 1 0 77 104 65 
2000 2200 3 1 110 0 150 0 
3000 4500 3 2 0 0 100 140 
2800 3640 2 1 75 50 55 70 
1200 1440 3 2 140 0 150 0 
1300 1950 3 2 65 65 70 50 
1400 1960 3 1 0 120 0 100 
1400 1680 1 2 0 0 100 140 
1200 1800 2 2 140 0 130 0 
1500 2250 3 1 110 140 0 0 
2300 2990 2 1 0 105 112 65 
2800 3080 2 1 110 0 120 0 
2000 2200 3 2 0 100 0 100 
1300 1430 1 1 0 70 88 50 
2000 2800 2 1 104 91 65 0 
2700 4050 1 1 0 0 110 110 
1100 1320 1 2 150 100 0 0 
1800 2700 1 1 0 100 0 150 
1900 2280 1 1 55 65 70 55 
2200 3080 1 2 150 0 140 0 
1300 1950 2 2 88 91 70 0 
2600 3900 1 1 55 60 60 60 
1500 2250 1 2 100 100 0 0 
1500 2250 2 1 100 0 110 0 
2800 3920 2 2 80 98 50 0 
3000 4500 3 2 150 0 130 0 
1200 1800 2 1 0 84 96 60 
2400 3600 3 2 60 60 50 70 
1600 2080 1 2 0 100 0 130 
2900 3770 3 2 0 70 120 55 
1100 1320 1 2 150 0 100 0 
1800 1980 1 2 0 100 0 100 
2400 3360 2 1 0 98 120 60 
2900 3190 3 2 112 98 50 0 
2900 3770 2 2 0 0 130 110 
2300 3220 1 2 0 140 0 100 
1100 1320 2 2 120 91 70 0 
2500 3000 3 1 110 0 110 0 
2300 3450 3 1 0 91 112 55 
2900 3190 1 2 140 0 130 0 
1100 1320 2 1 0 0 150 100 
1600 1920 1 2 130 0 140 0 
1600 2400 1 2 0 140 0 130 
2200 2860 2 2 120 0 110 0 
1800 2340 3 1 80 77 70 0 
1100 1210 1 2 0 91 96 65 
2700 3780 2 1 60 60 75 50 
1200 1800 1 2 0 77 104 70 
1100 1430 1 2 140 120 0 0 
1700 2550 1 2 100 140 0 0 
2000 2800 3 1 50 75 60 55 
1100 1540 2 1 0 91 80 70 
2000 3000 2 1 100 0 100 0 
1000 1300 2 2 0 0 100 150 
1400 1540 2 1 0 0 140 120 
1100 1210 3 1 0 70 112 65 
2400 3600 3 1 0 140 0 150 
2800 3080 3 1 112 77 50 0 
2600 3640 1 1 70 70 55 60 
2300 2530 1 1 120 120 0 0 
2300 3450 3 1 150 140 0 0 
2500 3000 2 1 0 120 0 150 
1600 2240 2 1 100 120 0 0 
2200 2860 2 1 50 65 70 70 
1100 1650 3 2 0 100 0 140 
2900 3480 2 2 0 70 96 65 
2200 3080 1 1 0 120 0 100 
3000 4200 1 1 130 0 130 0 
2300 2760 1 2 0 150 0 100 
2900 3480 3 1 0 140 0 130 
1400 2100 2 2 0 130 0 110 
2100 2520 2 1 110 120 0 0 
1400 1540 1 1 140 110 0 0 
1700 2040 2 1 0 0 150 110 
2800 3360 2 2 0 140 0 130 
1000 1200 3 2 140 100 0 0 
2500 3250 2 2 140 0 110 0 
1100 1320 1 1 120 91 50 0 
3000 3600 3 2 0 0 100 150 
1000 1500 1 2 96 91 55 0 
2400 2640 1 2 112 91 50 0 
2500 3750 1 1 55 55 50 50 
1000 1400 1 1 0 150 0 150 
1200 1320 1 2 55 50 60 60 
1900 2470 1 2 0 120 0 120 
2600 3120 3 2 0 100 0 100 
1800 1980 1 1 130 110 0 0 
1800 2340 2 1 0 0 130 110 
2500 3500 1 1 0 130 0 110 
2400 2880 3 1 140 110 0 0 
1800 2520 2 2 0 70 112 70 
1800 1980 2 2 110 100 0 0 
1100 1430 1 2 0 100 0 130 
3000 3600 1 1 0 0 120 150 
2200 2640 2 2 55 70 55 50 
1000 1200 3 1 0 0 130 140 
1700 2550 2 1 0 0 100 120 
1000 1400 3 2 70 70 55 70 
2900 3770 1 1 140 130 0 0 
2100 2940 1 1 0 0 130 100 
1000 1300 1 2 75 55 50 60 
2800 3920 1 1 60 75 50 50 
1400 1820 1 2 0 84 88 65 
2000 2800 1 2 0 70 80 55 
2800 3360 3 2 0 105 80 65 
2900 3190 1 2 0 0 140 120 
1300 1560 1 1 0 70 112 65 
1700 2380 2 1 112 70 65 0 
2800 3080 2 1 75 50 70 65 
2000 2200 3 1 140 100 0 0 
2000 3000 3 1 0 91 112 50 
2000 2400 2 1 130 150 0 0 
3000 4200 2 1 120 100 0 0 
1000 1100 1 2 65 65 60 50 
1400 2100 2 2 130 110 0 0 
2500 3750 3 2 150 0 130 0 
2000 2600 3 1 75 70 60 65 
1500 2250 1 2 0 0 130 150 
1700 1870 1 2 140 0 100 0 
2100 3150 2 1 0 0 140 130 
2300 2760 2 2 110 130 0 0 
1900 2090 3 2 104 84 75 0 
2200 2420 1 2 80 91 75 0 
1200 1440 1 1 0 70 80 50 
2900 3190 1 2 140 130 0 0 
1900 2090 1 1 112 84 55 0 
1200 1320 3 2 100 0 110 0 
2400 2880 2 1 75 75 70 70 
1200 1800 3 2 60 75 60 70 
1900 2850 3 2 0 84 88 60 
2300 3450 3 1 120 70 75 0 
1700 1870 3 1 0 140 0 150 
2700 3510 3 1 100 100 0 0 
2300 2760 3 1 0 100 0 150 
1600 1920 1 1 140 0 130 0 
1800 2520 2 1 60 75 60 70 
1200 1560 1 1 120 0 110 0 
2300 3220 3 1 150 140 0 0 
2400 2880 1 1 0 120 0 120 
2100 2310 3 2 150 0 110 0 
2000 2200 3 1 150 0 110 0 
2800 3640 2 2 150 130 0 0 
2600 3900 2 2 0 110 0 110 
2700 2970 3 2 130 0 140 0 
2200 2640 2 1 120 100 0 0 
1700 2210 2 1 110 140 0 0 
1200 1560 3 1 0 0 140 150 
2700 2970 2 2 120 120 0 0 
2800 3920 1 2 60 65 60 60 
2800 3080 1 1 0 0 150 100 
2300 2760 3 1 80 70 75 0 
1500 2250 1 1 0 77 120 60 
2400 3360 1 1 55 75 70 60 
1900 2470 2 1 75 50 55 75 
1900 2280 3 2 112 84 75 0 
2500 3500 1 2 88 91 75 0 
1300 1820 2 2 60 75 50 60 
1300 1820 1 2 70 55 60 75 
1000 1200 1 1 80 84 50 0 
3000 3300 3 2 0 0 130 100 
1900 2280 1 1 110 120 0 0 
1800 1980 2 2 0 110 0 140 
2500 2750 3 1 110 100 0 0 
2400 2880 2 1 50 50 75 75 
1700 2550 3 2 55 70 50 65 
2800 4200 1 2 100 0 150 0 
1200 1680 2 2 110 0 120 0 
2200 2640 1 2 120 150 0 0 
1600 1760 2 2 0 105 88 70 
2400 3360 2 1 150 130 0 0 
1000 1400 1 2 0 0 100 150 
2300 3220 1 1 140 0 110 0 
1900 2850 1 2 0 0 130 120 
1600 2240 1 1 0 0 100 150 
2800 3640 3 1 0 77 112 50 
2600 2860 2 1 140 140 0 0 
2100 3150 1 1 120 77 75 0 
2200 3300 2 2 0 110 0 130 
1400 1820 2 1 0 100 0 130 
1200 1680 2 2 0 150 0 130 
1300 1430 1 2 100 0 140 0 
2400 2640 3 2 96 91 75 0 
1400 1820 1 1 0 0 100 140 
2500 3750 3 1 0 0 150 120 
2000 2200 2 2 88 98 65 0 
2800 3080 2 2 0 77 96 60 
2300 3220 1 1 0 120 0 100 
1100 1320 3 1 0 70 80 60 
2200 3300 3 2 0 130 0 100 
1500 1800 3 1 0 0 140 100 
2500 3500 2 1 0 120 0 120 
1800 2160 2 1 104 77 75 0 
2400 3360 1 2 130 150 0 0 
2900 3190 1 2 0 70 96 55 
2500 3500 1 2 112 84 60 0 
1600 1920 1 2 0 84 120 70 
2600 3900 2 1 0 0 110 120 
1500 1650 2 2 0 0 140 130 
1000 1100 2 2 130 100 0 0 
1500 1950 2 2 112 98 55 0 
1700 2550 3 2 75 70 55 65 
2000 2600 2 2 0 0 140 100 
1600 2240 1 2 0 70 120 70 
2400 3360 1 1 0 0 120 150 
1900 2280 1 1 112 70 70 0 
2500 3000 2 2 120 91 65 0 
2200 2640 2 2 100 0 130 0 
2100 2730 2 2 112 91 55 0 
3000 3600 2 2 0 0 130 100 
2400 2880 3 2 130 130 0 0 
1100 1320 2 2 150 0 150 0 
2300 2530 3 2 104 70 65 0 
2800 3360 1 2 140 0 110 0 
1800 2700 1 2 0 0 110 140 
1900 2090 1 2 0 105 88 65 
2900 3770 1 1 130 130 0 0 
2200 2640 2 1 88 70 65 0 
1500 1800 3 1 0 110 0 130 
2000 3000 1 1 0 98 112 75 
2100 2730 1 2 150 0 150 0 
1800 2160 1 1 0 0 120 120 
2400 2640 1 1 110 100 0 0 
2300 3220 3 1 0 91 120 50 
1200 1440 1 1 0 150 0 120 
1200 1320 3 2 0 110 0 130 
1100 1210 2 1 80 98 75 0 
1000 1100 3 1 120 0 120 0 
2400 3600 3 2 50 75 70 65 
2300 3450 2 1 0 77 88 55 
3000 4500 3 1 110 0 150 0 
1100 1540 2 1 120 100 0 0 
1900 2470 2 2 104 105 65 0 
2300 2760 3 2 0 70 120 70 
1800 2520 2 2 80 77 70 0 
2700 3780 2 1 75 50 60 55 
1700 2210 1 1 100 0 150 0 
1300 1430 1 1 0 91 112 55 
1500 1950 2 1 0 120 0 130 
1700 2040 1 2 0 0 140 120 
1300 1430 2 1 96 105 65 0 
1500 2100 1 2 130 0 150 0 
1500 2100 3 1 120 105 70 0 
2500 2750 2 1 0 0 120 130 
2000 2800 1 1 140 100 0 0 
1600 2400 2 1 120 130 0 0 
1200 1680 1 2 140 0 140 0 
1400 2100 2 1 0 0 100 130 
2500 3000 3 2 110 120 0 0 
3000 4500 1 2 130 0 130 0 
2500 3500 2 1 130 140 0 0 
1000 1100 2 2 104 77 65 0 
1200 1320 2 2 120 70 70 0 
2200 2640 3 2 60 50 50 55 
1400 1820 3 2 0 0 130 110 
1200 1560 1 1 0 150 0 130 
2200 3080 1 2 70 75 75 60 
1000 1500 3 2 0 98 120 50 
1900 2280 2 2 100 130 0 0 
1300 1560 2 2 0 150 0 140 
2700 3240 1 1 0 0 140 120 
2700 3240 1 2 0 0 150 140 
2700 4050 3 1 0 0 140 150 
1400 1540 3 2 0 140 0 150 
2400 3120 2 1 110 0 140 0 
2000 2400 3 2 0 0 130 120 
2000 2400 3 1 50 65 55 75 
2000 2800 2 2 0 0 130 120 
1000 1400 3 2 100 110 0 0 
2800 3920 2 2 75 60 75 55 
2200 3080 2 1 150 150 0 0 
3000 3900 2 2 0 140 0 110 
1800 1980 1 2 150 0 150 0 
1700 2040 1 2 0 140 0 140 
1800 2160 2 2 0 70 96 50 
2400 3360 2 2 0 84 120 70 
1200 1800 2 2 0 0 150 120 
1800 2160 2 2 120 98 70 0 
2600 2860 2 2 120 100 0 0 
2700 3240 3 2 130 0 110 0 
2600 3380 2 1 130 0 140 0 
2200 2860 1 2 0 105 120 55 
2300 3220 1 2 150 0 100 0 
1800 2160 3 1 70 65 60 55 
2800 4200 2 2 96 70 65 0 
2800 3920 1 2 60 70 65 55 
2200 3080 2 1 150 110 0 0 
2200 3080 1 2 0 105 80 60 
1500 1650 3 1 120 105 55 0 
1200 1320 2 1 0 84 88 60 
2400 2880 3 1 150 0 110 0 
2900 3480 2 2 0 120 0 140 
1200 1800 3 2 0 70 120 50 
1000 1100 1 2 150 0 110 0 
1500 1950 2 2 0 0 140 140 
1200 1440 3 2 0 150 0 140 
1800 2160 1 2 150 150 0 0 
2800 3360 2 1 80 91 75 0 
2400 2640 3 2 0 0 120 130 
2800 4200 1 2 130 0 110 0 
1700 2210 3 1 70 60 60 60 
1500 1650 2 1 130 0 120 0 
2600 2860 1 1 0 105 112 65 
3000 3900 1 1 70 75 60 55 
1700 2380 1 2 0 150 0 150 
1500 1650 3 2 130 0 110 0 
2600 3640 1 1 0 77 104 50 
1700 1870 2 1 150 130 0 0 
2300 3450 1 2 0 100 0 110 
2300 2990 3 2 50 60 55 65 
3000 3600 2 1 0 77 80 65 
2200 2640 1 2 50 60 65 50 
1400 2100 2 2 0 150 0 130 
2100 2520 1 1 70 75 65 60 
1400 2100 3 2 0 120 0 130 
2800 4200 3 1 60 55 50 75 
3000 3900 2 1 60 75 65 75 
1400 2100 2 2 0 98 104 75 
3000 3900 1 2 75 60 60 55 
1300 1560 1 2 0 0 100 150 
1500 2100 1 1 140 140 0 0 
1700 1870 2 2 100 0 130 0 
2600 2860 2 1 110 0 130 0 
1200 1320 3 2 88 70 55 0 
1200 1320 3 1 120 130 0 0 
1100 1540 1 1 0 98 88 60 
2900 3480 3 2 150 130 0 0 
2600 2860 2 2 0 130 0 120 
3000 3900 2 1 65 75 50 55 
1400 1820 3 2 130 0 150 0 
1100 1650 2 1 55 65 50 65 
2400 3120 3 1 0 150 0 100 
1600 2080 3 1 120 91 55 0 
1100 1210 3 2 55 55 60 55 
2000 2400 2 1 0 110 0 150 
