512
512000
2 3 4
34
0 1 3 160 3 3
172 211 357
1 1 7 210 5 7
104 291 222 419 124 152 240
2 1 8 260 8 8
103 201 208 170 171 295 499 111
3 1 5 160 4 5
91 89 72 22 38
4 1 2 140 2 2
31 70
5 1 5 130 5 5
292 469 172 327 309
6 1 6 170 5 6
362 485 388 255 351 83
7 1 5 190 5 5
176 67 167 96 438
8 1 3 220 3 3
159 73 264
9 1 4 220 3 4
7 208 10 503
10 1 2 170 2 2
33 250
11 1 6 250 3 5
430 151 462 89 61 168
12 1 5 130 3 5
405 17 509 424 237
13 1 3 100 2 2
96 101 433
14 1 6 290 5 5
413 306 403 441 96 363
15 1 3 130 3 3
118 278 436
16 1 8 260 2 7
408 280 244 53 190 492 182 359
17 1 4 170 3 3
139 95 275 402
18 1 8 160 7 7
84 204 400 38 405 150 454 214
19 1 8 180 5 7
346 48 23 503 320 391 301 175
20 1 5 270 5 5
273 473 344 376 377
21 1 3 180 2 2
34 451 227
22 1 3 150 2 3
322 498 382
23 1 7 140 4 5
449 50 178 384 22 416 25
24 1 8 260 5 6
152 464 346 418 467 504 218 338
25 1 5 180 5 5
83 482 173 416 274
26 1 2 190 2 2
255 209
27 1 4 170 4 4
360 490 368 305
28 1 2 110 2 2
437 82
29 1 5 210 5 5
293 270 421 242 445
30 1 3 240 2 2
227 83 229
31 1 2 200 2 2
434 148
32 1 6 180 4 4
48 205 337 344 144 462
33 1 6 260 4 6
236 3 234 5 62 350
1700 2040 1 2 110 110 0 0 
2900 3770 3 1 65 60 65 55 
1200 1320 1 1 80 98 70 0 
1700 2210 1 1 120 84 70 0 
2900 3190 2 1 110 0 130 0 
1600 2080 1 2 65 75 75 60 
2700 4050 3 1 96 91 50 0 
1400 2100 2 1 110 0 150 0 
1900 2660 1 1 100 0 120 0 
1700 2210 1 1 60 75 55 60 
2200 3300 2 2 110 150 0 0 
2200 2420 3 2 0 70 120 50 
2300 2760 3 2 80 70 75 0 
1000 1300 1 1 140 140 0 0 
2100 2730 1 1 0 98 88 65 
2800 3080 2 2 150 0 150 0 
1400 2100 3 1 0 77 80 50 
1300 1430 1 2 150 130 0 0 
2100 2730 2 1 0 70 120 70 
1300 1560 3 2 80 77 75 0 
1200 1800 1 2 60 50 60 55 
1900 2280 3 1 0 0 110 100 
1500 2100 3 1 0 0 110 120 
2800 3640 1 2 100 150 0 0 
2800 3080 2 1 120 130 0 0 
2700 3240 2 2 0 100 0 140 
1800 2700 2 1 110 0 120 0 
2700 2970 1 2 0 91 96 60 
1400 1820 2 2 65 55 65 65 
1500 2100 2 1 100 120 0 0 
2800 4200 1 1 0 110 0 100 
2900 4350 3 2 130 0 110 0 
2600 3640 1 1 120 100 0 0 
2900 3770 2 1 55 75 75 75 
2300 2760 1 2 140 150 0 0 
1800 2520 1 1 0 105 88 65 
1100 1540 1 2 112 70 70 0 
1600 2080 2 2 0 0 120 110 
2000 3000 1 1 0 0 110 110 
1300 1560 1 1 0 70 88 55 
1800 1980 2 2 0 98 104 75 
1800 2700 1 2 88 91 65 0 
2500 3250 1 1 0 84 80 65 
2100 3150 1 1 0 77 88 65 
1600 2080 1 2 120 100 0 0 
2400 2880 1 1 0 105 112 65 
1800 2340 2 1 0 150 0 110 
1500 2250 1 1 0 150 0 150 
1100 1320 1 2 100 100 0 0 
1800 1980 3 2 0 0 150 110 
2500 3250 1 1 88 91 75 0 
2100 2730 2 1 140 120 0 0 
1800 2700 3 1 130 130 0 0 
1500 2100 1 2 130 130 0 0 
2200 2860 1 2 55 50 65 60 
3000 3300 1 2 112 77 70 0 
3000 3600 1 2 88 105 75 0 
2900 3770 2 2 150 120 0 0 
2500 2750 3 1 0 0 150 150 
2400 2640 2 2 75 70 55 50 
2500 3000 2 1 150 100 0 0 
1900 2280 1 1 0 130 0 150 
1700 2040 3 1 0 91 112 65 
1600 2400 1 2 0 84 80 65 
1200 1440 1 2 0 140 0 100 
2300 2990 1 1 0 0 120 120 
1100 1430 3 2 0 91 104 60 
2800 4200 2 2 0 0 140 150 
2700 4050 2 2 100 150 0 0 
1200 1800 3 1 110 0 120 0 
3000 3600 1 1 0 100 0 130 
1400 2100 3 1 0 0 140 110 
2600 3120 3 1 96 91 55 0 
2300 2990 2 2 120 98 65 0 
2600 3640 3 2 0 77 104 55 
1400 1680 1 1 88 105 75 0 
2200 3300 1 2 0 77 96 55 
2300 2990 1 2 120 105 70 0 
1300 1690 3 1 55 65 70 55 
1000 1500 3 2 140 110 0 0 
2200 2860 1 2 0 0 120 100 
1500 1650 3 1 55 55 55 50 
2900 3770 3 1 70 50 55 75 
2100 2310 2 2 0 84 96 60 
2800 3080 3 1 75 50 50 70 
1600 1760 1 1 130 0 140 0 
1500 1950 3 1 104 70 60 0 
1300 1430 3 2 112 91 75 0 
2600 2860 1 2 88 98 50 0 
2100 2520 3 1 140 130 0 0 
1800 2340 1 1 0 140 0 120 
2800 3920 3 2 110 150 0 0 
2600 3380 3 2 0 77 120 70 
2100 2940 3 1 0 140 0 150 
2300 3450 1 2 0 0 140 150 
2500 3000 2 1 0 70 96 60 
2800 3080 2 2 0 110 0 150 
1200 1560 2 2 0 0 100 100 
2800 3640 3 2 0 0 140 120 
1000 1400 1 1 110 0 130 0 
2200 3300 3 1 60 55 75 75 
1000 1500 2 2 0 0 110 150 
2700 3240 2 1 110 150 0 0 
2500 2750 1 1 0 110 0 110 
3000 4200 3 1 55 50 50 60 
1700 2380 1 2 100 110 0 0 
2100 2730 1 1 110 0 150 0 
2300 2530 2 1 0 0 110 140 
2200 2860 3 2 140 100 0 0 
1400 2100 1 1 110 100 0 0 
1800 2340 2 1 0 150 0 100 
1700 2210 2 1 100 0 120 0 
1800 1980 2 2 50 60 55 75 
1200 1320 2 2 0 150 0 110 
2800 3360 1 2 110 140 0 0 
2000 3000 1 1 88 91 75 0 
2300 3450 2 2 0 150 0 120 
2300 3450 3 2 96 91 65 0 
2300 3450 1 2 0 150 0 100 
2400 2640 2 2 0 130 0 140 
1800 1980 3 2 80 77 65 0 
2900 3190 2 1 96 91 70 0 
3000 4200 3 1 60 60 70 50 
1100 1320 1 2 110 100 0 0 
2200 2640 3 2 0 130 0 140 
1800 2160 3 2 150 100 0 0 
2600 2860 1 1 75 55 60 60 
1000 1400 1 1 0 0 150 100 
1600 1760 3 2 0 0 130 130 
2900 3190 1 1 140 0 120 0 
2500 2750 1 1 0 0 110 150 
3000 3900 2 2 0 140 0 110 
1600 2240 3 2 0 105 112 55 
1300 1820 1 2 130 0 150 0 
2800 3920 1 1 100 0 110 0 
2800 3080 3 1 80 70 70 0 
2800 4200 1 1 110 0 100 0 
1000 1400 2 2 70 55 75 50 
1600 1760 2 2 0 140 0 120 
1300 1560 3 2 150 0 130 0 
2300 3220 2 1 0 0 150 130 
1400 2100 3 2 75 70 60 50 
1400 2100 3 1 104 105 55 0 
2300 3450 2 2 0 140 0 150 
1300 1560 3 2 0 140 0 130 
1800 2700 2 1 130 0 110 0 
1000 1100 1 1 130 0 100 0 
1300 1430 2 2 0 84 120 75 
3000 4200 3 2 96 105 65 0 
1600 1920 1 2 110 140 0 0 
2300 2530 3 2 120 150 0 0 
1300 1690 1 2 140 0 100 0 
2300 2530 1 1 120 0 130 0 
1100 1430 2 2 140 120 0 0 
2300 2530 2 1 0 98 96 75 
2200 2860 2 2 0 100 0 150 
3000 4500 3 1 70 75 55 70 
2600 3900 3 2 0 150 0 100 
2800 3920 1 2 120 0 150 0 
2400 3600 1 2 100 110 0 0 
1400 1960 1 2 100 150 0 0 
2900 4350 1 1 100 0 110 0 
1400 1680 1 1 120 150 0 0 
2500 3500 3 1 60 65 50 60 
2600 3640 3 1 0 120 0 140 
1500 1650 2 2 0 100 0 120 
2000 2600 1 2 70 50 50 75 
2900 4350 1 1 150 100 0 0 
1200 1800 2 2 100 0 130 0 
2900 3480 3 2 120 98 75 0 
2500 3000 1 1 0 140 0 100 
1400 1960 1 1 0 0 140 110 
2400 2880 3 2 0 98 88 60 
2200 2420 3 1 120 0 100 0 
2100 2940 2 2 0 0 150 130 
1600 1920 3 2 0 110 0 100 
2900 3480 1 2 55 50 55 50 
2100 2310 3 1 0 105 80 55 
1100 1650 3 2 0 120 0 110 
2300 3450 2 1 88 91 55 0 
1000 1100 3 1 0 0 130 120 
1200 1560 1 1 0 110 0 130 
3000 3900 2 1 96 77 75 0 
2100 2310 3 2 0 0 150 110 
1500 2100 3 1 0 100 0 150 
1300 1560 1 1 0 0 150 110 
2700 3240 2 1 75 50 65 55 
2000 2400 1 1 88 70 50 0 
2300 2760 1 1 0 0 140 110 
2900 3480 2 1 0 0 150 130 
1700 2550 3 1 140 120 0 0 
2900 4060 3 2 0 0 140 100 
1000 1400 1 1 130 0 110 0 
1900 2090 3 1 0 0 150 120 
1100 1320 1 2 104 77 50 0 
2700 2970 1 1 88 84 50 0 
3000 4200 1 1 60 55 75 55 
1600 1920 3 2 88 98 65 0 
2200 3080 2 1 0 77 88 65 
2600 2860 3 2 55 60 55 75 
1400 2100 3 2 65 70 60 75 
3000 4200 3 1 0 0 100 140 
2700 4050 2 2 96 84 70 0 
1800 2700 1 1 96 70 55 0 
1100 1650 3 1 60 65 55 55 
2200 2420 3 2 120 105 50 0 
2100 2310 1 2 150 0 150 0 
1200 1320 1 2 0 110 0 140 
2100 2520 3 2 80 98 55 0 
1900 2470 1 2 120 120 0 0 
2100 3150 1 2 0 91 104 75 
1500 1950 1 2 0 70 120 60 
2600 3380 3 1 100 0 100 0 
1800 2520 3 1 0 110 0 100 
2100 2940 2 2 120 105 50 0 
1100 1430 2 1 110 0 100 0 
2400 3360 2 2 150 150 0 0 
2200 2640 1 1 120 110 0 0 
2200 2860 2 1 50 65 55 60 
2300 2990 1 1 112 105 75 0 
1300 1950 1 2 140 150 0 0 
2400 3600 3 2 112 84 60 0 
1700 2210 1 2 150 0 150 0 
2900 3190 2 2 140 0 140 0 
2900 3480 1 2 80 84 65 0 
1500 2100 1 2 110 0 110 0 
2500 3250 3 2 0 0 120 150 
1900 2090 3 1 120 0 100 0 
2400 3600 1 1 100 130 0 0 
2100 2310 3 1 55 55 75 75 
1600 1920 3 1 65 65 60 50 
2000 2200 3 2 0 98 88 55 
1500 2250 1 1 60 75 50 75 
1400 1820 1 1 0 100 0 110 
2000 2400 1 1 0 77 80 70 
1400 1680 1 1 120 100 0 0 
1200 1440 2 2 0 110 0 130 
1600 1760 2 1 75 60 50 60 
1600 2400 3 2 140 0 150 0 
2900 3190 1 2 0 100 0 120 
1900 2090 3 2 50 75 70 50 
1500 2100 3 2 0 77 120 65 
3000 3300 1 1 65 55 70 55 
1400 1540 2 1 110 0 150 0 
1100 1650 1 1 0 0 100 140 
2100 2940 2 2 0 91 120 65 
1800 2160 2 1 0 0 150 110 
1900 2850 3 1 0 150 0 120 
2100 2520 2 2 150 0 100 0 
1900 2090 1 2 140 0 130 0 
2700 3240 3 1 0 0 140 110 
2400 2640 3 1 100 150 0 0 
2000 3000 2 1 96 77 60 0 
1700 2550 2 2 0 150 0 120 
1900 2850 3 2 100 0 130 0 
2900 4060 3 2 0 70 104 55 
1900 2470 1 1 0 100 0 140 
2700 2970 2 1 0 150 0 110 
2800 3640 3 1 0 0 100 130 
1300 1430 1 2 150 150 0 0 
2900 4350 3 1 120 91 55 0 
1400 1680 1 2 100 110 0 0 
1500 2250 1 1 110 0 110 0 
1600 2080 2 1 50 50 65 55 
2100 3150 3 1 0 0 130 120 
1800 2160 2 2 112 91 50 0 
2600 3120 3 1 0 140 0 140 
2100 2940 1 1 0 150 0 120 
1300 1820 1 1 130 0 150 0 
2900 4350 3 1 110 0 150 0 
1200 1560 2 2 65 50 60 50 
1900 2280 2 1 120 105 75 0 
1000 1200 2 1 0 140 0 130 
2100 2730 2 2 120 0 110 0 
2400 3360 2 1 130 130 0 0 
1400 1680 1 1 110 130 0 0 
2200 2860 2 1 130 120 0 0 
1700 2550 1 2 0 0 100 140 
2100 2520 3 1 75 70 75 50 
1500 2100 2 1 110 100 0 0 
2400 3360 2 2 0 0 100 120 
2600 3380 1 2 140 150 0 0 
1600 1760 3 1 104 70 65 0 
1700 2040 3 2 0 0 110 120 
1500 2250 3 1 0 130 0 120 
1900 2660 1 1 0 130 0 140 
2300 2760 1 2 120 91 75 0 
2600 2860 3 1 55 60 70 65 
2300 2990 2 1 60 75 50 65 
2700 3780 2 2 0 0 110 130 
1900 2090 1 1 140 100 0 0 
2100 3150 2 2 100 0 130 0 
2100 2310 1 1 60 50 55 75 
1000 1100 1 1 0 0 140 130 
1900 2090 2 1 100 0 100 0 
2500 3000 1 2 88 70 60 0 
1400 1540 2 2 112 70 50 0 
1700 2040 1 2 140 0 150 0 
1800 2700 1 1 0 70 112 65 
2000 2600 3 2 0 120 0 150 
1200 1800 3 1 110 0 150 0 
1300 1820 1 2 120 0 110 0 
2600 3120 2 1 140 120 0 0 
2200 2640 1 1 0 0 150 130 
3000 3900 3 1 130 0 140 0 
2200 2640 1 1 88 70 70 0 
2500 3250 1 2 65 60 75 75 
1800 1980 3 2 0 0 150 150 
1700 2380 3 2 0 77 104 50 
1600 2240 1 1 130 0 140 0 
2900 3480 3 2 0 70 80 70 
1400 1540 2 2 0 77 120 65 
1100 1540 2 2 0 0 100 100 
2800 3640 2 2 60 55 55 75 
2500 3750 1 1 120 0 130 0 
2200 2640 1 2 104 105 50 0 
1400 1820 2 1 65 70 50 70 
2800 3360 3 2 96 70 65 0 
2900 4350 3 1 0 0 140 110 
1800 2160 3 2 88 70 50 0 
2500 3000 1 1 0 0 150 120 
1900 2850 1 2 140 0 140 0 
2200 3300 3 1 80 84 55 0 
2300 2530 3 2 130 100 0 0 
2000 2800 2 1 0 91 96 50 
2400 3120 2 2 0 0 150 130 
2300 3220 3 1 70 60 70 60 
1700 2380 2 1 0 91 104 60 
2000 2200 2 1 120 105 55 0 
1300 1560 3 1 0 0 120 130 
1700 2380 2 1 0 105 88 75 
2700 3780 2 2 55 70 60 55 
2900 3770 3 2 80 84 55 0 
1100 1210 3 1 100 0 130 0 
2400 2880 1 1 0 0 110 120 
1400 1960 1 2 88 77 55 0 
2100 3150 3 1 0 0 110 100 
2400 2640 3 1 120 150 0 0 
2900 3770 3 2 0 77 96 65 
2700 3780 3 2 100 0 110 0 
1200 1320 1 2 0 130 0 140 
2700 2970 3 2 0 120 0 130 
2200 2640 2 2 0 0 140 120 
2900 3770 1 1 0 120 0 110 
2500 3250 3 2 0 0 130 130 
1900 2660 1 2 70 50 75 65 
1600 1920 2 2 150 0 110 0 
2600 3900 3 1 0 0 130 110 
2000 2200 3 1 0 0 120 140 
1300 1820 1 1 88 84 55 0 
1500 1800 1 1 55 55 55 50 
2900 3480 1 1 0 0 120 110 
2800 3080 3 2 0 0 140 100 
2100 3150 2 2 0 0 140 120 
1400 2100 2 1 150 120 0 0 
1200 1320 2 1 130 140 0 0 
1700 2040 2 2 0 0 120 140 
2200 2640 2 1 0 77 104 50 
1200 1680 3 2 70 70 75 60 
2700 2970 2 1 80 84 50 0 
1900 2850 2 1 75 50 50 55 
2900 3770 3 1 55 70 55 60 
2600 3380 3 1 110 110 0 0 
1400 1960 3 1 0 84 120 60 
1600 2240 1 2 75 70 75 70 
1200 1680 3 1 0 140 0 110 
1600 2080 1 2 130 0 150 0 
1400 1540 3 1 0 130 0 100 
2300 3220 3 1 0 77 88 55 
2500 3500 2 2 0 150 0 150 
2700 2970 1 1 130 0 110 0 
2400 2880 1 2 120 0 150 0 
1700 2380 2 1 150 110 0 0 
2100 3150 3 2 120 130 0 0 
2500 2750 2 2 0 98 112 75 
3000 3300 1 1 100 0 130 0 
2600 3380 2 1 80 84 55 0 
2400 3600 1 1 0 120 0 110 
2300 3450 2 1 75 75 50 65 
1900 2660 1 1 110 130 0 0 
2800 4200 1 2 130 100 0 0 
2900 4350 3 2 0 100 0 150 
2300 2760 2 1 110 0 140 0 
2700 3780 3 1 100 0 120 0 
2000 3000 2 2 0 70 88 75 
1600 2400 1 1 0 0 150 140 
1500 2100 1 1 0 120 0 120 
2300 2990 3 2 0 98 120 75 
1100 1430 2 1 0 150 0 100 
2600 3380 2 1 0 77 104 65 
2900 3480 3 2 0 110 0 150 
2200 2640 2 2 130 110 0 0 
1500 1800 1 1 70 55 75 75 
2400 3360 3 1 0 150 0 140 
2600 2860 1 2 0 105 96 50 
2600 3640 1 2 70 70 50 55 
1200 1560 3 1 0 130 0 110 
2200 3300 3 2 96 70 65 0 
1200 1680 2 1 100 0 120 0 
1500 1800 2 2 100 150 0 0 
1100 1540 3 1 120 140 0 0 
1400 1820 2 1 0 77 96 50 
1600 2240 2 1 0 98 80 65 
2900 3770 1 1 0 98 112 55 
2800 4200 3 1 0 120 0 110 
2500 3000 1 1 104 70 50 0 
2600 2860 2 2 70 65 65 75 
2600 3120 1 2 55 75 60 60 
2000 2200 3 1 0 0 110 130 
2500 3000 1 1 0 0 130 110 
1600 2240 1 1 0 0 110 140 
3000 3900 2 2 110 100 0 0 
2300 2760 3 2 0 105 104 55 
2000 2800 1 1 0 0 130 140 
1500 2100 3 1 0 0 110 140 
1500 1650 1 1 112 77 65 0 
1600 2400 1 2 150 100 0 0 
1800 2340 2 2 80 91 50 0 
2400 3360 2 2 0 130 0 140 
1900 2090 1 2 120 0 140 0 
1100 1430 3 1 0 91 112 60 
1000 1500 1 1 110 150 0 0 
2300 2760 2 2 60 65 55 55 
1100 1430 2 1 120 98 65 0 
2300 3220 3 1 100 140 0 0 
2000 2200 2 1 88 77 75 0 
3000 4500 1 2 50 75 50 65 
2300 3220 2 1 0 91 96 65 
1900 2470 2 2 0 140 0 130 
1300 1430 2 1 88 70 65 0 
1900 2660 3 2 0 100 0 130 
2500 3500 3 2 0 0 120 130 
1000 1500 3 2 55 70 50 70 
2700 4050 2 2 120 100 0 0 
2800 3920 3 2 120 140 0 0 
2300 3220 2 2 0 150 0 120 
1800 1980 2 1 75 55 75 70 
2600 3380 1 1 70 60 70 65 
1700 1870 2 1 150 120 0 0 
2300 2530 3 1 100 130 0 0 
1600 2400 2 1 0 70 80 55 
1800 2700 1 2 65 75 70 75 
3000 3600 3 2 120 105 65 0 
3000 3900 1 1 80 91 65 0 
1600 2080 3 2 140 0 110 0 
2500 3250 1 2 0 0 100 120 
1900 2660 1 1 120 98 65 0 
1600 2400 1 1 0 130 0 110 
1600 2240 2 2 65 55 50 60 
1100 1540 2 1 88 70 70 0 
2200 2640 2 2 100 0 110 0 
2800 4200 1 1 0 70 120 75 
1700 1870 1 2 88 84 50 0 
2800 4200 1 1 112 84 55 0 
1500 2250 3 2 0 0 120 110 
1300 1430 1 2 110 0 110 0 
2500 3250 3 2 96 105 65 0 
1000 1100 1 1 150 0 150 0 
3000 3900 3 1 110 140 0 0 
2500 2750 2 1 130 140 0 0 
2400 2880 2 1 130 0 120 0 
2700 3780 3 1 120 130 0 0 
1100 1650 2 2 120 91 70 0 
1400 1540 1 2 70 70 70 50 
2000 2800 3 1 96 84 55 0 
2400 3600 3 2 110 0 100 0 
2200 3080 2 1 120 100 0 0 
1600 1920 2 1 0 84 80 65 
2300 3450 3 2 50 50 75 70 
1400 2100 2 1 88 77 55 0 
2000 2400 2 2 0 91 104 75 
2000 2600 3 1 0 98 104 50 
1900 2280 1 1 104 77 55 0 
1000 1500 2 2 0 100 0 120 
1300 1690 2 1 55 65 50 70 
1800 1980 3 2 0 105 88 75 
1200 1680 2 1 0 110 0 130 
1000 1400 3 2 0 77 88 75 
2400 2640 1 1 0 91 120 65 
1800 1980 3 1 60 55 60 60 
2700 3510 3 2 88 70 65 0 
2300 2530 2 2 0 110 0 130 
2800 3640 2 2 55 75 65 70 
1900 2470 3 2 80 98 75 0 
1600 2240 1 1 0 84 120 60 
2900 4060 1 1 0 120 0 120 
2400 2880 1 1 130 110 0 0 
2700 3240 3 2 0 0 120 110 
1900 2850 2 1 150 0 130 0 
2700 2970 2 2 0 150 0 140 
2800 3920 3 1 112 98 60 0 
2500 3750 1 2 0 98 112 60 
2500 3000 1 1 0 105 88 55 
1900 2470 1 1 150 0 140 0 
1200 1320 3 2 150 0 150 0 
1700 2040 3 1 0 0 110 100 
1400 1820 3 1 70 55 60 65 
2900 4060 3 2 0 84 96 50 
2100 3150 2 2 0 110 0 130 
1700 2550 2 2 96 84 50 0 
1800 2700 2 1 0 98 112 50 
2700 3780 1 2 55 70 75 65 
1900 2660 1 2 65 55 75 70 
1500 1800 3 2 0 110 0 100 
2000 2600 1 2 130 140 0 0 
1100 1540 1 2 0 100 0 100 
2400 2880 2 1 0 140 0 150 
1300 1950 1 2 65 70 60 65 
2600 3380 3 1 150 0 120 0 
1200 1680 1 1 0 120 0 120 
1500 1950 2 1 70 70 70 65 
2100 2520 1 1 0 84 104 50 
