64
64000
2 3 4
0
2900 4350 1 1 130 110 0 0 
2900 3190 3 1 110 150 0 0 
2300 3220 1 1 0 100 0 140 
1100 1430 2 1 80 70 70 0 
1300 1690 3 1 0 0 140 150 
3000 4500 1 1 130 0 150 0 
2600 3380 2 1 120 150 0 0 
2100 2730 2 1 0 105 88 65 
1300 1560 2 2 65 55 50 75 
1800 1980 3 1 120 84 65 0 
1000 1200 3 1 60 65 70 65 
1300 1820 3 2 140 150 0 0 
1500 2250 2 2 112 98 75 0 
1200 1320 2 1 110 120 0 0 
3000 3600 3 1 110 110 0 0 
1800 2340 2 1 0 0 150 140 
2000 2600 3 2 0 91 112 60 
1800 2340 3 1 0 0 120 100 
1200 1320 1 2 80 70 60 0 
2400 3360 3 2 88 84 75 0 
1800 2520 1 2 0 70 88 50 
1900 2850 3 2 80 105 50 0 
2200 2860 3 2 104 70 55 0 
1400 1820 2 1 130 0 120 0 
1100 1650 2 1 0 84 96 65 
1100 1210 3 1 96 91 70 0 
2800 3360 1 1 150 120 0 0 
2900 3190 2 1 0 98 96 50 
2300 2530 1 2 120 105 70 0 
1400 1820 3 2 55 75 75 75 
1800 2520 3 1 110 0 110 0 
1000 1200 1 2 80 77 75 0 
1000 1400 1 1 140 140 0 0 
2600 3120 3 1 88 91 50 0 
1400 1540 2 1 0 84 80 50 
2500 2750 3 2 0 120 0 130 
2200 2860 1 1 0 77 80 75 
1700 2380 1 2 0 77 80 65 
2000 2800 1 1 0 105 112 75 
2800 3360 3 2 0 0 130 120 
2400 2640 1 1 120 98 65 0 
2500 3750 2 1 0 84 88 75 
1800 2700 1 2 104 105 65 0 
1300 1820 1 1 120 105 75 0 
2200 2420 1 1 120 140 0 0 
2300 2990 3 1 88 84 50 0 
1700 2210 3 2 140 130 0 0 
2100 3150 2 1 65 60 50 70 
3000 3300 1 2 96 98 65 0 
2400 3120 2 1 55 60 75 60 
1000 1300 2 2 0 105 120 60 
2400 2640 2 2 55 75 75 70 
1000 1300 2 1 0 0 120 120 
1400 1540 1 1 140 140 0 0 
1700 2210 1 2 140 110 0 0 
1000 1300 3 2 0 105 80 70 
2600 3380 3 1 0 0 130 120 
2100 2310 1 1 0 84 80 60 
2300 2530 2 1 130 120 0 0 
2800 3360 2 1 130 100 0 0 
1300 1430 2 1 60 75 55 65 
1600 1760 2 1 0 0 120 150 
2600 3640 3 1 112 105 70 0 
3000 3300 3 2 0 0 130 110 
