64
64000
2 3 4
3
0 1 6 160 6 6
14 57 35 29 23 25
1 1 7 140 5 7
8 43 26 38 39 54 47
2 1 2 200 2 2
17 51
1000 1500 2 2 150 0 140 0 
2200 3080 1 1 0 0 120 100 
2300 2530 1 2 70 70 70 70 
1800 2160 1 1 75 70 70 50 
1600 2240 3 1 96 70 50 0 
2600 2860 2 2 150 0 140 0 
1500 2100 3 1 0 140 0 100 
1400 2100 1 1 120 0 150 0 
2700 3240 2 2 0 100 0 110 
2800 4200 2 1 70 75 60 65 
1100 1320 1 2 0 120 0 140 
2300 2990 3 2 150 110 0 0 
1300 1690 2 2 60 60 55 60 
2700 2970 1 1 120 70 70 0 
2600 3900 3 1 140 100 0 0 
1000 1200 3 2 140 140 0 0 
1100 1320 1 2 120 0 150 0 
2300 2760 1 2 96 105 50 0 
2700 4050 3 1 110 0 140 0 
2600 3640 1 1 50 55 50 55 
2600 2860 2 2 0 100 0 130 
2000 2800 3 2 120 0 150 0 
2200 2420 2 2 0 120 0 100 
3000 3300 3 2 96 98 65 0 
3000 4200 2 2 0 0 130 140 
2800 3080 3 2 0 0 110 110 
1700 2040 1 1 0 91 88 60 
1800 2340 1 1 0 0 150 140 
2000 2600 3 2 96 98 60 0 
2300 2990 2 2 150 0 120 0 
1500 1950 2 1 150 100 0 0 
2800 3360 1 2 96 77 55 0 
2700 3240 3 1 75 55 60 50 
2500 3000 3 1 0 110 0 100 
1500 1950 2 2 100 0 130 0 
2100 2520 3 1 112 98 75 0 
1300 1950 1 2 140 150 0 0 
1400 1960 3 1 110 100 0 0 
2200 2640 2 1 120 70 75 0 
3000 3300 1 1 70 70 50 65 
1600 1920 2 2 0 77 112 75 
2400 3360 2 2 88 105 75 0 
2100 2730 2 1 150 150 0 0 
1700 2210 3 2 0 120 0 130 
2000 2400 1 1 110 0 150 0 
1500 2100 1 1 110 0 150 0 
1700 2040 1 2 88 91 75 0 
3000 3900 2 1 0 0 120 120 
1800 2700 1 2 50 50 55 70 
1500 1950 1 2 100 0 150 0 
1700 2210 1 1 50 65 60 65 
2500 3250 1 2 0 130 0 120 
1500 2250 2 1 0 0 150 150 
2000 3000 2 1 0 0 150 130 
1500 2250 1 1 0 0 110 110 
1800 2160 1 1 150 120 0 0 
2100 2520 2 1 0 140 0 120 
2700 3240 1 1 0 77 88 65 
2200 3300 3 2 110 100 0 0 
1100 1540 2 1 110 110 0 0 
1800 1980 3 1 110 0 140 0 
2900 3770 2 1 112 98 65 0 
1400 2100 3 1 110 140 0 0 
2500 3750 2 2 0 98 120 60 
