64
64000
2 3 4
3
0 1 2 110 2 2
42 59
1 1 8 220 3 6
14 6 62 27 20 42 54 46
2 1 4 290 2 4
36 1 63 23
1200 1440 3 1 0 98 120 75 
2900 4350 2 1 0 130 0 140 
2100 2940 2 2 0 105 120 50 
1300 1560 2 1 60 75 70 75 
2900 4350 3 1 100 100 0 0 
1200 1560 2 2 0 105 88 65 
2100 2730 1 2 110 140 0 0 
1800 1980 1 1 0 0 120 130 
2200 3300 2 2 0 0 100 120 
2900 3480 2 2 120 0 130 0 
1800 2520 1 1 55 50 70 70 
2200 2860 3 2 50 55 60 70 
2900 3190 3 2 150 110 0 0 
1300 1820 1 2 0 0 120 110 
2300 2760 1 1 96 98 50 0 
1900 2850 3 1 112 105 55 0 
2300 3450 1 1 0 105 96 75 
1700 1870 1 2 130 0 120 0 
1700 2210 3 1 100 120 0 0 
2000 2600 1 2 110 0 130 0 
1500 1650 2 2 140 0 120 0 
2100 3150 2 2 0 84 104 70 
1700 2550 1 1 0 110 0 140 
2400 3120 1 1 130 150 0 0 
2200 3080 3 2 0 0 120 120 
2300 3450 3 2 120 91 55 0 
1900 2280 2 1 0 70 80 60 
2100 2730 3 1 130 140 0 0 
1500 1950 1 2 88 98 55 0 
2300 3450 1 2 65 50 65 50 
1200 1560 3 2 0 140 0 140 
2200 2860 1 1 120 98 65 0 
2500 3000 1 1 104 98 55 0 
2200 2420 1 2 65 65 70 65 
2500 3250 2 2 140 0 110 0 
2900 4350 1 2 0 0 140 150 
1900 2090 2 2 0 105 112 60 
2800 3920 2 1 0 140 0 110 
1100 1430 3 2 120 0 130 0 
1500 1800 2 1 120 0 100 0 
2600 2860 1 2 96 98 65 0 
1700 2210 3 2 0 0 100 140 
1800 2520 1 2 120 98 70 0 
2000 2800 1 2 0 105 96 75 
1700 2210 1 1 0 110 0 130 
2200 2420 2 2 110 0 130 0 
1600 1920 1 1 140 0 100 0 
2700 3240 2 1 130 100 0 0 
2000 2400 3 2 110 140 0 0 
1000 1200 1 1 88 84 50 0 
1800 1980 2 1 0 130 0 100 
1100 1650 3 2 100 0 110 0 
1000 1200 2 2 88 98 60 0 
2600 3380 2 1 88 77 60 0 
2800 3080 1 1 0 0 100 100 
1600 2080 3 2 0 0 100 150 
1600 1920 1 1 0 0 150 120 
2000 2800 2 2 0 0 130 140 
1900 2280 1 1 75 50 55 60 
2200 2860 1 2 0 77 120 50 
1100 1210 2 1 0 0 110 100 
2600 3380 1 1 120 110 0 0 
1500 1800 1 2 0 0 140 150 
2100 3150 2 2 55 75 50 55 
