30
750000000
23  14  11  14  11  7  9  7  4 
50000000  2  2  15000  0  0  0  0  60000  24000  0  0  
49500000  1  2  15000  0  0  0  45000  0  6000  0  0  
49000000  3  1  5000  0  0  15000  0  0  0  6000  0  
48500000  1  2  5000  0  0  0  0  45000  24000  0  0  
48000000  1  1  0  0  5000  30000  0  0  54000  0  0  
47500000  3  1  0  5000  0  0  15000  0  54000  0  0  
47000000  3  1  0  0  30000  0  15000  0  0  0  18000  
46500000  2  2  20000  0  0  0  0  15000  0  0  12000  
46000000  1  1  0  0  35000  0  60000  0  48000  0  0  
45500000  2  2  20000  0  0  0  45000  0  0  48000  0  
45000000  3  2  50000  0  0  0  0  45000  18000  0  0  
44500000  3  1  0  45000  0  0  0  30000  0  0  30000  
44000000  3  1  0  0  45000  0  15000  0  0  60000  0  
43500000  3  1  0  15000  0  0  30000  0  12000  0  0  
43000000  1  1  40000  0  0  60000  0  0  0  0  60000  
42500000  1  1  0  0  40000  0  0  15000  0  30000  0  
42000000  3  1  30000  0  0  60000  0  0  12000  0  0  
41500000  1  1  0  15000  0  0  0  60000  0  0  6000  
41000000  3  2  0  20000  0  0  0  45000  0  54000  0  
40500000  3  1  0  40000  0  0  60000  0  24000  0  0  
40000000  3  1  0  25000  0  15000  0  0  0  0  6000  
39500000  1  1  10000  0  0  0  30000  0  0  0  42000  
39000000  1  2  0  25000  0  45000  0  0  0  12000  0  
38500000  2  1  0  0  10000  15000  0  0  0  42000  0  
38000000  3  2  0  5000  0  0  0  45000  0  24000  0  
37500000  1  2  0  5000  0  0  0  45000  0  48000  0  
37000000  1  2  0  5000  0  45000  0  0  12000  0  0  
36500000  1  2  0  5000  0  0  60000  0  6000  0  0  
36000000  2  1  25000  0  0  60000  0  0  0  0  54000  
35500000  2  2  0  15000  0  0  45000  0  0  0  42000  
