1 1 7.0 11.0 16.0 142
2 3 12.0 19.0 59.0 145
3 1 7.0 18.0 25.0 43
4 3 16.0 23.0 52.0 70
5 4 8.0 11.0 16.0 53
6 1 1.0 10.0 13.0 51
7 1 1.0 20.0 40.0 89
8 1 7.0 15.0 36.0 74
9 7 18.0 32.0 75.0 124
10 1 1.0 6.0 20.0 32
11 1 2.0 6.0 10.0 15
12 1 1.0 4.0 23.0 40
13 2 9.0 29.0 66.0 124
14 1 13.0 20.0 60.0 92
15 3 9.0 41.0 54.0 93
16 2 22.0 45.0 70.0 119
17 1 12.0 19.0 40.0 70
18 1 9.0 14.0 23.0 35
19 1 4.0 6.0 13.0 28
20 1 2.0 6.0 27.0 36
21 1 4.0 8.0 11.0 19
22 1 51.0 56.0 86.0 388
23 1 36.0 50.0 130.0 262
24 19 35.0 83.0 102.0 223
25 3 13.0 31.0 72.0 165
26 3 12.0 13.0 65.0 111
27 1 4.0 14.0 21.0 47
28 1 14.0 79.0 162.0 184
29 1 1.0 23.0 57.0 186
30 1 1.0 58.0 67.0 121
31 1 55.0 82.0 173.0 267
32 1 2.0 22.0 128.0 380
33 1 1.0 13.0 19.0 45
