1 1 10.0 21.0 35.0 93
2 1 11.0 25.0 64.0 87
3 1 9.0 18.0 52.0 99
4 4 15.0 24.0 43.0 109
5 4 10.0 16.0 26.0 38
6 1 3.0 11.0 17.0 56
7 3 27.0 34.0 55.0 86
8 3 14.0 28.0 51.0 167
9 2 11.0 39.0 97.0 127
10 1 2.0 7.0 14.0 24
11 2 9.0 13.0 24.0 33
12 3 6.0 13.0 19.0 29
13 1 8.0 11.0 26.0 106
14 1 1.0 2.0 7.0 87
15 1 7.0 10.0 16.0 80
16 1 2.0 18.0 38.0 63
17 1 8.0 19.0 35.0 58
18 4 8.0 13.0 26.0 102
19 1 18.0 28.0 37.0 55
20 1 1.0 8.0 17.0 30
21 1 12.0 26.0 32.0 57
22 6 26.0 71.0 109.0 197
23 1 1.0 26.0 92.0 124
24 24 38.0 77.0 100.0 234
25 5 10.0 19.0 29.0 97
26 3 5.0 9.0 33.0 107
27 1 2.0 7.0 36.0 45
28 2 11.0 94.0 103.0 176
29 1 8.0 18.0 84.0 177
30 1 17.0 128.0 185.0 369
31 1 15.0 93.0 132.0 268
32 1 46.0 60.0 162.0 221
33 1 20.0 30.0 38.0 49
