1 1 9.0 18.0 62.5 100
2 1 15.5 38.0 56.5 79
3 1 5.0 15.0 23.0 72
4 1 5.0 11.0 30.5 100
5 1 4.0 23.0 42.5 142
6 1 7.5 19.0 42.0 90
7 1 4.5 13.0 29.5 77
8 1 8.0 23.0 40.0 71
9 3 6.5 13.0 23.5 95
10 1 3.0 7.0 14.0 26
11 1 13.0 17.0 32.0 60
12 1 1.0 4.0 10.0 25
13 1 4.0 18.0 41.5 71
14 1 15.5 23.0 37.0 104
15 1 4.5 29.0 68.5 119
16 1 4.0 12.0 30.5 64
17 1 11.5 25.0 38.0 87
18 1 8.5 27.0 51.0 103
19 2 10.5 13.0 28.5 49
20 1 2.0 5.0 12.0 89
21 1 2.5 8.0 15.5 36
22 1 36.0 67.0 126.5 189
23 1 37.0 111.0 179.5 241
24 1 11.5 51.0 77.5 262
25 2 9.0 16.0 36.5 111
26 1 17.0 32.0 52.5 125
27 2 11.5 30.0 50.0 64
28 1 1.0 12.0 54.0 151
29 1 2.5 4.0 42.5 143
30 1 60.0 106.0 219.0 400
31 1 60.5 81.0 115.0 335
32 1 22.0 57.0 106.0 172
33 1 4.0 23.0 42.0 211
