100
250000
23  14  11  14  11  7  9  7  4 
5000 1   1  0  20000  0  0  0  30000  0  36000  0  
4975 3   1  0  0  20000  60000  0  0  0  0  60000  
4950 2   2  10000  0  0  0  30000  0  0  42000  0  
4925 3   1  0  35000  0  0  45000  0  0  0  48000  
4900 2   2  40000  0  0  60000  0  0  48000  0  0  
4875 3   2  25000  0  0  30000  0  0  0  0  18000  
4850 2   1  0  0  15000  60000  0  0  0  0  24000  
4825 2   1  0  10000  0  0  45000  0  0  48000  0  
4800 1   1  0  0  5000  30000  0  0  48000  0  0  
4775 2   1  0  0  50000  0  0  30000  0  0  6000  
4750 1   2  0  25000  0  0  0  45000  0  0  54000  
4725 1   1  5000  0  0  15000  0  0  0  54000  0  
4700 3   1  0  0  35000  30000  0  0  0  6000  0  
4675 1   1  0  45000  0  0  30000  0  0  12000  0  
4650 1   1  0  50000  0  0  0  15000  0  30000  0  
4625 1   2  0  30000  0  0  30000  0  0  6000  0  
4600 2   1  0  40000  0  45000  0  0  6000  0  0  
4575 1   2  20000  0  0  0  15000  0  30000  0  0  
4550 2   1  0  35000  0  60000  0  0  0  6000  0  
4525 2   1  0  0  5000  0  45000  0  18000  0  0  
4500 1   1  30000  0  0  0  45000  0  0  0  6000  
4475 2   2  10000  0  0  0  0  45000  0  24000  0  
4450 3   2  0  45000  0  0  30000  0  12000  0  0  
4425 3   2  0  45000  0  60000  0  0  36000  0  0  
4400 1   1  0  0  45000  0  30000  0  0  42000  0  
4375 2   1  0  25000  0  0  45000  0  0  12000  0  
4350 1   2  0  35000  0  0  0  45000  0  0  60000  
4325 3   2  40000  0  0  60000  0  0  36000  0  0  
4300 2   2  0  0  35000  15000  0  0  0  0  48000  
4275 2   1  40000  0  0  0  0  15000  30000  0  0  
4250 3   1  0  20000  0  0  0  15000  0  12000  0  
4225 3   2  0  50000  0  15000  0  0  36000  0  0  
4200 1   1  0  45000  0  45000  0  0  6000  0  0  
4175 1   1  5000  0  0  45000  0  0  0  0  6000  
4150 2   1  0  5000  0  0  45000  0  0  48000  0  
4125 2   2  0  35000  0  0  45000  0  0  54000  0  
4100 1   2  30000  0  0  30000  0  0  18000  0  0  
4075 1   2  0  30000  0  0  0  15000  6000  0  0  
4050 1   2  30000  0  0  0  0  30000  0  54000  0  
4025 1   1  0  20000  0  0  0  60000  0  0  42000  
4000 3   1  0  0  15000  0  0  60000  0  54000  0  
3975 1   2  0  0  15000  0  30000  0  0  60000  0  
3950 3   1  0  40000  0  15000  0  0  0  6000  0  
3925 1   2  0  0  35000  0  0  30000  0  18000  0  
3900 3   2  0  20000  0  0  0  45000  0  0  30000  
3875 1   2  0  10000  0  15000  0  0  42000  0  0  
3850 3   2  0  0  35000  30000  0  0  0  30000  0  
3825 1   1  0  10000  0  0  15000  0  0  54000  0  
3800 2   1  0  0  5000  0  0  15000  0  0  24000  
3775 3   2  0  0  20000  0  60000  0  24000  0  0  
3750 3   2  0  45000  0  0  60000  0  24000  0  0  
3725 1   2  0  0  20000  0  0  60000  0  0  36000  
3700 2   1  0  25000  0  15000  0  0  30000  0  0  
3675 2   1  45000  0  0  0  0  60000 30000  0  0  
3650 3   2  40000  0  0  60000  0  0  0  18000  0  
3625 3   1  0  20000  0  0  0  45000  30000  0  0  
3600 3   2  0  15000  0  30000  0  0  0  48000  0  
3575 3   1  0  40000  0  0  0  15000  0  0  18000  
3550 2   2  0  20000  0  0  45000  0  0  36000  0  
3525 3   1  0  40000  0  45000  0  0  0  30000  0  
3500 3   1  0  5000  0  0  45000  0  54000  0  0  
3475 2   1  0  15000  0  0  30000  0  18000  0  0  
3450 1   2  0  0  5000  0  0  15000  0  24000  0  
3425 2   1  0  0  40000  0  60000  0  0  6000  0  
3400 2   2  0  50000  0  0  45000  0  48000  0  0  
3375 2   1  0  25000  0  45000  0  0  42000  0  0  
3350 3   2  0  0  40000  60000  0  0  42000  0  0  
3325 2   2  0  0  5000  30000  0  0  0  0  30000  
3300 1   1  0  20000  0  15000  0  0  54000  0  0  
3275 1   2  15000  0  0  0  60000  0  0  12000  0  
3250 2   1  0  10000  0  60000  0  0  0  6000  0  
3225 2   1  0  10000  0  0  45000  0  36000  0  0  
3200 2   1  0  40000  0  0  15000  0  0  0  12000  
3175 2   2  0  25000  0  0  0  15000  0  18000  0  
3150 3   1  0  30000  0  0  30000  0  0  0  36000  
3125 1   1  5000  0  0  0  30000  0  0  18000  0  
3100 2   1  0  0  35000  0  15000  0  0  0  60000  
3075 1   2  0  35000  0  0  45000  0  18000  0  0  
3050 3   2  0  10000  0  15000  0  0  12000  0  0  
3025 1   1  50000  0  0  0  60000  0  36000  0  0  
3000 2   2  0  5000  0  0  60000  0  12000  0  0  
2975 2   2  15000  0  0  0  30000  0  12000  0  0  
2950 3   1  0  0  50000  0  0  45000  0  48000  0  
2925 3   2  5000  0  0  0  0  45000  0  54000  0  
2900 1   1  0  0  10000  0  45000  0  0  48000  0  
2875 1   2  0  0  35000  30000  0  0  0  18000  0  
2850 1   1  0  35000  0  30000  0  0  12000  0  0  
2825 3   1  0  0  20000  15000  0  0  0  0  12000  
2800 2   1  10000  0  0  15000  0  0  0  42000  0  
2775 1   1  0  0  35000  15000  0  0  0  54000  0  
2750 2   1  0  0  5000  15000  0  0  0  24000  0  
2725 3   1  0  0  5000  60000  0  0  0  0  36000  
2700 3   2  30000  0  0  30000  0  0  30000  0  0  
2675 1   2  0  0  5000  60000  0  0  0  60000  0  
2650 1   2  0  0  25000  0  60000  0  0  0  48000  
2625 1   1  15000  0  0  15000  0  0  0  0  6000  
2600 2   2  45000  0  0  0  0  30000  0  0  60000  
2575 3   1  0  45000  0  0  30000  0  0  0  54000  
2550 3   1  0  0  30000  0  30000  0  54000  0  0  
2525 3   1  0  50000  0  0  0  15000  60000  0  0  
