30
750000000
23  14  11  14  11  7  9  7  4 
50000000  1  1  0  0  10000  0  0  7500  0  36000  0 
49500000  3  1  0  0  25000  0  7500  0  0  0  60000  
49000000  3  2  0  35000  0  15000  0  0  0  12000  0  
48500000  3  1  45000  0  0  0  3000  0  0  0  24000  
48000000  1  2  25000  0  0  0  1500  0  0  12000  0  
47500000  2  2  0  0  40000  0  13500  0  0  0  6000  
47000000  3  1  0  30000  0  7500  0  0  0  30000  0  
46500000  3  1  5000  0  0  3000  0  0  36000  0  0  
46000000  3  2  0  45000  0  1500  0  0  0  30000  0  
45500000  2  1  0  25000  0  0  3000  0  24000  0  0  
45000000  2  2  0  30000  0  12000  0  0  0  0  30000  
44500000  2  1  0  0  20000  0  0  6000  6000  0  0  
44000000  3  2  40000  0  0  3000  0  0  60000  0  0  
43500000  1  2  15000  0  0  0  7500  0  0  60000  0  
43000000  2  1  0  30000  0  0  0  4500  0  0  54000  
42500000  2  1  0  0  45000  0  6000  0  0  18000  0  
42000000  2  1  0  0  35000  0  10500  0  48000  0  0  
41500000  1  1  5000  0  0  13500  0  0  0  54000  0  
41000000  2  2  35000  0  0  0  12000  0  0  18000  0  
40500000  1  1  0  30000  0  0  0  7500  0  0  18000  
40000000  3  2  0  0  20000  3000  0  0  0  0  12000  
39500000  3  2  0  0  35000  0  7500  0  0  6000  0  
39000000  2  2  45000  0  0  13500  0  0  0  0  48000  
38500000  1  2  0  5000  0  0  1500  0  12000  0  0  
38000000  1  1  0  45000  0  0  12000  0  18000  0  0  
37500000  3  2  0  10000  0  0  3000  0  0  0  24000  
37000000  1  2  35000  0  0  6000  0  0  6000  0  0  
36500000  3  1  25000  0  0  0  3000  0  0  0  18000  
36000000  1  2  15000  0  0  0  15000  0  0  48000  0  
35500000  2  1  25000  0  0  0  0  4500  0  12000  0  
