20
500000000
45 25 25 5 
50000000  2  2  50000  0  15000  0  
49750000  1  1  0  40000  30000  0  
49500000  2  2  10000  0  0  60000  
49250000  1  2  0  25000  0  45000  
49000000  1  1  15000  0  15000  0  
48750000  2  1  0  40000  0  15000  
48500000  2  1  0  30000  60000  0  
48250000  1  1  0  30000  0  60000  
48000000  3  2  0  5000  0  15000  
47750000  1  1  15000  0  0  30000  
47500000  2  2  0  10000  30000  0  
47250000  3  2  0  45000  30000  0  
47000000  3  1  0  20000  15000  0  
46750000  1  2  5000  0  60000  0  
46500000  1  1  0  35000  45000  0  
46250000  3  1  45000  0  0  45000  
46000000  3  1  50000  0  30000  0  
45750000  2  1  10000  0  30000  0  
45500000  2  2  30000  0  0  30000  
45250000  2  2  15000  0  15000  0  
